Year	4		9		14		19		24		29		34		39		44		49		54		59		64		69		74		79		100	
1950	2088 	1706 	1485 	1340 	1183 	1040 	960 	835 	725 	589 	502 	415 	324 	228 	148 	77 		37 
1951	2173 	1757 	1516 	1361 	1207 	1055 	969 	850 	738 	602 	506 	420 	330 	234 	152 	83 		42 
1952	2264 	1807 	1552 	1383 	1232 	1075 	975 	867 	750 	619 	510 	425 	335 	240 	156 	88 		46 
1953	2347 	1854 	1596 	1407 	1259 	1099 	982 	887 	761 	639 	516 	431 	341 	246 	160 	92 		50 
1954	2421 	1901 	1644 	1435 	1287 	1126 	993 	906 	775 	658 	525 	437 	347 	253 	164 	95 		54 
1955	2495 	1947 	1690 	1469 	1315 	1154 	1008 	922 	791 	676 	537 	444 	353 	260 	168 	97 		57 
1956	2595 	2017 	1728 	1500 	1336 	1178 	1023 	931 	806 	689 	550 	448 	358 	265 	173 	102 	62 
1957	2668 	2098 	1769 	1539 	1359 	1203 	1044 	939 	824 	701 	567 	453 	363 	270 	179 	105 	67 
1958	2725 	2186 	1815 	1582 	1383 	1231 	1069 	947 	844 	713 	586 	459 	369 	276 	184 	108 	72 
1959	2778 	2274 	1868 	1627 	1411 	1258 	1095 	957 	863 	726 	604 	468 	375 	281 	190 	110 	75 
1960	2840 	2352 	1931 	1673 	1443 	1285 	1122 	973 	879 	743 	621 	480 	382 	287 	195 	113 	77 
1961	2911 	2445 	1998 	1714 	1478 	1310 	1147 	989 	889 	757 	636 	494 	387 	293 	200 	119 	83 
1962	2975 	2534 	2078 	1754 	1519 	1334 	1175 	1010 	898 	774 	648 	512 	394 	299 	205 	124 	88 
1963	3038 	2617 	2170 	1797 	1563 	1360 	1203 	1035 	906 	794 	658 	533 	401 	305 	211 	128 	92 
1964	3105 	2690 	2265 	1847 	1606 	1388 	1231 	1061 	916 	812 	669 	552 	410 	311 	216 	132 	96 
1965	3179 	2756 	2356 	1907 	1648 	1420 	1257 	1088 	931 	827 	681 	568 	423 	318 	221 	135 	98 
1966	3260 	2830 	2439 	1983 	1693 	1458 	1284 	1114 	948 	837 	693 	574 	431 	318 	222 	136 	104 
1967	3350 	2898 	2515 	2069 	1736 	1501 	1311 	1142 	969 	845 	708 	578 	441 	317 	221 	136 	108 
1968	3448 	2960 	2588 	2159 	1780 	1547 	1338 	1170 	993 	852 	725 	582 	452 	317 	221 	135 	108 
1969	3548 	3021 	2660 	2250 	1832 	1593 	1369 	1200 	1019 	862 	742 	588 	463 	319 	220 	134 	106 
1970	3651 	3086 	2729 	2336 	1896 	1640 	1405 	1230 	1047 	878 	757 	599 	473 	324 	219 	132 	100 
1971	3771 	3166 	2792 	2417 	1970 	1683 	1442 	1256 	1072 	893 	766 	609 	478 	332 	220 	134 	105 
1972	3877 	3258 	2855 	2496 	2056 	1727 	1486 	1283 	1100 	914 	774 	624 	482 	341 	221 	135 	108 
1973	3971 	3358 	2919 	2572 	2149 	1773 	1534 	1312 	1130 	939 	783 	641 	486 	351 	222 	135 	109 
1974	4059 	3461 	2986 	2643 	2241 	1828 	1582 	1345 	1160 	965 	794 	658 	493 	360 	224 	135 	107 
1975	4142 	3558 	3060 	2711 	2326 	1893 	1629 	1382 	1190 	993 	809 	672 	503 	367 	227 	134 	102 
1976	4233 	3662 	3140 	2772 	2402 	1961 	1669 	1416 	1215 	1017 	824 	680 	513 	373 	234 	136 	107 
1977	4305 	3765 	3230 	2830 	2474 	2039 	1707 	1456 	1240 	1042 	843 	688 	526 	376 	242 	137 	110 
1978	4367 	3864 	3327 	2890 	2542 	2123 	1747 	1499 	1266 	1069 	865 	695 	541 	380 	250 	138 	111 
1979	4430 	3959 	3428 	2956 	2609 	2208 	1796 	1542 	1295 	1097 	889 	705 	555 	386 	256 	140 	110 
1980	4505 	4047 	3530 	3032 	2675 	2289 	1856 	1585 	1329 	1125 	915 	720 	568 	394 	261 	142 	106 
1981	4575 	4138 	3631 	3118 	2743 	2369 	1927 	1628 	1366 	1152 	940 	736 	577 	405 	267 	148 	111 
1982	4661 	4220 	3733 	3212 	2808 	2447 	2009 	1669 	1408 	1178 	966 	755 	586 	418 	271 	155 	115 
1983	4754 	4293 	3835 	3311 	2873 	2522 	2098 	1714 	1453 	1206 	995 	778 	594 	431 	275 	161 	117 
1984	4841 	4359 	3931 	3412 	2942 	2594 	2186 	1766 	1499 	1238 	1023 	802 	605 	444 	280 	165 	118 
1985	4912 	4422 	4018 	3511 	3018 	2663 	2270 	1828 	1543 	1273 	1052 	827 	620 	455 	287 	168 	116 
1986	4995 	4496 	4094 	3602 	3091 	2720 	2342 	1891 	1579 	1304 	1075 	849 	635 	464 	297 	173 	124 
1987	5044 	4576 	4164 	3695 	3172 	2772 	2410 	1965 	1614 	1340 	1097 	873 	652 	472 	308 	177 	132 
1988	5069 	4660 	4230 	3790 	3260 	2826 	2476 	2046 	1652 	1379 	1121 	898 	671 	480 	319 	181 	137 
1989	5087 	4747 	4302 	3885 	3355 	2886 	2542 	2129 	1699 	1420 	1149 	924 	693 	491 	330 	185 	140 
1990	5110 	4829 	4387 	3981 	3456 	2960 	2610 	2212 	1760 	1463 	1182 	952 	718 	505 	340 	190 	140 
1991	5112 	4893 	4470 	4077 	3574 	3055 	2684 	2299 	1841 	1517 	1228 	983 	743 	521 	349 	199 	149 
1992	5115 	4952 	4562 	4166 	3700 	3164 	2759 	2388 	1934 	1574 	1282 	1017 	773 	541 	357 	208 	156 
1993	5116 	4999 	4655 	4248 	3826 	3285 	2837 	2477 	2033 	1633 	1342 	1057 	805 	563 	367 	217 	162 
1994	5102 	5031 	4740 	4325 	3943 	3408 	2920 	2563 	2132 	1698 	1403 	1100 	840 	588 	379 	225 	166 
1995	5066 	5045 	4806 	4399 	4044 	3527 	3009 	2643 	2224 	1771 	1463 	1148 	876 	614 	392 	231 	167 
1996	5026 	5064 	4887 	4483 	4082 	3580 	3077 	2730 	2339 	1877 	1528 	1193 	898 	629 	400 	232 	178 
1997	4969 	5059 	4947 	4579 	4123 	3625 	3132 	2796 	2448 	1992 	1598 	1246 	923 	645 	409 	231 	185 
1998	4905 	5035 	4985 	4678 	4179 	3665 	3176 	2843 	2549 	2109 	1678 	1308 	953 	661 	417 	231 	185 
1999	4855 	4997 	5002 	4772 	4256 	3707 	3209 	2879 	2639 	2224 	1770 	1377 	992 	680 	425 	233 	179 
2000	4834 	4951 	5003 	4853 	4352 	3756 	3236 	2906 	2713 	2334 	1874 	1455 	1040 	703 	435 	235 	166 
2001	4828 	4933 	5031 	4939 	4455 	3845 	3292 	2923 	2723 	2379 	1931 	1499 	1088 	740 	475 	256 	177 
2002	4869 	4897 	5043 	5010 	4571 	3934 	3355 	2945 	2723 	2419 	1985 	1544 	1134 	776 	511 	284 	187 
2003	4943 	4849 	5041 	5062 	4699 	4025 	3427 	2973 	2721 	2455 	2034 	1592 	1176 	815 	540 	321 	196 
2004	5031 	4800 	5023 	5100 	4829 	4124 	3506 	3006 	2722 	2484 	2078 	1645 	1214 	856 	563 	363 	207 
2005	5120 	4763 	4986 	5126 	4949 	4238 	3591 	3049 	2731 	2504 	2119 	1698 	1254 	896 	585 	402 	223 
2006	5265 	4763 	4932 	5144 	5040 	4346 	3650 	3083 	2750 	2521 	2159 	1746 	1291 	930 	610 	435 	255 
2007	5379 	4799 	4868 	5144 	5120 	4483 	3711 	3122 	2764 	2537 	2200 	1790 	1336 	957 	641 	454 	299 
2008	5461 	4868 	4802 	5117 	5185 	4640 	3779 	3168 	2770 	2553 	2239 	1830 	1389 	977 	676 	459 	353 
2009	5511 	4955 	4749 	5064 	5233 	4798 	3864 	3216 	2772 	2568 	2273 	1866 	1444 	996 	711 	458 	411 
2010	5531 	5036 	4720 	4990 	5259 	4940 	3974 	3264 	2775 	2579 	2299 	1901 	1495 	1021 	739 	463 	465 
