Bangladesh	Total	Male	Female
1970			
 0-4	0.000000	0.000000	0.000000
 5-9	0.000000	0.000000	0.000000
 10-14 	0.000000	0.000000	0.000000
 15-19 	0.000000	0.000000	0.000000
 20-24 	0.000000	0.000000	0.000000
 25-29 	0.000000	0.000000	0.000000
 30-34 	0.000000	0.000000	0.000000
 35-39 	0.000000	0.000000	0.000000
 40-44 	0.000000	0.000000	0.000000
 45-49 	0.000000	0.000000	0.000000
 50-54 	0.000000	0.000000	0.000000
 55-59 	0.000000	0.000000	0.000000
 60-64 	0.000000	0.000000	0.000000
 65-69 	0.000000	0.000000	0.000000
 70-74 	0.000000	0.000000	0.000000
 75-79 	0.000000	0.000000	0.000000
 80+ 	0.000000	0.000000	0.000000
Total	0.000000	0.000000	0.000000
1971			
 0-4	0.000000	0.000000	0.000000
 5-9	0.000000	0.000000	0.000000
 10-14 	0.000000	0.000000	0.000000
 15-19 	0.000000	0.000000	0.000000
 20-24 	0.000000	0.000000	0.000000
 25-29 	0.000000	0.000000	0.000000
 30-34 	0.000000	0.000000	0.000000
 35-39 	0.000000	0.000000	0.000000
 40-44 	0.000000	0.000000	0.000000
 45-49 	0.000000	0.000000	0.000000
 50-54 	0.000000	0.000000	0.000000
 55-59 	0.000000	0.000000	0.000000
 60-64 	0.000000	0.000000	0.000000
 65-69 	0.000000	0.000000	0.000000
 70-74 	0.000000	0.000000	0.000000
 75-79 	0.000000	0.000000	0.000000
 80+ 	0.000000	0.000000	0.000000
Total	0.000000	0.000000	0.000000
1972			
 0-4	0.000000	0.000000	0.000000
 5-9	0.000000	0.000000	0.000000
 10-14 	0.000000	0.000000	0.000000
 15-19 	0.000000	0.000000	0.000000
 20-24 	0.000000	0.000000	0.000000
 25-29 	0.000000	0.000000	0.000000
 30-34 	0.000000	0.000000	0.000000
 35-39 	0.000000	0.000000	0.000000
 40-44 	0.000000	0.000000	0.000000
 45-49 	0.000000	0.000000	0.000000
 50-54 	0.000000	0.000000	0.000000
 55-59 	0.000000	0.000000	0.000000
 60-64 	0.000000	0.000000	0.000000
 65-69 	0.000000	0.000000	0.000000
 70-74 	0.000000	0.000000	0.000000
 75-79 	0.000000	0.000000	0.000000
 80+ 	0.000000	0.000000	0.000000
Total	0.000000	0.000000	0.000000
1973			
 0-4	0.000000	0.000000	0.000000
 5-9	0.000000	0.000000	0.000000
 10-14 	0.000000	0.000000	0.000000
 15-19 	0.000000	0.000000	0.000000
 20-24 	0.000000	0.000000	0.000000
 25-29 	0.000000	0.000000	0.000000
 30-34 	0.000000	0.000000	0.000000
 35-39 	0.000000	0.000000	0.000000
 40-44 	0.000000	0.000000	0.000000
 45-49 	0.000000	0.000000	0.000000
 50-54 	0.000000	0.000000	0.000000
 55-59 	0.000000	0.000000	0.000000
 60-64 	0.000000	0.000000	0.000000
 65-69 	0.000000	0.000000	0.000000
 70-74 	0.000000	0.000000	0.000000
 75-79 	0.000000	0.000000	0.000000
 80+ 	0.000000	0.000000	0.000000
Total	0.000000	0.000000	0.000000
1974			
 0-4	0.000000	0.000000	0.000000
 5-9	0.000000	0.000000	0.000000
 10-14 	0.000000	0.000000	0.000000
 15-19 	0.000000	0.000000	0.000000
 20-24 	0.000000	0.000000	0.000000
 25-29 	0.000000	0.000000	0.000000
 30-34 	0.000000	0.000000	0.000000
 35-39 	0.000000	0.000000	0.000000
 40-44 	0.000000	0.000000	0.000000
 45-49 	0.000000	0.000000	0.000000
 50-54 	0.000000	0.000000	0.000000
 55-59 	0.000000	0.000000	0.000000
 60-64 	0.000000	0.000000	0.000000
 65-69 	0.000000	0.000000	0.000000
 70-74 	0.000000	0.000000	0.000000
 75-79 	0.000000	0.000000	0.000000
 80+ 	0.000000	0.000000	0.000000
Total	0.000000	0.000000	0.000000
1975			
 0-4	0.000000	0.000000	0.000000
 5-9	0.000000	0.000000	0.000000
 10-14 	0.000000	0.000000	0.000000
 15-19 	0.000000	0.000000	0.000000
 20-24 	0.000000	0.000000	0.000000
 25-29 	0.000000	0.000000	0.000000
 30-34 	0.000000	0.000000	0.000000
 35-39 	0.000000	0.000000	0.000000
 40-44 	0.000000	0.000000	0.000000
 45-49 	0.000000	0.000000	0.000000
 50-54 	0.000000	0.000000	0.000000
 55-59 	0.000000	0.000000	0.000000
 60-64 	0.000000	0.000000	0.000000
 65-69 	0.000000	0.000000	0.000000
 70-74 	0.000000	0.000000	0.000000
 75-79 	0.000000	0.000000	0.000000
 80+ 	0.000000	0.000000	0.000000
Total	0.000000	0.000000	0.000000
1976			
 0-4	0.000000	0.000000	0.000000
 5-9	0.000000	0.000000	0.000000
 10-14 	0.000000	0.000000	0.000000
 15-19 	0.000000	0.000000	0.000000
 20-24 	0.000000	0.000000	0.000000
 25-29 	0.000000	0.000000	0.000000
 30-34 	0.000000	0.000000	0.000000
 35-39 	0.000000	0.000000	0.000000
 40-44 	0.000000	0.000000	0.000000
 45-49 	0.000000	0.000000	0.000000
 50-54 	0.000000	0.000000	0.000000
 55-59 	0.000000	0.000000	0.000000
 60-64 	0.000000	0.000000	0.000000
 65-69 	0.000000	0.000000	0.000000
 70-74 	0.000000	0.000000	0.000000
 75-79 	0.000000	0.000000	0.000000
 80+ 	0.000000	0.000000	0.000000
Total	0.000000	0.000000	0.000000
1977			
 0-4	0.000000	0.000000	0.000000
 5-9	0.000000	0.000000	0.000000
 10-14 	0.000000	0.000000	0.000000
 15-19 	0.000000	0.000000	0.000000
 20-24 	0.000000	0.000000	0.000000
 25-29 	0.000000	0.000000	0.000000
 30-34 	0.000000	0.000000	0.000000
 35-39 	0.000000	0.000000	0.000000
 40-44 	0.000000	0.000000	0.000000
 45-49 	0.000000	0.000000	0.000000
 50-54 	0.000000	0.000000	0.000000
 55-59 	0.000000	0.000000	0.000000
 60-64 	0.000000	0.000000	0.000000
 65-69 	0.000000	0.000000	0.000000
 70-74 	0.000000	0.000000	0.000000
 75-79 	0.000000	0.000000	0.000000
 80+ 	0.000000	0.000000	0.000000
Total	0.000000	0.000000	0.000000
1978			
 0-4	0.000000	0.000000	0.000000
 5-9	0.000000	0.000000	0.000000
 10-14 	0.000000	0.000000	0.000000
 15-19 	0.000000	0.000000	0.000000
 20-24 	0.000000	0.000000	0.000000
 25-29 	0.000000	0.000000	0.000000
 30-34 	0.000000	0.000000	0.000000
 35-39 	0.000000	0.000000	0.000000
 40-44 	0.000000	0.000000	0.000000
 45-49 	0.000000	0.000000	0.000000
 50-54 	0.000000	0.000000	0.000000
 55-59 	0.000000	0.000000	0.000000
 60-64 	0.000000	0.000000	0.000000
 65-69 	0.000000	0.000000	0.000000
 70-74 	0.000000	0.000000	0.000000
 75-79 	0.000000	0.000000	0.000000
 80+ 	0.000000	0.000000	0.000000
Total	0.000000	0.000000	0.000000
1979			
 0-4	0.000000	0.000000	0.000000
 5-9	0.000000	0.000000	0.000000
 10-14 	0.000000	0.000000	0.000000
 15-19 	0.000000	0.000000	0.000000
 20-24 	0.000000	0.000000	0.000000
 25-29 	0.000000	0.000000	0.000000
 30-34 	0.000000	0.000000	0.000000
 35-39 	0.000000	0.000000	0.000000
 40-44 	0.000000	0.000000	0.000000
 45-49 	0.000000	0.000000	0.000000
 50-54 	0.000000	0.000000	0.000000
 55-59 	0.000000	0.000000	0.000000
 60-64 	0.000000	0.000000	0.000000
 65-69 	0.000000	0.000000	0.000000
 70-74 	0.000000	0.000000	0.000000
 75-79 	0.000000	0.000000	0.000000
 80+ 	0.000000	0.000000	0.000000
Total	0.000000	0.000000	0.000000
1980			
 0-4	0.000000	0.000000	0.000000
 5-9	0.000000	0.000000	0.000000
 10-14 	0.000000	0.000000	0.000000
 15-19 	0.000000	0.000000	0.000000
 20-24 	0.000000	0.000000	0.000000
 25-29 	0.000000	0.000000	0.000000
 30-34 	0.000000	0.000000	0.000000
 35-39 	0.000000	0.000000	0.000000
 40-44 	0.000000	0.000000	0.000000
 45-49 	0.000000	0.000000	0.000000
 50-54 	0.000000	0.000000	0.000000
 55-59 	0.000000	0.000000	0.000000
 60-64 	0.000000	0.000000	0.000000
 65-69 	0.000000	0.000000	0.000000
 70-74 	0.000000	0.000000	0.000000
 75-79 	0.000000	0.000000	0.000000
 80+ 	0.000000	0.000000	0.000000
Total	0.000000	0.000000	0.000000
1981			
 0-4	0.000000	0.000000	0.000000
 5-9	0.000000	0.000000	0.000000
 10-14 	0.000000	0.000000	0.000000
 15-19 	0.000000	0.000000	0.000000
 20-24 	0.000000	0.000000	0.000000
 25-29 	0.000000	0.000000	0.000000
 30-34 	0.000000	0.000000	0.000000
 35-39 	0.000000	0.000000	0.000000
 40-44 	0.000000	0.000000	0.000000
 45-49 	0.000000	0.000000	0.000000
 50-54 	0.000000	0.000000	0.000000
 55-59 	0.000000	0.000000	0.000000
 60-64 	0.000000	0.000000	0.000000
 65-69 	0.000000	0.000000	0.000000
 70-74 	0.000000	0.000000	0.000000
 75-79 	0.000000	0.000000	0.000000
 80+ 	0.000000	0.000000	0.000000
Total	0.000000	0.000000	0.000000
1982			
 0-4	0.000000	0.000000	0.000000
 5-9	0.000000	0.000000	0.000000
 10-14 	0.000000	0.000000	0.000000
 15-19 	0.000000	0.000000	0.000000
 20-24 	0.000000	0.000000	0.000000
 25-29 	0.000000	0.000000	0.000000
 30-34 	0.000000	0.000000	0.000000
 35-39 	0.000000	0.000000	0.000000
 40-44 	0.000000	0.000000	0.000000
 45-49 	0.000000	0.000000	0.000000
 50-54 	0.000000	0.000000	0.000000
 55-59 	0.000000	0.000000	0.000000
 60-64 	0.000000	0.000000	0.000000
 65-69 	0.000000	0.000000	0.000000
 70-74 	0.000000	0.000000	0.000000
 75-79 	0.000000	0.000000	0.000000
 80+ 	0.000000	0.000000	0.000000
Total	0.000000	0.000000	0.000000
1983			
 0-4	0.000000	0.000000	0.000000
 5-9	0.000000	0.000000	0.000000
 10-14 	0.000000	0.000000	0.000000
 15-19 	0.000000	0.000000	0.000000
 20-24 	0.000000	0.000000	0.000000
 25-29 	0.000000	0.000000	0.000000
 30-34 	0.000000	0.000000	0.000000
 35-39 	0.000000	0.000000	0.000000
 40-44 	0.000000	0.000000	0.000000
 45-49 	0.000000	0.000000	0.000000
 50-54 	0.000000	0.000000	0.000000
 55-59 	0.000000	0.000000	0.000000
 60-64 	0.000000	0.000000	0.000000
 65-69 	0.000000	0.000000	0.000000
 70-74 	0.000000	0.000000	0.000000
 75-79 	0.000000	0.000000	0.000000
 80+ 	0.000000	0.000000	0.000000
Total	0.000000	0.000000	0.000000
1984			
 0-4	0.000000	0.000000	0.000000
 5-9	0.000000	0.000000	0.000000
 10-14 	0.000000	0.000000	0.000000
 15-19 	0.000000	0.000000	0.000000
 20-24 	0.000000	0.000000	0.000000
 25-29 	0.000000	0.000000	0.000000
 30-34 	0.000000	0.000000	0.000000
 35-39 	0.000000	0.000000	0.000000
 40-44 	0.000000	0.000000	0.000000
 45-49 	0.000000	0.000000	0.000000
 50-54 	0.000000	0.000000	0.000000
 55-59 	0.000000	0.000000	0.000000
 60-64 	0.000000	0.000000	0.000000
 65-69 	0.000000	0.000000	0.000000
 70-74 	0.000000	0.000000	0.000000
 75-79 	0.000000	0.000000	0.000000
 80+ 	0.000000	0.000000	0.000000
Total	0.000000	0.000000	0.000000
1985			
 0-4	0.000000	0.000000	0.000000
 5-9	0.000000	0.000000	0.000000
 10-14 	0.000000	0.000000	0.000000
 15-19 	0.000000	0.000000	0.000000
 20-24 	0.000000	0.000000	0.000000
 25-29 	0.000000	0.000000	0.000000
 30-34 	0.000000	0.000000	0.000000
 35-39 	0.000000	0.000000	0.000000
 40-44 	0.000000	0.000000	0.000000
 45-49 	0.000000	0.000000	0.000000
 50-54 	0.000000	0.000000	0.000000
 55-59 	0.000000	0.000000	0.000000
 60-64 	0.000000	0.000000	0.000000
 65-69 	0.000000	0.000000	0.000000
 70-74 	0.000000	0.000000	0.000000
 75-79 	0.000000	0.000000	0.000000
 80+ 	0.000000	0.000000	0.000000
Total	0.000000	0.000000	0.000000
1986			
 0-4	0.000000	0.000000	0.000000
 5-9	0.000000	0.000000	0.000000
 10-14 	0.000000	0.000000	0.000000
 15-19 	0.000000	0.000000	0.000000
 20-24 	0.000000	0.000000	0.000000
 25-29 	0.000000	0.000000	0.000000
 30-34 	0.000000	0.000000	0.000000
 35-39 	0.000000	0.000000	0.000000
 40-44 	0.000000	0.000000	0.000000
 45-49 	0.000000	0.000000	0.000000
 50-54 	0.000000	0.000000	0.000000
 55-59 	0.000000	0.000000	0.000000
 60-64 	0.000000	0.000000	0.000000
 65-69 	0.000000	0.000000	0.000000
 70-74 	0.000000	0.000000	0.000000
 75-79 	0.000000	0.000000	0.000000
 80+ 	0.000000	0.000000	0.000000
Total	0.000000	0.000000	0.000000
1987			
 0-4	0.000000	0.000000	0.000000
 5-9	0.000000	0.000000	0.000000
 10-14 	0.000000	0.000000	0.000000
 15-19 	0.000000	0.000000	0.000000
 20-24 	0.000000	0.000000	0.000000
 25-29 	0.000000	0.000000	0.000000
 30-34 	0.000000	0.000000	0.000000
 35-39 	0.000000	0.000000	0.000000
 40-44 	0.000000	0.000000	0.000000
 45-49 	0.000000	0.000000	0.000000
 50-54 	0.000000	0.000000	0.000000
 55-59 	0.000000	0.000000	0.000000
 60-64 	0.000000	0.000000	0.000000
 65-69 	0.000000	0.000000	0.000000
 70-74 	0.000000	0.000000	0.000000
 75-79 	0.000000	0.000000	0.000000
 80+ 	0.000000	0.000000	0.000000
Total	0.000000	0.000000	0.000000
1988			
 0-4	0.000000	0.000000	0.000000
 5-9	0.000000	0.000000	0.000000
 10-14 	0.000000	0.000000	0.000000
 15-19 	0.000000	0.000000	0.000000
 20-24 	0.000000	0.000000	0.000000
 25-29 	0.000000	0.000000	0.000000
 30-34 	0.000000	0.000000	0.000000
 35-39 	0.000000	0.000000	0.000000
 40-44 	0.000000	0.000000	0.000000
 45-49 	0.000000	0.000000	0.000000
 50-54 	0.000000	0.000000	0.000000
 55-59 	0.000000	0.000000	0.000000
 60-64 	0.000000	0.000000	0.000000
 65-69 	0.000000	0.000000	0.000000
 70-74 	0.000000	0.000000	0.000000
 75-79 	0.000000	0.000000	0.000000
 80+ 	0.000000	0.000000	0.000000
Total	0.000000	0.000000	0.000000
1989			
 0-4	0.000000	0.000000	0.000000
 5-9	0.000000	0.000000	0.000000
 10-14 	0.000000	0.000000	0.000000
 15-19 	0.000000	0.000000	0.000000
 20-24 	0.000000	0.000000	0.000000
 25-29 	0.000000	0.000000	0.000000
 30-34 	0.000000	0.000000	0.000000
 35-39 	0.000000	0.000000	0.000000
 40-44 	0.000000	0.000000	0.000000
 45-49 	0.000000	0.000000	0.000000
 50-54 	0.000000	0.000000	0.000000
 55-59 	0.000000	0.000000	0.000000
 60-64 	0.000000	0.000000	0.000000
 65-69 	0.000000	0.000000	0.000000
 70-74 	0.000000	0.000000	0.000000
 75-79 	0.000000	0.000000	0.000000
 80+ 	0.000000	0.000000	0.000000
Total	0.000000	0.000000	0.000000
1990			
 0-4	0.000000	0.000000	0.000000
 5-9	0.000000	0.000000	0.000000
 10-14 	0.000000	0.000000	0.000000
 15-19 	0.000000	0.000000	0.000000
 20-24 	0.000000	0.000000	0.000000
 25-29 	0.000000	0.000000	0.000000
 30-34 	0.000000	0.000000	0.000000
 35-39 	0.000000	0.000000	0.000000
 40-44 	0.000000	0.000000	0.000000
 45-49 	0.000000	0.000000	0.000000
 50-54 	0.000000	0.000000	0.000000
 55-59 	0.000000	0.000000	0.000000
 60-64 	0.000000	0.000000	0.000000
 65-69 	0.000000	0.000000	0.000000
 70-74 	0.000000	0.000000	0.000000
 75-79 	0.000000	0.000000	0.000000
 80+ 	0.000000	0.000000	0.000000
Total	0.000000	0.000000	0.000000
1991			
 0-4	0.000000	0.000000	0.000000
 5-9	0.000000	0.000000	0.000000
 10-14 	0.000000	0.000000	0.000000
 15-19 	0.000000	0.000000	0.000000
 20-24 	0.000000	0.000000	0.000000
 25-29 	0.000000	0.000000	0.000000
 30-34 	0.000000	0.000000	0.000000
 35-39 	0.000000	0.000000	0.000000
 40-44 	0.000000	0.000000	0.000000
 45-49 	0.000000	0.000000	0.000000
 50-54 	0.000000	0.000000	0.000000
 55-59 	0.000000	0.000000	0.000000
 60-64 	0.000000	0.000000	0.000000
 65-69 	0.000000	0.000000	0.000000
 70-74 	0.000000	0.000000	0.000000
 75-79 	0.000000	0.000000	0.000000
 80+ 	0.000000	0.000000	0.000000
Total	0.000000	0.000000	0.000000
1992			
 0-4	0.018272	0.009339	0.008933
 5-9	0.000000	0.000000	0.000000
 10-14 	0.000000	0.000000	0.000000
 15-19 	1.112411	1.015173	0.097238
 20-24 	1.092858	1.022263	0.070594
 25-29 	0.992950	0.940519	0.052431
 30-34 	0.851667	0.819898	0.031769
 35-39 	0.584679	0.563691	0.020988
 40-44 	0.381926	0.367730	0.014196
 45-49 	0.213778	0.205084	0.008694
 50-54 	0.079461	0.076482	0.002979
 55-59 	0.030292	0.029940	0.000352
 60-64 	0.002482	0.002478	0.000004
 65-69 	0.000502	0.000498	0.000003
 70-74 	0.000023	0.000023	0.000000
 75-79 	0.000235	0.000232	0.000003
 80+ 	0.000000	0.000000	0.000000
Total	5.361537	5.053352	0.308185
1993			
 0-4	0.056675	0.028960	0.027715
 5-9	0.001472	0.000752	0.000720
 10-14 	0.000000	0.000000	0.000000
 15-19 	1.978794	1.759318	0.219476
 20-24 	2.254166	2.069189	0.184977
 25-29 	2.025824	1.891755	0.134070
 30-34 	1.758094	1.674423	0.083672
 35-39 	1.238203	1.183187	0.055016
 40-44 	0.803079	0.766904	0.036175
 45-49 	0.453101	0.430849	0.022252
 50-54 	0.179533	0.171121	0.008412
 55-59 	0.065934	0.064776	0.001157
 60-64 	0.008322	0.008305	0.000016
 65-69 	0.000863	0.000855	0.000008
 70-74 	0.000161	0.000160	0.000001
 75-79 	0.000451	0.000443	0.000008
 80+ 	0.000000	0.000000	0.000000
Total	10.824671	10.050997	0.773674
1994			
 0-4	0.154141	0.078764	0.075377
 5-9	0.007878	0.004024	0.003855
 10-14 	0.000280	0.000143	0.000137
 15-19 	3.862302	3.307734	0.554569
 20-24 	4.570076	4.088480	0.481596
 25-29 	4.099548	3.749618	0.349929
 30-34 	3.617788	3.394412	0.223376
 35-39 	2.595380	2.445757	0.149623
 40-44 	1.660902	1.566532	0.094370
 45-49 	0.932599	0.875363	0.057236
 50-54 	0.379005	0.356391	0.022614
 55-59 	0.138417	0.135081	0.003336
 60-64 	0.020216	0.020161	0.000055
 65-69 	0.001634	0.001614	0.000020
 70-74 	0.000387	0.000383	0.000003
 75-79 	0.000861	0.000841	0.000020
 80+ 	0.000021	0.000021	0.000000
Total	22.041436	20.025320	2.016116
1995			
 0-4	0.521527	0.266537	0.254990
 5-9	0.024338	0.012432	0.011906
 10-14 	0.001706	0.000871	0.000834
 15-19 	11.616858	9.498436	2.118422
 20-24 	12.757936	11.011304	1.746632
 25-29 	11.453579	10.176222	1.277357
 30-34 	10.241086	9.412182	0.828904
 35-39 	7.424602	6.848766	0.575836
 40-44 	4.652016	4.305313	0.346703
 45-49 	2.555048	2.351196	0.203852
 50-54 	1.021067	0.940843	0.080223
 55-59 	0.377080	0.365404	0.011675
 60-64 	0.051096	0.050905	0.000190
 65-69 	0.004906	0.004829	0.000076
 70-74 	0.000831	0.000821	0.000010
 75-79 	0.002425	0.002350	0.000075
 80+ 	0.000053	0.000052	0.000001
Total	62.706152	55.248466	7.457686
1996			
 0-4	3.717036	1.900049	1.816988
 5-9	0.062881	0.032126	0.030756
 10-14 	0.001670	0.000853	0.000817
 15-19 	85.383167	66.616589	18.766577
 20-24 	83.951082	69.592846	14.358236
 25-29 	74.251863	63.730638	10.521225
 30-34 	67.076370	60.175585	6.900785
 35-39 	49.129348	44.120552	5.008796
 40-44 	30.051258	27.145857	2.905401
 45-49 	15.994332	14.354514	1.639817
 50-54 	6.085312	5.462154	0.623158
 55-59 	2.279450	2.195121	0.084329
 60-64 	0.234452	0.233337	0.001115
 65-69 	0.033552	0.032879	0.000673
 70-74 	0.002917	0.002873	0.000044
 75-79 	0.016344	0.015693	0.000651
 80+ 	0.000056	0.000055	0.000001
Total	418.271091	355.611720	62.659370
1997			
 0-4	7.747676	3.959636	3.788039
 5-9	0.425244	0.217281	0.207963
 10-14 	0.002994	0.001526	0.001468
 15-19 	118.113595	90.082499	28.031096
 20-24 	142.492722	115.549108	26.943614
 25-29 	119.206553	100.743616	18.462937
 30-34 	109.719143	97.178998	12.540145
 35-39 	82.976235	73.947560	9.028675
 40-44 	51.237114	45.851452	5.385662
 45-49 	27.644209	24.662554	2.981655
 50-54 	10.855511	9.653060	1.202451
 55-59 	3.965937	3.766168	0.199769
 60-64 	0.590684	0.587034	0.003649
 65-69 	0.046480	0.045477	0.001003
 70-74 	0.012127	0.011845	0.000282
 75-79 	0.024739	0.023661	0.001078
 80+ 	0.000385	0.000375	0.000010
Total	675.061346	566.281850	108.779495
1998			
 0-4	12.715372	6.498546	6.216826
 5-9	0.966550	0.493853	0.472697
 10-14 	0.010703	0.005457	0.005246
 15-19 	153.453977	113.798800	39.655176
 20-24 	211.927497	168.137852	43.789645
 25-29 	173.832909	144.325644	29.507265
 30-34 	161.198780	140.795112	20.403669
 35-39 	124.956053	110.285839	14.670214
 40-44 	78.479101	69.478600	9.000501
 45-49 	42.351085	37.511424	4.839661
 50-54 	17.002257	14.985531	2.016727
 55-59 	6.163804	5.777021	0.386783
 60-64 	1.125664	1.115684	0.009980
 65-69 	0.063416	0.061925	0.001492
 70-74 	0.023579	0.023023	0.000556
 75-79 	0.032592	0.031009	0.001583
 80+ 	0.002336	0.002256	0.000080
Total	984.305674	813.327574	170.978100
1999			
 0-4	19.098153	9.761561	9.336592
 5-9	1.728010	0.883100	0.844910
 10-14 	0.032537	0.016594	0.015943
 15-19 	190.022220	136.549818	53.472402
 20-24 	295.121084	228.818523	66.302561
 25-29 	241.687947	196.983445	44.704502
 30-34 	220.133371	189.345639	30.787732
 35-39 	175.758292	153.473219	22.285073
 40-44 	112.658107	98.554682	14.103425
 45-49 	60.323113	52.988377	7.334737
 50-54 	24.614245	21.512361	3.101884
 55-59 	8.852276	8.189738	0.662539
 60-64 	1.859282	1.834825	0.024457
 65-69 	0.100473	0.098292	0.002181
 70-74 	0.036375	0.035488	0.000888
 75-79 	0.040874	0.038659	0.002216
 80+ 	0.004886	0.004702	0.000183
Total	1352.071246	1099.089023	252.982223
2000			
 0-4	27.237343	13.923211	13.314132
 5-9	2.905171	1.484949	1.420222
 10-14 	0.111723	0.056991	0.054732
 15-19 	230.844179	160.391374	70.452804
 20-24 	392.464774	297.026251	95.438522
 25-29 	322.464744	257.540791	64.923954
 30-34 	291.055934	246.254667	44.801267
 35-39 	237.090515	204.598119	32.492395
 40-44 	154.919166	133.789580	21.129586
 45-49 	82.228092	71.530726	10.697366
 50-54 	33.774277	29.267621	4.506656
 55-59 	12.069356	11.029796	1.039560
 60-64 	2.782997	2.730852	0.052145
 65-69 	0.168074	0.164918	0.003156
 70-74 	0.047334	0.045907	0.001426
 75-79 	0.049581	0.046590	0.002991
 80+ 	0.008447	0.008097	0.000350
Total	1790.221707	1429.890441	360.331266
2001			
 0-4	37.123285	18.978705	18.144580
 5-9	4.805814	2.456366	2.349448
 10-14 	0.363775	0.185111	0.178664
 15-19 	278.648323	187.477930	91.170393
 20-24 	498.003839	367.262062	130.741778
 25-29 	422.796171	330.818460	91.977712
 30-34 	369.248051	306.955631	62.292420
 35-39 	307.359954	261.853707	45.506246
 40-44 	205.331380	174.973093	30.358287
 45-49 	108.457115	93.289204	15.167910
 50-54 	44.541381	38.264162	6.277219
 55-59 	15.799094	14.272539	1.526554
 60-64 	3.867495	3.768901	0.098594
 65-69 	0.282047	0.277463	0.004584
 70-74 	0.060799	0.058807	0.001992
 75-79 	0.060687	0.056698	0.003989
 80+ 	0.011626	0.011087	0.000539
Total	2296.760836	1800.959927	495.800909
2002			
 0-4	47.452325	24.261261	23.191064
 5-9	7.926989	4.052564	3.874425
 10-14 	0.920970	0.469073	0.451897
 15-19 	313.405898	204.074350	109.331548
 20-24 	604.485947	434.142629	170.343318
 25-29 	529.582934	405.929808	123.653126
 30-34 	449.467846	366.848696	82.619150
 35-39 	380.724603	320.226944	60.497659
 40-44 	259.266023	218.123410	41.142612
 45-49 	137.575199	116.914721	20.660479
 50-54 	56.232002	47.901809	8.330193
 55-59 	19.801707	17.682251	2.119456
 60-64 	5.090634	4.920949	0.169685
 65-69 	0.448512	0.441825	0.006686
 70-74 	0.074520	0.071859	0.002662
 75-79 	0.070347	0.065372	0.004975
 80+ 	0.016115	0.015281	0.000833
Total	2812.542570	2166.142802	646.399768
2003			
 0-4	58.755037	30.042354	28.712684
 5-9	12.005291	6.138549	5.866742
 10-14 	1.746028	0.889579	0.856449
 15-19 	349.638683	220.663233	128.975451
 20-24 	707.191163	494.194837	212.996326
 25-29 	645.582472	484.418230	161.164241
 30-34 	535.259122	428.643170	106.615952
 35-39 	456.989791	379.119563	77.870229
 40-44 	317.316713	263.573435	53.743278
 45-49 	170.530648	143.018132	27.512516
 50-54 	68.946861	58.218306	10.728555
 55-59 	24.184893	21.357902	2.826991
 60-64 	6.418249	6.149458	0.268790
 65-69 	0.670755	0.660382	0.010373
 70-74 	0.089869	0.086524	0.003345
 75-79 	0.081257	0.075170	0.006087
 80+ 	0.020008	0.018852	0.001156
Total	3355.426840	2537.267676	818.159164
2004			
 0-4	70.710668	36.157678	34.552990
 5-9	17.241157	8.816848	8.424309
 10-14 	2.912738	1.484251	1.428487
 15-19 	383.054539	234.355454	148.699084
 20-24 	805.978485	547.566461	258.412023
 25-29 	768.255483	563.916333	204.339149
 30-34 	631.325345	496.044103	135.281242
 35-39 	528.830463	432.155374	96.675088
 40-44 	378.531048	310.421919	68.109129
 45-49 	207.071365	171.244196	35.827169
 50-54 	82.629395	69.109573	13.519822
 55-59 	28.929450	25.274836	3.654614
 60-64 	7.827334	7.428919	0.398415
 65-69 	0.943170	0.926413	0.016758
 70-74 	0.111520	0.107451	0.004069
 75-79 	0.092004	0.084744	0.007260
 80+ 	0.024151	0.022609	0.001542
Total	3914.468315	2905.117163	1009.351151
2005			
 0-4	83.109878	42.500146	40.609732
 5-9	23.643107	12.091904	11.551202
 10-14 	4.587445	2.337997	2.249448
 15-19 	415.259970	246.347915	168.912055
 20-24 	899.568732	593.707638	305.861095
 25-29 	894.902384	641.936629	252.965755
 30-34 	725.834928	558.686836	167.148091
 35-39 	607.401825	488.663694	118.738131
 40-44 	443.256442	358.860208	84.396234
 45-49 	246.936872	201.277697	45.659175
 50-54 	97.579842	80.751311	16.828531
 55-59 	34.066414	29.463298	4.603116
 60-64 	9.306056	8.745365	0.560691
 65-69 	1.267184	1.240001	0.027183
 70-74 	0.139858	0.134929	0.004929
 75-79 	0.102410	0.093875	0.008536
 80+ 	0.028563	0.026573	0.001991
Total	4486.991910	3266.866016	1220.125894
2006			
 0-4	95.649211	48.914895	46.734315
 5-9	31.119589	15.917069	15.202520
 10-14 	6.977308	3.556638	3.420670
 15-19 	444.996810	256.031647	188.965164
 20-24 	988.989686	633.921049	355.068637
 25-29 	1018.932528	713.284446	305.648082
 30-34 	835.703752	630.592864	205.110889
 35-39 	679.191302	537.246050	141.945252
 40-44 	508.151613	406.063779	102.087833
 45-49 	290.204971	233.251659	56.953312
 50-54 	114.620818	93.782480	20.838338
 55-59 	39.885903	34.186095	5.699807
 60-64 	10.924910	10.163979	0.760930
 65-69 	1.655332	1.611843	0.043489
 70-74 	0.181577	0.175599	0.005978
 75-79 	0.113137	0.103274	0.009863
 80+ 	0.033457	0.030957	0.002500
Total	5067.331902	3618.834323	1448.497579
2007			
 0-4	108.173495	55.323429	52.850065
 5-9	39.323010	20.114159	19.208851
 10-14 	10.462668	5.335199	5.127469
 15-19 	471.360571	263.121636	208.238935
 20-24 	1069.029338	664.960006	404.069332
 25-29 	1141.991841	779.637077	362.354764
 30-34 	947.777282	700.750552	247.026730
 35-39 	753.665349	585.777884	167.887465
 40-44 	575.406131	453.798113	121.608018
 45-49 	336.045048	266.500771	69.544276
 50-54 	134.174413	108.459797	25.714616
 55-59 	46.333183	39.385642	6.947540
 60-64 	12.729804	11.725349	1.004455
 65-69 	2.108746	2.041105	0.067641
 70-74 	0.240754	0.233396	0.007358
 75-79 	0.123400	0.112168	0.011232
 80+ 	0.038847	0.035767	0.003081
Total	5648.983880	3957.312052	1691.671828
2008			
 0-4	119.482088	61.114764	58.367325
 5-9	48.389167	24.753597	23.635570
 10-14 	14.895663	7.597849	7.297815
 15-19 	498.064157	269.938344	228.125812
 20-24 	1146.192370	692.234873	453.957497
 25-29 	1259.705817	837.969869	421.735948
 30-34 	1066.360480	772.677368	293.683112
 35-39 	831.993768	635.101963	196.891805
 40-44 	642.343645	499.816915	142.526730
 45-49 	383.845653	300.547854	83.297799
 50-54 	157.235075	125.616272	31.618803
 55-59 	53.618914	45.249476	8.369438
 60-64 	14.801285	13.503416	1.297869
 65-69 	2.650626	2.548798	0.101828
 70-74 	0.322387	0.313149	0.009238
 75-79 	0.134837	0.122134	0.012703
 80+ 	0.044339	0.040650	0.003689
Total	6240.080272	4289.147290	1950.932981
2009			
 0-4	132.642882	67.859594	64.783287
 5-9	58.132500	29.741371	28.391129
 10-14 	20.413492	10.415203	9.998289
 15-19 	526.892354	277.388405	249.503949
 20-24 	1223.112642	717.927910	505.184732
 25-29 	1381.390028	896.536755	484.853272
 30-34 	1198.596490	852.497684	346.098806
 35-39 	932.079740	700.380220	231.699520
 40-44 	709.558751	545.346216	164.212535
 45-49 	442.136692	343.133542	99.003149
 50-54 	187.557909	148.652067	38.905842
 55-59 	63.495582	53.356263	10.139320
 60-64 	17.773698	16.101490	1.672208
 65-69 	3.405978	3.255689	0.150289
 70-74 	0.446625	0.434404	0.012221
 75-79 	0.151118	0.136807	0.014311
 80+ 	0.051832	0.047442	0.004389
Total	6897.838311	4663.211061	2234.627249
2010			
 0-4	146.843770	75.150553	71.693217
 5-9	69.416114	35.522595	33.893519
 10-14 	27.179173	13.871705	13.307467
 15-19 	557.971573	285.626919	272.344654
 20-24 	1300.263182	742.475176	557.788006
 25-29 	1500.498990	950.472886	550.026104
 30-34 	1336.343263	933.263312	403.079951
 35-39 	1027.532998	759.314902	268.218096
 40-44 	787.543706	598.014748	189.528958
 45-49 	504.195670	387.935355	116.260315
 50-54 	221.137527	173.908733	47.228794
 55-59 	74.715337	62.485574	12.229764
 60-64 	21.167261	19.066052	2.101209
 65-69 	4.265852	4.053369	0.212483
 70-74 	0.606710	0.589987	0.016722
 75-79 	0.171090	0.155033	0.016058
 80+ 	0.059133	0.054007	0.005126
Total	7579.911349	5041.960905	2537.950444
2011			
 0-4	166.335142	85.162714	81.172429
 5-9	82.648159	42.312795	40.335364
 10-14 	35.329917	18.041734	17.288182
 15-19 	593.929266	299.021524	294.907743
 20-24 	1382.600984	771.660039	610.940946
 25-29 	1618.609842	1002.956764	615.653078
 30-34 	1477.133768	1014.212470	462.921299
 35-39 	1145.379118	834.428701	310.950417
 40-44 	855.839064	641.641839	214.197225
 45-49 	564.245437	430.294293	133.951145
 50-54 	257.630056	201.232909	56.397147
 55-59 	87.720026	72.981147	14.738879
 60-64 	25.088596	22.488777	2.599819
 65-69 	5.275318	4.982558	0.292760
 70-74 	0.818424	0.794898	0.023525
 75-79 	0.198536	0.180634	0.017902
 80+ 	0.066048	0.060162	0.005886
Total	8298.847701	5442.453958	2856.393743
2012			
 0-4	185.224914	94.871259	90.353655
 5-9	97.912892	50.153528	47.759364
 10-14 	44.908963	22.950813	21.958151
 15-19 	633.302293	315.862888	317.439405
 20-24 	1470.388777	806.233772	664.155004
 25-29 	1740.067443	1057.432504	682.634940
 30-34 	1628.988249	1099.713818	529.274431
 35-39 	1275.369809	916.913828	358.455981
 40-44 	936.647330	693.737739	242.909591
 45-49 	633.759810	479.466291	154.293519
 50-54 	299.854376	232.319974	67.534402
 55-59 	104.272496	86.081007	18.191489
 60-64 	29.989925	26.709361	3.280564
 65-69 	6.541504	6.129245	0.412259
 70-74 	1.103325	1.068821	0.034504
 75-79 	0.238181	0.218148	0.020033
 80+ 	0.073833	0.067079	0.006754
Total	9088.644121	5889.930075	3198.714046
2013			
 0-4	205.873185	105.472950	100.400235
 5-9	112.577012	57.691892	54.885120
 10-14 	55.819725	28.552242	27.267484
 15-19 	679.119929	337.054488	342.065441
 20-24 	1570.014878	848.058129	721.956750
 25-29 	1879.516860	1116.725295	762.791565
 30-34 	1788.540132	1181.874913	606.665219
 35-39 	1424.688317	1005.294042	419.394275
 40-44 	1031.524835	749.547077	281.977758
 45-49 	710.135886	527.760401	182.375485
 50-54 	346.008948	262.906161	83.102787
 55-59 	124.194338	100.625295	23.569043
 60-64 	35.695413	31.353376	4.342037
 65-69 	7.992912	7.400133	0.592778
 70-74 	1.447688	1.393992	0.053695
 75-79 	0.291984	0.269019	0.022965
 80+ 	0.082813	0.074560	0.008253
Total	9973.524854	6362.053964	3611.470889
2014			
 0-4	216.429093	110.899242	105.529851
 5-9	128.342686	65.802148	62.540537
 10-14 	64.305931	32.895419	31.410512
 15-19 	718.246372	354.724762	363.521611
 20-24 	1669.386510	890.080661	779.305848
 25-29 	2022.534182	1174.082210	848.451972
 30-34 	1957.959022	1262.716944	695.242078
 35-39 	1591.031405	1099.074299	491.957106
 40-44 	1150.823446	818.454543	332.368904
 45-49 	781.721111	568.416732	213.304379
 50-54 	401.478457	298.077324	103.401133
 55-59 	149.774858	118.773438	31.001420
 60-64 	42.984386	37.118113	5.866273
 65-69 	9.914695	9.056774	0.857921
 70-74 	1.910152	1.826339	0.083813
 75-79 	0.367434	0.340598	0.026837
 80+ 	0.094076	0.084029	0.010047
Total	10907.303816	6842.423575	4064.880240
2015			
 0-4	234.676309	120.338433	114.337876
 5-9	151.773311	77.897287	73.876024
 10-14 	76.925110	39.381495	37.543615
 15-19 	743.126906	364.994452	378.132454
 20-24 	1761.362177	929.018843	832.343334
 25-29 	2164.636321	1231.492495	933.143825
 30-34 	2128.017159	1340.447583	787.569576
 35-39 	1767.860693	1197.117056	570.743636
 40-44 	1269.028975	883.754052	385.274923
 45-49 	874.057406	623.588269	250.469136
 50-54 	465.592820	338.372292	127.220528
 55-59 	180.406955	139.944177	40.462778
 60-64 	52.246953	44.267626	7.979327
 65-69 	12.337120	11.102782	1.234338
 70-74 	2.490594	2.359920	0.130674
 75-79 	0.469444	0.437640	0.031804
 80+ 	0.109370	0.097269	0.012101
Total	11885.117622	7344.611672	4540.505950
2016			
 0-4	273.463623	140.315718	133.147904
 5-9	185.367286	95.277370	90.089916
 10-14 	92.488317	47.414919	45.073399
 15-19 	776.034998	378.809318	397.225680
 20-24 	1852.251556	969.026369	883.225187
 25-29 	2312.908247	1294.984198	1017.924050
 30-34 	2309.852434	1423.832793	886.019640
 35-39 	1959.444916	1301.917198	657.527717
 40-44 	1425.726031	975.144894	450.581136
 45-49 	963.220596	674.809598	288.410998
 50-54 	535.719912	381.747691	153.972222
 55-59 	217.282495	165.026386	52.256109
 60-64 	64.137856	53.229187	10.908669
 65-69 	15.489265	13.723589	1.765676
 70-74 	3.227019	3.025691	0.201328
 75-79 	0.612564	0.573308	0.039256
 80+ 	0.129950	0.115658	0.014292
Total	12987.357064	7918.973886	5068.383178
2017			
 0-4	309.447792	158.777582	150.670211
 5-9	216.962423	111.628363	105.334060
 10-14 	109.198672	56.069426	53.129246
 15-19 	811.039638	393.453122	417.586516
 20-24 	1944.073935	1009.988401	934.085534
 25-29 	2466.091701	1363.035423	1103.056278
 30-34 	2500.466141	1511.932389	988.533751
 35-39 	2165.878868	1413.769361	752.109507
 40-44 	1598.952307	1075.722368	523.229939
 45-49 	1069.030343	736.121910	332.908433
 50-54 	618.096527	433.349628	184.746900
 55-59 	260.784241	194.158584	66.625657
 60-64 	79.408300	64.512921	14.895379
 65-69 	19.519398	17.024105	2.495293
 70-74 	4.170107	3.863498	0.306609
 75-79 	0.809476	0.758865	0.050611
 80+ 	0.158190	0.141422	0.016768
Total	14174.088060	8544.307369	5629.780691
2018			
 0-4	334.875567	171.862690	163.012877
 5-9	247.775441	127.553083	120.222358
 10-14 	126.263672	64.918239	61.345434
 15-19 	849.874503	409.695822	440.178681
 20-24 	2037.632363	1051.885420	985.746943
 25-29 	2625.431125	1436.503290	1188.927835
 30-34 	2703.930608	1608.375708	1095.554901
 35-39 	2385.671068	1530.881348	854.789721
 40-44 	1796.928544	1191.350080	605.578464
 45-49 	1192.642097	808.392138	384.249959
 50-54 	708.941240	490.014289	218.926951
 55-59 	311.196098	227.279940	83.916157
 60-64 	98.885239	78.638758	20.246481
 65-69 	24.644590	21.150032	3.494558
 70-74 	5.387224	4.925349	0.461875
 75-79 	1.074129	1.006073	0.068055
 80+ 	0.197439	0.177740	0.019699
Total	15451.350948	9224.609999	6226.740949
2019			
 0-4	362.251104	185.950246	176.300858
 5-9	289.414647	149.123813	140.290834
 10-14 	148.912500	76.692304	72.220196
 15-19 	886.502581	424.543198	461.959383
 20-24 	2129.511528	1092.352837	1037.158691
 25-29 	2789.033815	1513.459098	1275.574717
 30-34 	2917.115596	1711.779869	1205.335727
 35-39 	2618.409305	1653.465037	964.944269
 40-44 	2019.413141	1321.535320	697.877821
 45-49 	1347.114404	900.656769	446.457635
 50-54 	797.391817	543.653816	253.738001
 55-59 	370.579988	265.910479	104.669509
 60-64 	123.280128	96.016663	27.263465
 65-69 	31.166058	26.299164	4.866895
 70-74 	6.965947	6.278540	0.687407
 75-79 	1.421089	1.326612	0.094477
 80+ 	0.252081	0.228720	0.023361
Total	16838.735730	9969.272483	6869.463248
2020			
 0-4	390.554406	200.506550	190.047855
 5-9	333.041940	171.821982	161.219958
 10-14 	174.584129	90.077826	84.506303
 15-19 	919.618384	437.736392	481.881993
 20-24 	2218.446683	1130.184894	1088.261790
 25-29 	2952.727154	1591.525761	1361.201393
 30-34 	3135.772908	1819.545587	1316.227321
 35-39 	2861.874246	1780.499825	1081.374421
 40-44 	2263.187956	1463.729620	799.458335
 45-49 	1505.329293	993.107556	512.221737
 50-54 	911.936465	614.850132	297.086333
 55-59 	440.517705	311.060275	129.457430
 60-64 	153.119850	116.882455	36.237395
 65-69 	39.546903	32.780430	6.766473
 70-74 	9.009147	8.001016	1.008132
 75-79 	1.868868	1.734904	0.133963
 80+ 	0.328533	0.300298	0.028235
Total	18311.464569	10764.345503	7547.119066
2021			
 0-4	442.230885	227.081572	215.149313
 5-9	381.351988	196.895173	184.456815
 10-14 	202.821780	104.884880	97.936899
 15-19 	942.526021	446.974217	495.551804
 20-24 	2297.756065	1162.507714	1135.248351
 25-29 	3104.043677	1663.013771	1441.029906
 30-34 	3348.390276	1924.451777	1423.938499
 35-39 	3105.070250	1904.882429	1200.187821
 40-44 	2513.377524	1606.489026	906.888498
 45-49 	1700.418726	1108.933313	591.485413
 50-54 	1017.337538	677.461852	339.875686
 55-59 	514.797790	357.895443	156.902347
 60-64 	188.505285	141.110349	47.394937
 65-69 	50.139474	40.756337	9.383137
 70-74 	11.638317	10.179852	1.458466
 75-79 	2.433559	2.241664	0.191895
 80+ 	0.434377	0.399265	0.035111
Total	19823.273532	11576.158634	8247.114898
2022			
 0-4	518.486556	266.240728	252.245829
 5-9	434.757081	224.594546	210.162535
 10-14 	235.599750	122.108350	113.491400
 15-19 	959.835902	454.063838	505.772064
 20-24 	2361.276275	1187.031542	1174.244733
 25-29 	3239.183907	1724.695791	1514.488117
 30-34 	3551.455058	2023.307448	1528.147610
 35-39 	3340.815433	2022.075711	1318.739722
 40-44 	2765.650331	1746.485176	1019.165155
 45-49 	1902.628651	1226.584394	676.044257
 50-54 	1135.755094	746.534372	389.220722
 55-59 	599.326207	410.901676	188.424531
 60-64 	229.658684	168.623510	61.035174
 65-69 	63.587310	50.622829	12.964481
 70-74 	14.975072	12.895669	2.079403
 75-79 	3.152634	2.875466	0.277167
 80+ 	0.577295	0.532457	0.044839
Total	21356.721239	12390.173501	8966.547738
2023			
 0-4	593.628924	304.771016	288.857908
 5-9	491.169490	253.854891	237.314600
 10-14 	271.445565	140.925467	130.520098
 15-19 	974.380924	460.243567	514.137357
 20-24 	2409.396576	1204.213759	1205.182817
 25-29 	3358.254919	1776.873638	1581.381281
 30-34 	3742.932282	2115.362987	1627.569294
 35-39 	3571.625435	2134.713148	1436.912287
 40-44 	3014.176484	1879.033865	1135.142619
 45-49 	2118.618147	1350.688802	767.929344
 50-54 	1264.750105	820.345992	444.404113
 55-59 	688.591732	465.784272	222.807459
 60-64 	276.378882	198.983204	77.395679
 65-69 	80.490891	62.707638	17.783253
 70-74 	19.184585	16.251705	2.932879
 75-79 	4.075420	3.673164	0.402256
 80+ 	0.767021	0.708106	0.058916
Total	22879.867382	13189.135223	9690.732160
2024			
 0-4	660.752076	339.176075	321.576000
 5-9	548.961001	283.685467	265.275534
 10-14 	316.921716	164.860563	152.061153
 15-19 	991.865960	468.358376	523.507585
 20-24 	2436.563226	1211.935289	1224.627937
 25-29 	3459.594643	1818.684540	1640.910103
 30-34 	3920.939748	2198.936119	1722.003629
 35-39 	3795.835333	2242.644737	1553.190596
 40-44 	3257.146457	2003.449380	1253.697077
 45-49 	2345.955107	1479.187714	866.767393
 50-54 	1416.331716	906.944407	509.387309
 55-59 	771.222329	514.316392	256.905937
 60-64 	330.164189	233.217288	96.946901
 65-69 	101.423676	77.307925	24.115751
 70-74 	24.502064	20.392924	4.109140
 75-79 	5.267108	4.683282	0.583826
 80+ 	1.014808	0.935333	0.079475
Total	24384.461158	13968.715812	10415.745346
2025			
 0-4	712.456487	365.689442	346.767045
 5-9	618.445416	319.017344	299.428071
 10-14 	368.621549	191.905641	176.715908
 15-19 	1013.696024	478.775522	534.920502
 20-24 	2451.239316	1214.432224	1236.807092
 25-29 	3546.203188	1851.741467	1694.461721
 30-34 	4084.077839	2273.847741	1810.230098
 35-39 	4011.202059	2344.551844	1666.650215
 40-44 	3493.642095	2119.580059	1374.062036
 45-49 	2580.540526	1608.698701	971.841825
 50-54 	1562.105308	986.356003	575.749304
 55-59 	876.359868	576.775292	299.584576
 60-64 	392.226502	272.010503	120.215999
 65-69 	126.702929	94.487426	32.215502
 70-74 	31.271528	25.529377	5.742151
 75-79 	6.801376	5.959076	0.842300
 80+ 	1.334727	1.225066	0.109662
Total	25876.926737	14730.582730	11146.344007
2026			
 0-4	745.453794	382.611513	362.842281
 5-9	693.284366	357.587439	335.696927
 10-14 	418.225141	218.015902	200.209239
 15-19 	1037.358468	490.208720	547.149748
 20-24 	2454.964904	1212.554716	1242.410187
 25-29 	3616.899266	1876.092106	1740.807161
 30-34 	4229.123125	2337.637507	1891.485618
 35-39 	4217.020877	2440.696966	1776.323912
 40-44 	3724.410944	2228.702449	1495.708495
 45-49 	2817.587547	1735.541031	1082.046516
 50-54 	1741.761946	1086.090041	655.671905
 55-59 	970.570766	629.632095	340.938671
 60-64 	457.653161	311.754628	145.898533
 65-69 	156.717277	114.394836	42.322441
 70-74 	39.874585	31.870819	8.003765
 75-79 	8.785725	7.579386	1.206339
 80+ 	1.745125	1.591136	0.153990
Total	27331.437017	15462.561288	11868.875729
2027			
 0-4	769.295355	394.801727	374.493627
 5-9	771.616748	398.115812	373.500936
 10-14 	467.338325	243.720191	223.618134
 15-19 	1065.643084	504.154203	561.488880
 20-24 	2452.513419	1208.430069	1244.083350
 25-29 	3669.938896	1891.299385	1778.639510
 30-34 	4357.215051	2391.083542	1966.131509
 35-39 	4411.719811	2529.618445	1882.101367
 40-44 	3946.902305	2330.270667	1616.631638
 45-49 	3054.442059	1857.985867	1196.456191
 50-54 	1927.173664	1186.578672	740.594992
 55-59 	1077.120199	688.213013	388.907186
 60-64 	532.055158	356.580105	175.475054
 65-69 	191.677884	136.991497	54.686387
 70-74 	50.821113	39.712486	11.108627
 75-79 	11.312276	9.602216	1.710060
 80+ 	2.275640	2.056254	0.219386
Total	28759.060987	16169.214152	12589.846835
2028			
 0-4	789.947613	405.372965	384.574648
 5-9	847.477356	437.454563	410.022793
 10-14 	517.764333	269.994027	247.770306
 15-19 	1097.271648	519.665909	577.605739
 20-24 	2451.156245	1205.741291	1245.414954
 25-29 	3704.016467	1897.236446	1806.780021
 30-34 	4467.792585	2433.906868	2033.885717
 35-39 	4593.251561	2610.522698	1982.728863
 40-44 	4163.568240	2426.653262	1736.914978
 45-49 	3286.253845	1972.234269	1314.019576
 50-54 	2124.915468	1292.232745	832.682723
 55-59 	1193.685217	751.061898	442.623319
 60-64 	610.661019	402.876446	207.784573
 65-69 	231.587466	162.030423	69.557043
 70-74 	64.662298	49.359763	15.302535
 75-79 	14.519091	12.113692	2.405398
 80+ 	2.967218	2.651424	0.315794
Total	30161.497670	16851.108688	13310.388982
2029			
 0-4	807.810654	414.536649	393.274005
 5-9	916.232615	473.167687	443.064928
 10-14 	568.066993	296.529705	271.537288
 15-19 	1134.279575	538.515185	595.764390
 20-24 	2455.114545	1206.187326	1248.927218
 25-29 	3715.473594	1892.652095	1822.821499
 30-34 	4560.287152	2465.845973	2094.441180
 35-39 	4759.887154	2681.745353	2078.141801
 40-44 	4373.127521	2517.996858	1855.130663
 45-49 	3511.423304	2077.845818	1433.577486
 50-54 	2332.550262	1401.066104	931.484158
 55-59 	1331.288749	825.391400	505.897350
 60-64 	683.213424	443.374575	239.838849
 65-69 	277.775440	190.397233	87.378207
 70-74 	81.897329	61.065426	20.831903
 75-79 	18.596027	15.228075	3.367951
 80+ 	3.871006	3.414554	0.456451
Total	31530.895343	17504.960017	14025.935326
2030			
 0-4	823.344868	422.526685	400.818183
 5-9	967.581886	500.538032	467.043854
 10-14 	626.419098	327.690617	298.728481
 15-19 	1175.208074	560.097449	615.110625
 20-24 	2468.834786	1211.757167	1257.077619
 25-29 	3710.742399	1880.950740	1829.791659
 30-34 	4636.291233	2487.938177	2148.353056
 35-39 	4910.719341	2743.473079	2167.246262
 40-44 	4573.043588	2602.709350	1970.334238
 45-49 	3729.393971	2174.903759	1554.490212
 50-54 	2546.309303	1510.051985	1036.257318
 55-59 	1463.318180	892.805732	570.512448
 60-64 	777.000342	496.737453	280.262890
 65-69 	331.351362	222.693547	108.657815
 70-74 	102.820669	74.895995	27.924674
 75-79 	23.820326	19.110186	4.710140
 80+ 	5.044148	4.386465	0.657682
Total	32871.243574	18133.266417	14737.977157
2031			
 0-4	837.086288	429.610288	407.476000
 5-9	991.884905	513.348566	478.536339
 10-14 	691.333929	362.192899	329.141030
 15-19 	1218.322655	582.922119	635.400536
 20-24 	2490.152251	1221.541183	1268.611068
 25-29 	3694.400171	1864.654698	1829.745472
 30-34 	4694.552006	2500.225897	2194.326109
 35-39 	5042.269367	2793.071546	2249.197821
 40-44 	4762.816142	2681.222816	2081.593327
 45-49 	3941.244579	2264.877562	1676.367017
 50-54 	2761.859190	1615.953205	1145.905984
 55-59 	1626.810901	978.476438	648.334463
 60-64 	860.677389	541.318864	319.358525
 65-69 	387.995390	255.817615	132.177775
 70-74 	127.791416	90.993300	36.798117
 75-79 	30.504876	23.927985	6.576891
 80+ 	6.569194	5.626590	0.942604
Total	34166.270650	18725.781570	15440.489080
2032			
 0-4	849.675322	436.105304	413.570018
 5-9	1009.130324	522.253949	486.876375
 10-14 	760.739944	398.964008	361.775936
 15-19 	1258.672740	604.457540	654.215200
 20-24 	2520.569348	1236.184533	1284.384815
 25-29 	3673.461723	1847.468664	1825.993059
 30-34 	4732.758661	2501.997380	2230.761281
 35-39 	5155.960753	2831.601484	2324.359269
 40-44 	4940.990022	2752.086836	2188.903186
 45-49 	4144.568258	2347.319932	1797.248326
 50-54 	2976.640939	1717.189405	1259.451534
 55-59 	1795.419365	1064.418284	731.001082
 60-64 	956.167382	591.326615	364.840767
 65-69 	452.727949	293.362846	159.365103
 70-74 	157.025201	109.344241	47.680960
 75-79 	39.063791	29.913953	9.149838
 80+ 	8.524920	7.185086	1.339834
Total	35432.096642	19291.180061	16140.916581
2033			
 0-4	861.492188	442.195601	419.296587
 5-9	1028.061222	532.085595	495.975627
 10-14 	829.201672	435.272773	393.928899
 15-19 	1303.820614	628.562573	675.258041
 20-24 	2553.077304	1252.049689	1301.027615
 25-29 	3654.978718	1832.736968	1822.241750
 30-34 	4749.381717	2493.065665	2256.316053
 35-39 	5251.291333	2858.922220	2392.369113
 40-44 	5105.401656	2814.501103	2290.900553
 45-49 	4341.861570	2424.465664	1917.395907
 50-54 	3186.337113	1810.465170	1375.871943
 55-59 	1975.360369	1154.718335	820.642034
 60-64 	1060.968755	645.136315	415.832441
 65-69 	521.420586	332.279442	189.141144
 70-74 	190.575664	129.769632	60.806031
 75-79 	49.949604	37.311727	12.637877
 80+ 	11.029951	9.136472	1.893479
Total	36674.210035	19832.674942	16841.535092
2034			
 0-4	873.065550	448.145799	424.919751
 5-9	1045.822815	541.337308	504.485506
 10-14 	892.034956	468.616436	423.418520
 15-19 	1354.223377	655.294784	698.928593
 20-24 	2584.682420	1267.724435	1316.957985
 25-29 	3645.816029	1823.828214	1821.987815
 30-34 	4742.103066	2472.821810	2269.281256
 35-39 	5328.093563	2875.069869	2453.023694
 40-44 	5254.427070	2866.827576	2387.599494
 45-49 	4532.015488	2496.572000	2035.443488
 50-54 	3389.483638	1895.460445	1494.023193
 55-59 	2164.396969	1247.581462	916.815507
 60-64 	1184.689230	708.800507	475.888723
 65-69 	585.260991	366.497133	218.763857
 70-74 	229.603874	153.017972	76.585902
 75-79 	63.578674	46.326873	17.251801
 80+ 	14.248124	11.580227	2.667897
Total	37883.545835	20345.502852	17538.042983
2035			
 0-4	884.814807	454.172245	430.642562
 5-9	1061.951588	549.743453	512.208136
 10-14 	940.275502	494.246552	446.028950
 15-19 	1414.626810	687.304493	727.322317
 20-24 	2614.394408	1282.900507	1331.493901
 25-29 	3650.612449	1822.610019	1828.002430
 30-34 	4716.637361	2444.438315	2272.199046
 35-39 	5387.402843	2880.863805	2506.539038
 40-44 	5387.306025	2909.418664	2477.887361
 45-49 	4712.274306	2561.843980	2150.430326
 50-54 	3585.643277	1972.274060	1613.369217
 55-59 	2359.144275	1340.341012	1018.803263
 60-64 	1304.126762	766.701650	537.425112
 65-69 	668.045558	411.821251	256.224306
 70-74 	275.119730	179.620064	95.499666
 75-79 	80.212552	57.023505	23.189047
 80+ 	18.413066	14.655321	3.757745
Total	39061.001320	20829.978898	18231.022422
2036			
 0-4	896.982736	460.404850	436.577886
 5-9	1076.980703	557.566585	519.414118
 10-14 	972.665272	511.435105	461.230167
 15-19 	1483.807254	724.270082	759.537172
 20-24 	2647.343114	1299.736643	1347.606471
 25-29 	3664.118339	1826.327825	1837.790514
 30-34 	4679.424549	2411.349844	2268.074705
 35-39 	5427.993022	2876.410613	2551.582409
 40-44 	5500.492918	2939.662637	2560.830281
 45-49 	4882.337887	2620.872059	2261.465828
 50-54 	3775.877652	2042.275616	1733.602037
 55-59 	2555.711777	1430.159124	1125.552653
 60-64 	1451.701919	840.222591	611.479328
 65-69 	742.305653	449.795334	292.510319
 70-74 	323.418573	206.980311	116.438262
 75-79 	100.168051	69.527359	30.640692
 80+ 	23.802058	18.515564	5.286494
Total	40205.131477	21285.512141	18919.619336
2037			
 0-4	909.623552	466.879303	442.744249
 5-9	1091.498778	565.104140	526.394638
 10-14 	994.819709	523.610907	471.208802
 15-19 	1551.830209	760.881496	790.948712
 20-24 	2679.096145	1316.092348	1363.003796
 25-29 	3688.803622	1836.193855	1852.609767
 30-34 	4638.802820	2378.110327	2260.692493
 35-39 	5447.169707	2860.823534	2586.346173
 40-44 	5595.684394	2958.871348	2636.813046
 45-49 	5040.901055	2672.293102	2368.607953
 50-54 	3957.845987	2105.050232	1852.795754
 55-59 	2751.681849	1515.610452	1236.071398
 60-64 	1604.317420	914.066479	690.250941
 65-69 	827.353552	492.520784	334.832768
 70-74 	378.871520	238.139300	140.732220
 75-79 	123.658551	83.848144	39.810406
 80+ 	30.755310	23.348901	7.406409
Total	41312.714179	21711.444652	19601.269527
2038			
 0-4	922.669835	473.566546	449.103289
 5-9	1105.988180	572.606325	533.381854
 10-14 	1014.279129	534.041507	480.237622
 15-19 	1605.600807	790.045546	815.555261
 20-24 	2724.399056	1339.389739	1385.009317
 25-29 	3715.558693	1847.553477	1868.005217
 30-34 	4602.590659	2348.379164	2254.211494
 35-39 	5443.389226	2833.941323	2609.447902
 40-44 	5672.510881	2967.086059	2705.424822
 45-49 	5185.874395	2715.417858	2470.456536
 50-54 	4133.952749	2162.650166	1971.302584
 55-59 	2943.164961	1593.792009	1349.372952
 60-64 	1767.438400	991.696364	775.742037
 65-69 	920.951511	538.588719	382.362791
 70-74 	437.953784	270.549078	167.404706
 75-79 	150.777435	99.868003	50.909433
 80+ 	39.661693	29.364093	10.297600
Total	42386.761395	22108.535975	20278.225419
2039			
 0-4	936.047203	480.430404	455.616800
 5-9	1120.775468	580.247657	540.527811
 10-14 	1031.744592	543.306278	488.438314
 15-19 	1647.843141	813.028238	834.814903
 20-24 	2779.848157	1367.581194	1412.266963
 25-29 	3739.292044	1857.726726	1881.565318
 30-34 	4578.231886	2326.176552	2252.055334
 35-39 	5415.213223	2795.743182	2619.470041
 40-44 	5731.027456	2964.570723	2766.456734
 45-49 	5315.956615	2748.873590	2567.083025
 50-54 	4303.202909	2215.413281	2087.789628
 55-59 	3128.820982	1664.470147	1464.350835
 60-64 	1939.128016	1071.586115	867.541901
 65-69 	1031.473840	593.103645	438.370195
 70-74 	493.145681	299.164016	193.981664
 75-79 	182.506838	118.199831	64.307007
 80+ 	50.907945	36.755765	14.152180
Total	43425.165996	22476.377344	20948.788652
2040			
 0-4	949.642126	487.413005	462.229121
 5-9	1136.095471	588.157470	547.938001
 10-14 	1047.718968	551.766165	495.952804
 15-19 	1680.452591	830.707015	849.745576
 20-24 	2838.743713	1397.455595	1441.288118
 25-29 	3760.818472	1867.274756	1893.543716
 30-34 	4570.342019	2313.454921	2256.887098
 35-39 	5368.432531	2749.588997	2618.843534
 40-44 	5772.148247	2952.172939	2819.975307
 45-49 	5430.440331	2773.105792	2657.334539
 50-54 	4463.073903	2261.766259	2201.307644
 55-59 	3308.275423	1727.748747	1580.526676
 60-64 	2116.420377	1151.449499	964.970878
 65-69 	1138.917031	642.970522	495.946509
 70-74 	565.038596	337.263349	227.775248
 75-79 	219.735670	139.298592	80.437078
 80+ 	64.810224	45.638942	19.171282
Total	44431.105694	22817.232564	21613.873130
2041			
 0-4	963.307510	494.437068	468.870443
 5-9	1152.050729	596.396442	555.654288
 10-14 	1062.756619	559.720417	503.036202
 15-19 	1702.181666	842.644691	859.536974
 20-24 	2899.098660	1428.574528	1470.524132
 25-29 	3785.631872	1878.324913	1907.306959
 30-34 	4572.694723	2306.568004	2266.126719
 35-39 	5310.821112	2699.684746	2611.136366
 40-44 	5794.690071	2930.105468	2864.584603
 45-49 	5526.012878	2785.796159	2740.216718
 50-54 	4613.396879	2302.390491	2311.006389
 55-59 	3482.466896	1784.837131	1697.629765
 60-64 	2295.862683	1228.825955	1067.036729
 65-69 	1271.410022	706.209726	565.200296
 70-74 	629.941877	369.370229	260.571649
 75-79 	259.410026	161.074795	98.335231
 80+ 	81.757748	56.186285	25.571464
Total	45403.491973	23131.147048	22272.344925
2042			
 0-4	976.959578	501.457570	475.502008
 5-9	1168.548289	604.923918	563.624371
 10-14 	1077.355105	567.426500	509.928605
 15-19 	1715.742062	850.209460	865.532602
 20-24 	2956.898575	1458.501578	1498.396997
 25-29 	3809.277611	1888.433002	1920.844609
 30-34 	4587.288555	2306.746484	2280.542071
 35-39 	5251.620026	2651.063989	2600.556037
 40-44 	5795.738855	2897.479805	2898.259050
 45-49 	5604.393959	2788.282474	2816.111484
 50-54 	4753.025241	2336.093745	2416.931496
 55-59 	3649.133290	1835.345207	1813.788083
 60-64 	2475.254796	1302.467958	1172.786838
 65-69 	1408.919284	769.928130	638.991154
 70-74 	704.698987	405.721724	298.977262
 75-79 	305.202797	186.009686	119.193111
 80+ 	102.116222	68.515986	33.600235
Total	46342.173230	23418.607215	22923.566015
2043			
 0-4	990.527701	508.436826	482.090875
 5-9	1185.419974	613.656952	571.763022
 10-14 	1091.896359	575.086514	516.809845
 15-19 	1726.543304	856.356470	870.186834
 20-24 	2998.351168	1480.375942	1517.975226
 25-29 	3846.734667	1905.317898	1941.416769
 30-34 	4604.134768	2308.491701	2295.643067
 35-39 	5199.081936	2607.477672	2591.604264
 40-44 	5773.780979	2854.263688	2919.517291
 45-49 	5665.300087	2780.733515	2884.566572
 50-54 	4879.981001	2362.301499	2517.679502
 55-59 	3810.478479	1881.107805	1929.370674
 60-64 	2651.084816	1369.802412	1281.282405
 65-69 	1556.236857	837.066667	719.170189
 70-74 	787.248468	445.045983	342.202485
 75-79 	354.240838	212.071003	142.169835
 80+ 	126.206957	82.672963	43.533994
Total	47247.248358	23680.265509	23566.982849
2044			
 0-4	1003.920941	515.327716	488.593225
 5-9	1202.502721	622.506256	579.996465
 10-14 	1106.648076	582.845508	523.802567
 15-19 	1735.160158	861.376805	873.783354
 20-24 	3026.773692	1495.651782	1531.121910
 25-29 	3893.909182	1926.864654	1967.044529
 30-34 	4617.274321	2308.423753	2308.850569
 35-39 	5160.595882	2572.841290	2587.754593
 40-44 	5727.856856	2800.770994	2927.085862
 45-49 	5708.889220	2763.541217	2945.348003
 50-54 	4993.175800	2379.852845	2613.322954
 55-59 	3965.518398	1922.433712	2043.084686
 60-64 	2822.088098	1430.612941	1391.475157
 65-69 	1711.704710	906.340270	805.364440
 70-74 	884.579703	491.463804	393.115899
 75-79 	400.398367	235.253551	165.144816
 80+ 	155.045234	99.254554	55.790680
Total	48116.041360	23915.361651	24200.679709
2045			
 0-4	1017.031522	522.074241	494.957281
 5-9	1219.579063	631.360467	588.218595
 10-14 	1121.830423	590.827113	531.003310
 15-19 	1742.185330	865.565222	876.620108
 20-24 	3044.836071	1505.194539	1539.641532
 25-29 	3943.020925	1949.178340	1993.842585
 30-34 	4627.876440	2307.806447	2320.069993
 35-39 	5140.214955	2548.642098	2591.572857
 40-44 	5663.842748	2740.373134	2923.469613
 45-49 	5735.918693	2737.529126	2998.389567
 50-54 	5091.883467	2389.195382	2702.688086
 55-59 	4111.959481	1957.963308	2153.996173
 60-64 	2987.875678	1484.954615	1502.921063
 65-69 	1872.742369	975.792738	896.949631
 70-74 	980.229366	534.486779	445.742588
 75-79 	460.713156	266.230368	194.482788
 80+ 	189.558375	118.706035	70.852339
Total	48951.298062	24125.879953	24825.418110
2046			
 0-4	1029.718162	528.603171	501.114991
 5-9	1236.470891	640.123141	596.347749
 10-14 	1137.534869	599.085586	538.449283
 15-19 	1748.157924	869.183816	878.974109
 20-24 	3051.582508	1508.757370	1542.825138
 25-29 	3991.859943	1971.812306	2020.047637
 30-34 	4640.980187	2308.458576	2332.521611
 35-39 	5131.155726	2530.826891	2600.328834
 40-44 	5589.972998	2677.361208	2912.611790
 45-49 	5745.136129	2702.913684	3042.222445
 50-54 	5173.077242	2388.347569	2784.729673
 55-59 	4249.582811	1988.313058	2261.269753
 60-64 	3149.207336	1533.845091	1615.362245
 65-69 	2036.273185	1043.273904	992.999281
 70-74 	1097.492237	588.614071	508.878166
 75-79 	515.567264	292.532441	223.034822
 80+ 	227.536586	139.511814	88.024772
Total	49751.305997	24311.563698	25439.742299
2047			
 0-4	1041.879748	534.862512	507.017235
 5-9	1253.102296	648.752498	604.349798
 10-14 	1153.698284	607.593293	546.104991
 15-19 	1753.687032	872.540443	881.146589
 20-24 	3049.427605	1507.668259	1541.759346
 25-29 	4036.263584	1992.089333	2044.174251
 30-34 	4653.046757	2308.491059	2344.555699
 35-39 	5134.698337	2520.321319	2614.377018
 40-44 	5515.877243	2616.719186	2899.158057
 45-49 	5733.605459	2658.922436	3074.683023
 50-54 	5238.452125	2378.614212	2859.837914
 55-59 	4377.397267	2012.466237	2364.931029
 60-64 	3303.942283	1576.921158	1727.021125
 65-69 	2200.341049	1107.705814	1092.635235
 70-74 	1219.803329	643.468677	576.334652
 75-79 	579.079173	322.490548	256.588625
 80+ 	272.129272	163.670495	108.458777
Total	50516.430843	24473.297479	26043.133363
2048			
 0-4	1053.451193	540.818299	512.632895
 5-9	1269.437856	657.229490	612.208365
 10-14 	1170.157072	616.266469	553.890602
 15-19 	1759.226406	875.864127	883.362279
 20-24 	3043.744066	1504.840434	1538.903632
 25-29 	4063.146585	2003.660633	2059.485952
 30-34 	4678.494947	2315.396046	2363.098901
 35-39 	5140.748932	2511.501484	2629.247449
 40-44 	5449.783159	2561.933740	2887.849418
 45-49 	5699.867642	2605.631421	3094.236222
 50-54 	5287.764309	2360.228020	2927.536289
 55-59 	4493.529947	2029.924094	2463.605853
 60-64 	3454.033914	1615.779468	1838.254447
 65-69 	2361.803604	1166.818158	1194.985446
 70-74 	1351.141736	701.409819	649.731917
 75-79 	649.472311	355.027128	294.445183
 80+ 	321.261869	189.639316	131.622554
Total	51247.065549	24611.968146	26635.097403
2049			
 0-4	1064.447359	546.477741	517.969617
 5-9	1285.393427	665.511543	619.881884
 10-14 	1186.734949	625.011406	561.723544
 15-19 	1765.125108	879.339872	885.785237
 20-24 	3035.516236	1500.781732	1534.734504
 25-29 	4076.419868	2008.572890	2067.846979
 30-34 	4712.796689	2326.736649	2386.060040
 35-39 	5143.253763	2500.980850	2642.272912
 40-44 	5399.101253	2516.743699	2882.357554
 45-49 	5643.457372	2543.610667	3099.846705
 50-54 	5321.247784	2333.630848	2987.616935
 55-59 	4597.055630	2039.690507	2557.365123
 60-64 	3598.540025	1650.694301	1947.845723
 65-69 	2519.505710	1220.414042	1299.091668
 70-74 	1490.137010	761.377314	728.759696
 75-79 	732.426315	393.378306	339.048008
 80+ 	370.784978	214.746238	156.038741
Total	51941.943475	24727.698606	27214.244870
2050			
 0-4	1074.183514	551.487026	522.696488
 5-9	1300.789904	673.504903	627.285001
 10-14 	1203.214742	633.712823	569.501919
 15-19 	1771.668244	883.136483	888.531761
 20-24 	3025.774198	1496.009208	1529.764990
 25-29 	4079.015178	2007.945508	2071.069670
 30-34 	4748.640670	2338.746235	2409.894435
 35-39 	5143.328539	2490.222010	2653.106529
 40-44 	5367.507952	2482.317526	2885.190426
 45-49 	5570.098599	2476.082875	3094.015724
 50-54 	5339.353717	2299.474606	3039.879111
 55-59 	4686.921572	2041.991383	2644.930189
 60-64 	3734.872676	1680.166966	2054.705710
 65-69 	2672.479977	1268.154343	1404.325635
 70-74 	1633.968074	821.345151	812.622922
 75-79 	814.417249	429.170739	385.246510
 80+ 	434.572078	247.330069	187.242009
Total	52600.806883	24820.797852	27780.009031
