Incidence per 1000 by age and sex			
	Bangladesh		
 	Total	Male	Female
1970			
 0-4	0.000000	0.000000	0.000000
 5-9	0.000000	0.000000	0.000000
 10-14 	0.000000	0.000000	0.000000
 15-19 	0.000000	0.000000	0.000000
 20-24 	0.000000	0.000000	0.000000
 25-29 	0.000000	0.000000	0.000000
 30-34 	0.000000	0.000000	0.000000
 35-39 	0.000000	0.000000	0.000000
 40-44 	0.000000	0.000000	0.000000
 45-49 	0.000000	0.000000	0.000000
 50-54 	0.000000	0.000000	0.000000
 55-59 	0.000000	0.000000	0.000000
 60-64 	0.000000	0.000000	0.000000
 65-69 	0.000000	0.000000	0.000000
 70-74 	0.000000	0.000000	0.000000
 75-79 	0.000000	0.000000	0.000000
 80+ 	0.000000	0.000000	0.000000
Total	0.000000	0.000000	0.000000
1971			
 0-4	0.000000	0.000000	0.000000
 5-9	0.000000	0.000000	0.000000
 10-14 	0.000000	0.000000	0.000000
 15-19 	0.000000	0.000000	0.000000
 20-24 	0.000000	0.000000	0.000000
 25-29 	0.000000	0.000000	0.000000
 30-34 	0.000000	0.000000	0.000000
 35-39 	0.000000	0.000000	0.000000
 40-44 	0.000000	0.000000	0.000000
 45-49 	0.000000	0.000000	0.000000
 50-54 	0.000000	0.000000	0.000000
 55-59 	0.000000	0.000000	0.000000
 60-64 	0.000000	0.000000	0.000000
 65-69 	0.000000	0.000000	0.000000
 70-74 	0.000000	0.000000	0.000000
 75-79 	0.000000	0.000000	0.000000
 80+ 	0.000000	0.000000	0.000000
Total	0.000000	0.000000	0.000000
1972			
 0-4	0.000000	0.000000	0.000000
 5-9	0.000000	0.000000	0.000000
 10-14 	0.000000	0.000000	0.000000
 15-19 	0.000000	0.000000	0.000000
 20-24 	0.000000	0.000000	0.000000
 25-29 	0.000000	0.000000	0.000000
 30-34 	0.000000	0.000000	0.000000
 35-39 	0.000000	0.000000	0.000000
 40-44 	0.000000	0.000000	0.000000
 45-49 	0.000000	0.000000	0.000000
 50-54 	0.000000	0.000000	0.000000
 55-59 	0.000000	0.000000	0.000000
 60-64 	0.000000	0.000000	0.000000
 65-69 	0.000000	0.000000	0.000000
 70-74 	0.000000	0.000000	0.000000
 75-79 	0.000000	0.000000	0.000000
 80+ 	0.000000	0.000000	0.000000
Total	0.000000	0.000000	0.000000
1973			
 0-4	0.000000	0.000000	0.000000
 5-9	0.000000	0.000000	0.000000
 10-14 	0.000000	0.000000	0.000000
 15-19 	0.000000	0.000000	0.000000
 20-24 	0.000000	0.000000	0.000000
 25-29 	0.000000	0.000000	0.000000
 30-34 	0.000000	0.000000	0.000000
 35-39 	0.000000	0.000000	0.000000
 40-44 	0.000000	0.000000	0.000000
 45-49 	0.000000	0.000000	0.000000
 50-54 	0.000000	0.000000	0.000000
 55-59 	0.000000	0.000000	0.000000
 60-64 	0.000000	0.000000	0.000000
 65-69 	0.000000	0.000000	0.000000
 70-74 	0.000000	0.000000	0.000000
 75-79 	0.000000	0.000000	0.000000
 80+ 	0.000000	0.000000	0.000000
Total	0.000000	0.000000	0.000000
1974			
 0-4	0.000000	0.000000	0.000000
 5-9	0.000000	0.000000	0.000000
 10-14 	0.000000	0.000000	0.000000
 15-19 	0.000000	0.000000	0.000000
 20-24 	0.000000	0.000000	0.000000
 25-29 	0.000000	0.000000	0.000000
 30-34 	0.000000	0.000000	0.000000
 35-39 	0.000000	0.000000	0.000000
 40-44 	0.000000	0.000000	0.000000
 45-49 	0.000000	0.000000	0.000000
 50-54 	0.000000	0.000000	0.000000
 55-59 	0.000000	0.000000	0.000000
 60-64 	0.000000	0.000000	0.000000
 65-69 	0.000000	0.000000	0.000000
 70-74 	0.000000	0.000000	0.000000
 75-79 	0.000000	0.000000	0.000000
 80+ 	0.000000	0.000000	0.000000
Total	0.000000	0.000000	0.000000
1975			
 0-4	0.000000	0.000000	0.000000
 5-9	0.000000	0.000000	0.000000
 10-14 	0.000000	0.000000	0.000000
 15-19 	0.000000	0.000000	0.000000
 20-24 	0.000000	0.000000	0.000000
 25-29 	0.000000	0.000000	0.000000
 30-34 	0.000000	0.000000	0.000000
 35-39 	0.000000	0.000000	0.000000
 40-44 	0.000000	0.000000	0.000000
 45-49 	0.000000	0.000000	0.000000
 50-54 	0.000000	0.000000	0.000000
 55-59 	0.000000	0.000000	0.000000
 60-64 	0.000000	0.000000	0.000000
 65-69 	0.000000	0.000000	0.000000
 70-74 	0.000000	0.000000	0.000000
 75-79 	0.000000	0.000000	0.000000
 80+ 	0.000000	0.000000	0.000000
Total	0.000000	0.000000	0.000000
1976			
 0-4	0.000000	0.000000	0.000000
 5-9	0.000000	0.000000	0.000000
 10-14 	0.000000	0.000000	0.000000
 15-19 	0.000000	0.000000	0.000000
 20-24 	0.000000	0.000000	0.000000
 25-29 	0.000000	0.000000	0.000000
 30-34 	0.000000	0.000000	0.000000
 35-39 	0.000000	0.000000	0.000000
 40-44 	0.000000	0.000000	0.000000
 45-49 	0.000000	0.000000	0.000000
 50-54 	0.000000	0.000000	0.000000
 55-59 	0.000000	0.000000	0.000000
 60-64 	0.000000	0.000000	0.000000
 65-69 	0.000000	0.000000	0.000000
 70-74 	0.000000	0.000000	0.000000
 75-79 	0.000000	0.000000	0.000000
 80+ 	0.000000	0.000000	0.000000
Total	0.000000	0.000000	0.000000
1977			
 0-4	0.000000	0.000000	0.000000
 5-9	0.000000	0.000000	0.000000
 10-14 	0.000000	0.000000	0.000000
 15-19 	0.000000	0.000000	0.000000
 20-24 	0.000000	0.000000	0.000000
 25-29 	0.000000	0.000000	0.000000
 30-34 	0.000000	0.000000	0.000000
 35-39 	0.000000	0.000000	0.000000
 40-44 	0.000000	0.000000	0.000000
 45-49 	0.000000	0.000000	0.000000
 50-54 	0.000000	0.000000	0.000000
 55-59 	0.000000	0.000000	0.000000
 60-64 	0.000000	0.000000	0.000000
 65-69 	0.000000	0.000000	0.000000
 70-74 	0.000000	0.000000	0.000000
 75-79 	0.000000	0.000000	0.000000
 80+ 	0.000000	0.000000	0.000000
Total	0.000000	0.000000	0.000000
1978			
 0-4	0.000000	0.000000	0.000000
 5-9	0.000000	0.000000	0.000000
 10-14 	0.000000	0.000000	0.000000
 15-19 	0.000000	0.000000	0.000000
 20-24 	0.000000	0.000000	0.000000
 25-29 	0.000000	0.000000	0.000000
 30-34 	0.000000	0.000000	0.000000
 35-39 	0.000000	0.000000	0.000000
 40-44 	0.000000	0.000000	0.000000
 45-49 	0.000000	0.000000	0.000000
 50-54 	0.000000	0.000000	0.000000
 55-59 	0.000000	0.000000	0.000000
 60-64 	0.000000	0.000000	0.000000
 65-69 	0.000000	0.000000	0.000000
 70-74 	0.000000	0.000000	0.000000
 75-79 	0.000000	0.000000	0.000000
 80+ 	0.000000	0.000000	0.000000
Total	0.000000	0.000000	0.000000
1979			
 0-4	0.000000	0.000000	0.000000
 5-9	0.000000	0.000000	0.000000
 10-14 	0.000000	0.000000	0.000000
 15-19 	0.000000	0.000000	0.000000
 20-24 	0.000000	0.000000	0.000000
 25-29 	0.000000	0.000000	0.000000
 30-34 	0.000000	0.000000	0.000000
 35-39 	0.000000	0.000000	0.000000
 40-44 	0.000000	0.000000	0.000000
 45-49 	0.000000	0.000000	0.000000
 50-54 	0.000000	0.000000	0.000000
 55-59 	0.000000	0.000000	0.000000
 60-64 	0.000000	0.000000	0.000000
 65-69 	0.000000	0.000000	0.000000
 70-74 	0.000000	0.000000	0.000000
 75-79 	0.000000	0.000000	0.000000
 80+ 	0.000000	0.000000	0.000000
Total	0.000000	0.000000	0.000000
1980			
 0-4	0.000000	0.000000	0.000000
 5-9	0.000000	0.000000	0.000000
 10-14 	0.000000	0.000000	0.000000
 15-19 	0.000000	0.000000	0.000000
 20-24 	0.000000	0.000000	0.000000
 25-29 	0.000000	0.000000	0.000000
 30-34 	0.000000	0.000000	0.000000
 35-39 	0.000000	0.000000	0.000000
 40-44 	0.000000	0.000000	0.000000
 45-49 	0.000000	0.000000	0.000000
 50-54 	0.000000	0.000000	0.000000
 55-59 	0.000000	0.000000	0.000000
 60-64 	0.000000	0.000000	0.000000
 65-69 	0.000000	0.000000	0.000000
 70-74 	0.000000	0.000000	0.000000
 75-79 	0.000000	0.000000	0.000000
 80+ 	0.000000	0.000000	0.000000
Total	0.000000	0.000000	0.000000
1981			
 0-4	0.000000	0.000000	0.000000
 5-9	0.000000	0.000000	0.000000
 10-14 	0.000000	0.000000	0.000000
 15-19 	0.000000	0.000000	0.000000
 20-24 	0.000000	0.000000	0.000000
 25-29 	0.000000	0.000000	0.000000
 30-34 	0.000000	0.000000	0.000000
 35-39 	0.000000	0.000000	0.000000
 40-44 	0.000000	0.000000	0.000000
 45-49 	0.000000	0.000000	0.000000
 50-54 	0.000000	0.000000	0.000000
 55-59 	0.000000	0.000000	0.000000
 60-64 	0.000000	0.000000	0.000000
 65-69 	0.000000	0.000000	0.000000
 70-74 	0.000000	0.000000	0.000000
 75-79 	0.000000	0.000000	0.000000
 80+ 	0.000000	0.000000	0.000000
Total	0.000000	0.000000	0.000000
1982			
 0-4	0.000000	0.000000	0.000000
 5-9	0.000000	0.000000	0.000000
 10-14 	0.000000	0.000000	0.000000
 15-19 	0.000000	0.000000	0.000000
 20-24 	0.000000	0.000000	0.000000
 25-29 	0.000000	0.000000	0.000000
 30-34 	0.000000	0.000000	0.000000
 35-39 	0.000000	0.000000	0.000000
 40-44 	0.000000	0.000000	0.000000
 45-49 	0.000000	0.000000	0.000000
 50-54 	0.000000	0.000000	0.000000
 55-59 	0.000000	0.000000	0.000000
 60-64 	0.000000	0.000000	0.000000
 65-69 	0.000000	0.000000	0.000000
 70-74 	0.000000	0.000000	0.000000
 75-79 	0.000000	0.000000	0.000000
 80+ 	0.000000	0.000000	0.000000
Total	0.000000	0.000000	0.000000
1983			
 0-4	0.000000	0.000000	0.000000
 5-9	0.000000	0.000000	0.000000
 10-14 	0.000000	0.000000	0.000000
 15-19 	0.000000	0.000000	0.000000
 20-24 	0.000000	0.000000	0.000000
 25-29 	0.000000	0.000000	0.000000
 30-34 	0.000000	0.000000	0.000000
 35-39 	0.000000	0.000000	0.000000
 40-44 	0.000000	0.000000	0.000000
 45-49 	0.000000	0.000000	0.000000
 50-54 	0.000000	0.000000	0.000000
 55-59 	0.000000	0.000000	0.000000
 60-64 	0.000000	0.000000	0.000000
 65-69 	0.000000	0.000000	0.000000
 70-74 	0.000000	0.000000	0.000000
 75-79 	0.000000	0.000000	0.000000
 80+ 	0.000000	0.000000	0.000000
Total	0.000000	0.000000	0.000000
1984			
 0-4	0.000000	0.000000	0.000000
 5-9	0.000000	0.000000	0.000000
 10-14 	0.000000	0.000000	0.000000
 15-19 	0.000000	0.000000	0.000000
 20-24 	0.000000	0.000000	0.000000
 25-29 	0.000000	0.000000	0.000000
 30-34 	0.000000	0.000000	0.000000
 35-39 	0.000000	0.000000	0.000000
 40-44 	0.000000	0.000000	0.000000
 45-49 	0.000000	0.000000	0.000000
 50-54 	0.000000	0.000000	0.000000
 55-59 	0.000000	0.000000	0.000000
 60-64 	0.000000	0.000000	0.000000
 65-69 	0.000000	0.000000	0.000000
 70-74 	0.000000	0.000000	0.000000
 75-79 	0.000000	0.000000	0.000000
 80+ 	0.000000	0.000000	0.000000
Total	0.000000	0.000000	0.000000
1985			
 0-4	0.000000	0.000000	0.000000
 5-9	0.000000	0.000000	0.000000
 10-14 	0.000000	0.000000	0.000000
 15-19 	0.000000	0.000000	0.000000
 20-24 	0.000000	0.000000	0.000000
 25-29 	0.000000	0.000000	0.000000
 30-34 	0.000000	0.000000	0.000000
 35-39 	0.000000	0.000000	0.000000
 40-44 	0.000000	0.000000	0.000000
 45-49 	0.000000	0.000000	0.000000
 50-54 	0.000000	0.000000	0.000000
 55-59 	0.000000	0.000000	0.000000
 60-64 	0.000000	0.000000	0.000000
 65-69 	0.000000	0.000000	0.000000
 70-74 	0.000000	0.000000	0.000000
 75-79 	0.000000	0.000000	0.000000
 80+ 	0.000000	0.000000	0.000000
Total	0.000000	0.000000	0.000000
1986			
 0-4	0.000000	0.000000	0.000000
 5-9	0.000000	0.000000	0.000000
 10-14 	0.000000	0.000000	0.000000
 15-19 	0.000000	0.000000	0.000000
 20-24 	0.000000	0.000000	0.000000
 25-29 	0.000000	0.000000	0.000000
 30-34 	0.000000	0.000000	0.000000
 35-39 	0.000000	0.000000	0.000000
 40-44 	0.000000	0.000000	0.000000
 45-49 	0.000000	0.000000	0.000000
 50-54 	0.000000	0.000000	0.000000
 55-59 	0.000000	0.000000	0.000000
 60-64 	0.000000	0.000000	0.000000
 65-69 	0.000000	0.000000	0.000000
 70-74 	0.000000	0.000000	0.000000
 75-79 	0.000000	0.000000	0.000000
 80+ 	0.000000	0.000000	0.000000
Total	0.000000	0.000000	0.000000
1987			
 0-4	0.000000	0.000000	0.000000
 5-9	0.000000	0.000000	0.000000
 10-14 	0.000000	0.000000	0.000000
 15-19 	0.000000	0.000000	0.000000
 20-24 	0.000000	0.000000	0.000000
 25-29 	0.000000	0.000000	0.000000
 30-34 	0.000000	0.000000	0.000000
 35-39 	0.000000	0.000000	0.000000
 40-44 	0.000000	0.000000	0.000000
 45-49 	0.000000	0.000000	0.000000
 50-54 	0.000000	0.000000	0.000000
 55-59 	0.000000	0.000000	0.000000
 60-64 	0.000000	0.000000	0.000000
 65-69 	0.000000	0.000000	0.000000
 70-74 	0.000000	0.000000	0.000000
 75-79 	0.000000	0.000000	0.000000
 80+ 	0.000000	0.000000	0.000000
Total	0.000000	0.000000	0.000000
1988			
 0-4	0.000000	0.000000	0.000000
 5-9	0.000000	0.000000	0.000000
 10-14 	0.000000	0.000000	0.000000
 15-19 	0.000000	0.000000	0.000000
 20-24 	0.000000	0.000000	0.000000
 25-29 	0.000000	0.000000	0.000000
 30-34 	0.000000	0.000000	0.000000
 35-39 	0.000000	0.000000	0.000000
 40-44 	0.000000	0.000000	0.000000
 45-49 	0.000000	0.000000	0.000000
 50-54 	0.000000	0.000000	0.000000
 55-59 	0.000000	0.000000	0.000000
 60-64 	0.000000	0.000000	0.000000
 65-69 	0.000000	0.000000	0.000000
 70-74 	0.000000	0.000000	0.000000
 75-79 	0.000000	0.000000	0.000000
 80+ 	0.000000	0.000000	0.000000
Total	0.000000	0.000000	0.000000
1989			
 0-4	0.000000	0.000000	0.000000
 5-9	0.000000	0.000000	0.000000
 10-14 	0.000000	0.000000	0.000000
 15-19 	0.000000	0.000000	0.000000
 20-24 	0.000000	0.000000	0.000000
 25-29 	0.000000	0.000000	0.000000
 30-34 	0.000000	0.000000	0.000000
 35-39 	0.000000	0.000000	0.000000
 40-44 	0.000000	0.000000	0.000000
 45-49 	0.000000	0.000000	0.000000
 50-54 	0.000000	0.000000	0.000000
 55-59 	0.000000	0.000000	0.000000
 60-64 	0.000000	0.000000	0.000000
 65-69 	0.000000	0.000000	0.000000
 70-74 	0.000000	0.000000	0.000000
 75-79 	0.000000	0.000000	0.000000
 80+ 	0.000000	0.000000	0.000000
Total	0.000000	0.000000	0.000000
1990			
 0-4	0.000000	0.000000	0.000000
 5-9	0.000000	0.000000	0.000000
 10-14 	0.000000	0.000000	0.000000
 15-19 	0.000000	0.000000	0.000000
 20-24 	0.000000	0.000000	0.000000
 25-29 	0.000000	0.000000	0.000000
 30-34 	0.000000	0.000000	0.000000
 35-39 	0.000000	0.000000	0.000000
 40-44 	0.000000	0.000000	0.000000
 45-49 	0.000000	0.000000	0.000000
 50-54 	0.000000	0.000000	0.000000
 55-59 	0.000000	0.000000	0.000000
 60-64 	0.000000	0.000000	0.000000
 65-69 	0.000000	0.000000	0.000000
 70-74 	0.000000	0.000000	0.000000
 75-79 	0.000000	0.000000	0.000000
 80+ 	0.000000	0.000000	0.000000
Total	0.000000	0.000000	0.000000
1991			
 0-4	0.000000	0.000000	0.000000
 5-9	0.000000	0.000000	0.000000
 10-14 	0.000000	0.000000	0.000000
 15-19 	0.000000	0.000000	0.000000
 20-24 	0.000000	0.000000	0.000000
 25-29 	0.000000	0.000000	0.000000
 30-34 	0.000000	0.000000	0.000000
 35-39 	0.000000	0.000000	0.000000
 40-44 	0.000000	0.000000	0.000000
 45-49 	0.000000	0.000000	0.000000
 50-54 	0.000000	0.000000	0.000000
 55-59 	0.000000	0.000000	0.000000
 60-64 	0.000000	0.000000	0.000000
 65-69 	0.000000	0.000000	0.000000
 70-74 	0.000000	0.000000	0.000000
 75-79 	0.000000	0.000000	0.000000
 80+ 	0.000000	0.000000	0.000000
Total	0.000000	0.000000	0.000000
1992			
 0-4	0.000001	0.000001	0.000001
 5-9	0.000000	0.000000	0.000000
 10-14 	0.000000	0.000000	0.000000
 15-19 	0.000091	0.000164	0.000016
 20-24 	0.000103	0.000189	0.000014
 25-29 	0.000106	0.000194	0.000012
 30-34 	0.000113	0.000207	0.000009
 35-39 	0.000106	0.000188	0.000008
 40-44 	0.000084	0.000151	0.000007
 45-49 	0.000052	0.000096	0.000004
 50-54 	0.000023	0.000041	0.000002
 55-59 	0.000011	0.000020	0.000000
 60-64 	0.000001	0.000002	0.000000
 65-69 	0.000000	0.000001	0.000000
 70-74 	0.000000	0.000000	0.000000
 75-79 	0.000000	0.000001	0.000000
 80+ 	0.000000	0.000000	0.000000
Total	0.000048	0.000087	0.000006
1993			
 0-4	0.000003	0.000003	0.000003
 5-9	0.000000	0.000000	0.000000
 10-14 	0.000000	0.000000	0.000000
 15-19 	0.000093	0.000160	0.000024
 20-24 	0.000103	0.000183	0.000020
 25-29 	0.000106	0.000188	0.000017
 30-34 	0.000111	0.000201	0.000013
 35-39 	0.000104	0.000183	0.000012
 40-44 	0.000084	0.000147	0.000010
 45-49 	0.000052	0.000094	0.000006
 50-54 	0.000022	0.000040	0.000003
 55-59 	0.000010	0.000019	0.000000
 60-64 	0.000001	0.000002	0.000000
 65-69 	0.000000	0.000001	0.000000
 70-74 	0.000000	0.000000	0.000000
 75-79 	0.000000	0.000001	0.000000
 80+ 	0.000000	0.000000	0.000000
Total	0.000048	0.000085	0.000009
1994			
 0-4	0.000008	0.000008	0.000008
 5-9	0.000000	0.000000	0.000000
 10-14 	0.000000	0.000000	0.000000
 15-19 	0.000188	0.000310	0.000062
 20-24 	0.000207	0.000357	0.000052
 25-29 	0.000211	0.000367	0.000044
 30-34 	0.000220	0.000392	0.000033
 35-39 	0.000205	0.000356	0.000032
 40-44 	0.000167	0.000286	0.000026
 45-49 	0.000104	0.000182	0.000017
 50-54 	0.000044	0.000078	0.000007
 55-59 	0.000020	0.000037	0.000001
 60-64 	0.000002	0.000004	0.000000
 65-69 	0.000001	0.000001	0.000000
 70-74 	0.000000	0.000000	0.000000
 75-79 	0.000001	0.000001	0.000000
 80+ 	0.000000	0.000000	0.000000
Total	0.000098	0.000168	0.000022
1995			
 0-4	0.000027	0.000027	0.000027
 5-9	0.000000	0.000000	0.000000
 10-14 	0.000000	0.000000	0.000000
 15-19 	0.000668	0.001058	0.000263
 20-24 	0.000726	0.001215	0.000221
 25-29 	0.000734	0.001249	0.000188
 30-34 	0.000763	0.001335	0.000143
 35-39 	0.000708	0.001214	0.000135
 40-44 	0.000581	0.000974	0.000109
 45-49 	0.000364	0.000622	0.000072
 50-54 	0.000151	0.000264	0.000029
 55-59 	0.000069	0.000126	0.000004
 60-64 	0.000007	0.000013	0.000000
 65-69 	0.000002	0.000003	0.000000
 70-74 	0.000000	0.000000	0.000000
 75-79 	0.000002	0.000004	0.000000
 80+ 	0.000000	0.000000	0.000000
Total	0.000344	0.000577	0.000095
1996			
 0-4	0.000212	0.000212	0.000212
 5-9	0.000000	0.000000	0.000000
 10-14 	0.000000	0.000000	0.000000
 15-19 	0.005706	0.008698	0.002600
 20-24 	0.006137	0.009983	0.002185
 25-29 	0.006169	0.010261	0.001853
 30-34 	0.006378	0.010968	0.001409
 35-39 	0.005891	0.009968	0.001330
 40-44 	0.004861	0.008005	0.001081
 45-49 	0.003068	0.005123	0.000709
 50-54 	0.001262	0.002167	0.000282
 55-59 	0.000569	0.001038	0.000043
 60-64 	0.000059	0.000110	0.000001
 65-69 	0.000015	0.000029	0.000001
 70-74 	0.000001	0.000002	0.000000
 75-79 	0.000016	0.000029	0.000001
 80+ 	0.000000	0.000000	0.000000
Total	0.002924	0.004781	0.000939
1997			
 0-4	0.000371	0.000372	0.000371
 5-9	0.000000	0.000000	0.000000
 10-14 	0.000000	0.000000	0.000000
 15-19 	0.004116	0.006044	0.002111
 20-24 	0.004388	0.006934	0.001774
 25-29 	0.004380	0.007127	0.001504
 30-34 	0.004505	0.007618	0.001144
 35-39 	0.004148	0.006921	0.001079
 40-44 	0.003428	0.005564	0.000879
 45-49 	0.002184	0.003563	0.000576
 50-54 	0.000892	0.001503	0.000228
 55-59 	0.000395	0.000721	0.000035
 60-64 	0.000041	0.000076	0.000001
 65-69 	0.000011	0.000020	0.000001
 70-74 	0.000001	0.000001	0.000000
 75-79 	0.000011	0.000020	0.000001
 80+ 	0.000000	0.000000	0.000000
Total	0.002129	0.003380	0.000794
1998			
 0-4	0.000549	0.000550	0.000549
 5-9	0.000000	0.000000	0.000000
 10-14 	0.000000	0.000000	0.000000
 15-19 	0.004966	0.007034	0.002811
 20-24 	0.005252	0.008066	0.002361
 25-29 	0.005205	0.008288	0.002005
 30-34 	0.005326	0.008861	0.001523
 35-39 	0.004897	0.008048	0.001436
 40-44 	0.004040	0.006479	0.001172
 45-49 	0.002599	0.004145	0.000768
 50-54 	0.001059	0.001749	0.000303
 55-59 	0.000460	0.000838	0.000046
 60-64 	0.000048	0.000089	0.000001
 65-69 	0.000013	0.000023	0.000001
 70-74 	0.000001	0.000001	0.000000
 75-79 	0.000013	0.000024	0.000002
 80+ 	0.000000	0.000000	0.000000
Total	0.002572	0.003980	0.001071
1999			
 0-4	0.000771	0.000772	0.000770
 5-9	0.000000	0.000000	0.000000
 10-14 	0.000000	0.000000	0.000000
 15-19 	0.005940	0.008126	0.003658
 20-24 	0.006236	0.009313	0.003071
 25-29 	0.006138	0.009566	0.002610
 30-34 	0.006246	0.010232	0.001980
 35-39 	0.005743	0.009290	0.001868
 40-44 	0.004722	0.007485	0.001526
 45-49 	0.003063	0.004785	0.000999
 50-54 	0.001251	0.002023	0.000394
 55-59 	0.000531	0.000967	0.000060
 60-64 	0.000055	0.000102	0.000001
 65-69 	0.000015	0.000027	0.000001
 70-74 	0.000001	0.000002	0.000000
 75-79 	0.000015	0.000027	0.000002
 80+ 	0.000000	0.000000	0.000000
Total	0.003080	0.004649	0.001409
2000			
 0-4	0.001049	0.001050	0.001048
 5-9	0.000000	0.000000	0.000000
 10-14 	0.000000	0.000000	0.000000
 15-19 	0.007146	0.009455	0.004735
 20-24 	0.007449	0.010829	0.003971
 25-29 	0.007293	0.011126	0.003375
 30-34 	0.007366	0.011900	0.002558
 35-39 	0.006782	0.010799	0.002416
 40-44 	0.005555	0.008704	0.001973
 45-49 	0.003630	0.005563	0.001294
 50-54 	0.001491	0.002360	0.000512
 55-59 	0.000619	0.001123	0.000077
 60-64 	0.000063	0.000118	0.000001
 65-69 	0.000017	0.000031	0.000001
 70-74 	0.000001	0.000002	0.000000
 75-79 	0.000018	0.000032	0.000003
 80+ 	0.000000	0.000000	0.000000
Total	0.003707	0.005464	0.001839
2001			
 0-4	0.001380	0.001382	0.001378
 5-9	0.000000	0.000000	0.000000
 10-14 	0.000000	0.000000	0.000000
 15-19 	0.008380	0.010733	0.005920
 20-24 	0.008675	0.012287	0.004963
 25-29 	0.008452	0.012623	0.004219
 30-34 	0.008474	0.013498	0.003199
 35-39 	0.007817	0.012252	0.003020
 40-44 	0.006379	0.009872	0.002465
 45-49 	0.004191	0.006316	0.001622
 50-54 	0.001733	0.002684	0.000642
 55-59 	0.000705	0.001273	0.000095
 60-64 	0.000071	0.000134	0.000002
 65-69 	0.000019	0.000035	0.000002
 70-74 	0.000001	0.000002	0.000000
 75-79 	0.000020	0.000036	0.000003
 80+ 	0.000000	0.000000	0.000000
Total	0.004349	0.006262	0.002319
2002			
 0-4	0.001700	0.001702	0.001698
 5-9	0.000000	0.000000	0.000000
 10-14 	0.000000	0.000000	0.000000
 15-19 	0.008800	0.010922	0.006583
 20-24 	0.009054	0.012501	0.005517
 25-29 	0.008784	0.012842	0.004691
 30-34 	0.008739	0.013731	0.003559
 35-39 	0.008077	0.012464	0.003358
 40-44 	0.006574	0.010037	0.002738
 45-49 	0.004334	0.006437	0.001810
 50-54 	0.001802	0.002735	0.000715
 55-59 	0.000722	0.001294	0.000104
 60-64 	0.000072	0.000136	0.000002
 65-69 	0.000020	0.000036	0.000002
 70-74 	0.000001	0.000002	0.000000
 75-79 	0.000021	0.000036	0.000004
 80+ 	0.000000	0.000000	0.000000
Total	0.004582	0.006443	0.002610
2003			
 0-4	0.002054	0.002057	0.002052
 5-9	0.000000	0.000000	0.000000
 10-14 	0.000000	0.000000	0.000000
 15-19 	0.009547	0.011490	0.007517
 20-24 	0.009765	0.013151	0.006298
 25-29 	0.009439	0.013509	0.005356
 30-34 	0.009317	0.014445	0.004067
 35-39 	0.008626	0.013110	0.003834
 40-44 	0.007010	0.010552	0.003123
 45-49 	0.004626	0.006785	0.002074
 50-54 	0.001933	0.002876	0.000817
 55-59 	0.000766	0.001361	0.000119
 60-64 	0.000075	0.000143	0.000002
 65-69 	0.000021	0.000038	0.000002
 70-74 	0.000001	0.000002	0.000000
 75-79 	0.000022	0.000038	0.000004
 80+ 	0.000000	0.000000	0.000000
Total	0.004977	0.006844	0.003006
2004			
 0-4	0.002422	0.002425	0.002420
 5-9	0.000000	0.000000	0.000000
 10-14 	0.000000	0.000000	0.000000
 15-19 	0.010204	0.011919	0.008416
 20-24 	0.010379	0.013641	0.007049
 25-29 	0.009999	0.014013	0.005995
 30-34 	0.009795	0.014987	0.004554
 35-39 	0.009077	0.013594	0.004291
 40-44 	0.007375	0.010938	0.003494
 45-49 	0.004861	0.007047	0.002326
 50-54 	0.002040	0.002981	0.000915
 55-59 	0.000804	0.001414	0.000133
 60-64 	0.000077	0.000148	0.000002
 65-69 	0.000022	0.000039	0.000002
 70-74 	0.000001	0.000003	0.000000
 75-79 	0.000023	0.000040	0.000005
 80+ 	0.000000	0.000000	0.000000
Total	0.005326	0.007165	0.003390
2005			
 0-4	0.002809	0.002811	0.002806
 5-9	0.000000	0.000000	0.000000
 10-14 	0.000000	0.000000	0.000000
 15-19 	0.010884	0.012349	0.009360
 20-24 	0.011007	0.014131	0.007834
 25-29 	0.010572	0.014518	0.006663
 30-34 	0.010285	0.015524	0.005062
 35-39 	0.009519	0.014065	0.004769
 40-44 	0.007749	0.011327	0.003882
 45-49 	0.005095	0.007301	0.002585
 50-54 	0.002149	0.003087	0.001020
 55-59 	0.000845	0.001469	0.000150
 60-64 	0.000080	0.000152	0.000002
 65-69 	0.000023	0.000041	0.000002
 70-74 	0.000001	0.000003	0.000000
 75-79 	0.000024	0.000041	0.000005
 80+ 	0.000000	0.000000	0.000000
Total	0.005682	0.007483	0.003793
2006			
 0-4	0.003203	0.003206	0.003200
 5-9	0.000000	0.000000	0.000000
 10-14 	0.000000	0.000000	0.000000
 15-19 	0.011464	0.012637	0.010246
 20-24 	0.011527	0.014456	0.008570
 25-29 	0.011038	0.014852	0.007289
 30-34 	0.010669	0.015881	0.005539
 35-39 	0.009867	0.014386	0.005217
 40-44 	0.008043	0.011584	0.004247
 45-49 	0.005272	0.007464	0.002824
 50-54 	0.002235	0.003161	0.001123
 55-59 	0.000877	0.001508	0.000165
 60-64 	0.000081	0.000155	0.000003
 65-69 	0.000023	0.000042	0.000003
 70-74 	0.000001	0.000003	0.000000
 75-79 	0.000025	0.000042	0.000006
 80+ 	0.000000	0.000000	0.000000
Total	0.005982	0.007715	0.004174
2007			
 0-4	0.003605	0.003608	0.003601
 5-9	0.000000	0.000000	0.000000
 10-14 	0.000000	0.000000	0.000000
 15-19 	0.011935	0.012786	0.011053
 20-24 	0.011937	0.014624	0.009241
 25-29 	0.011396	0.015025	0.007859
 30-34 	0.010951	0.016066	0.005973
 35-39 	0.010117	0.014555	0.005626
 40-44 	0.008257	0.011716	0.004580
 45-49 	0.005398	0.007542	0.003039
 50-54 	0.002299	0.003207	0.001221
 55-59 	0.000899	0.001528	0.000179
 60-64 	0.000082	0.000156	0.000003
 65-69 	0.000023	0.000042	0.000003
 70-74 	0.000001	0.000003	0.000000
 75-79 	0.000025	0.000043	0.000006
 80+ 	0.000000	0.000000	0.000000
Total	0.006226	0.007863	0.004524
2008			
 0-4	0.003918	0.003922	0.003915
 5-9	0.000000	0.000000	0.000000
 10-14 	0.000000	0.000000	0.000000
 15-19 	0.012513	0.013032	0.011976
 20-24 	0.012456	0.014903	0.010012
 25-29 	0.011857	0.015313	0.008513
 30-34 	0.011332	0.016373	0.006471
 35-39 	0.010458	0.014844	0.006098
 40-44 	0.008540	0.011936	0.004961
 45-49 	0.005573	0.007676	0.003286
 50-54 	0.002380	0.003278	0.001333
 55-59 	0.000927	0.001558	0.000194
 60-64 	0.000084	0.000159	0.000003
 65-69 	0.000024	0.000043	0.000003
 70-74 	0.000002	0.000003	0.000000
 75-79 	0.000026	0.000043	0.000007
 80+ 	0.000000	0.000000	0.000000
Total	0.006510	0.008059	0.004908
2009			
 0-4	0.004370	0.004373	0.004366
 5-9	0.000000	0.000000	0.000000
 10-14 	0.000000	0.000000	0.000000
 15-19 	0.013202	0.013370	0.013029
 20-24 	0.013085	0.015288	0.010890
 25-29 	0.012421	0.015709	0.009258
 30-34 	0.011811	0.016796	0.007037
 35-39 	0.010891	0.015240	0.006637
 40-44 	0.008886	0.012235	0.005393
 45-49 	0.005797	0.007864	0.003569
 50-54 	0.002475	0.003369	0.001454
 55-59 	0.000959	0.001596	0.000211
 60-64 	0.000087	0.000166	0.000003
 65-69 	0.000024	0.000044	0.000003
 70-74 	0.000002	0.000003	0.000000
 75-79 	0.000027	0.000044	0.000007
 80+ 	0.000000	0.000000	0.000000
Total	0.006860	0.008323	0.005352
2010			
 0-4	0.004762	0.004764	0.004759
 5-9	0.000000	0.000000	0.000000
 10-14 	0.000000	0.000000	0.000000
 15-19 	0.013884	0.013674	0.014102
 20-24 	0.013706	0.015631	0.011783
 25-29 	0.012977	0.016062	0.010017
 30-34 	0.012280	0.017173	0.007614
 35-39 	0.011309	0.015577	0.007180
 40-44 	0.009199	0.012478	0.005825
 45-49 	0.006017	0.008034	0.003858
 50-54 	0.002562	0.003445	0.001572
 55-59 	0.000989	0.001631	0.000230
 60-64 	0.000091	0.000172	0.000004
 65-69 	0.000025	0.000045	0.000004
 70-74 	0.000002	0.000003	0.000000
 75-79 	0.000027	0.000045	0.000008
 80+ 	0.000000	0.000000	0.000000
Total	0.007199	0.008564	0.005796
2011			
 0-4	0.005340	0.005342	0.005338
 5-9	0.000000	0.000000	0.000000
 10-14 	0.000000	0.000000	0.000000
 15-19 	0.014734	0.014480	0.014997
 20-24 	0.014539	0.016546	0.012527
 25-29 	0.013759	0.017003	0.010649
 30-34 	0.013007	0.018179	0.008094
 35-39 	0.011970	0.016493	0.007635
 40-44 	0.009724	0.013203	0.006193
 45-49 	0.006367	0.008498	0.004099
 50-54 	0.002702	0.003644	0.001666
 55-59 	0.001049	0.001727	0.000249
 60-64 	0.000098	0.000184	0.000004
 65-69 	0.000026	0.000048	0.000004
 70-74 	0.000002	0.000003	0.000000
 75-79 	0.000029	0.000048	0.000008
 80+ 	0.000000	0.000000	0.000000
Total	0.007673	0.009121	0.006188
2012			
 0-4	0.005649	0.005649	0.005648
 5-9	0.000000	0.000000	0.000000
 10-14 	0.000000	0.000000	0.000000
 15-19 	0.015590	0.015292	0.015900
 20-24 	0.015377	0.017465	0.013276
 25-29 	0.014549	0.017948	0.011285
 30-34 	0.013739	0.019188	0.008577
 35-39 	0.012637	0.017412	0.008092
 40-44 	0.010254	0.013942	0.006567
 45-49 	0.006718	0.008965	0.004344
 50-54 	0.002842	0.003840	0.001759
 55-59 	0.001108	0.001827	0.000268
 60-64 	0.000105	0.000195	0.000004
 65-69 	0.000028	0.000050	0.000004
 70-74 	0.000002	0.000003	0.000000
 75-79 	0.000031	0.000050	0.000009
 80+ 	0.000000	0.000000	0.000000
Total	0.008121	0.009655	0.006552
2013			
 0-4	0.006204	0.006204	0.006205
 5-9	0.000000	0.000000	0.000000
 10-14 	0.000000	0.000000	0.000000
 15-19 	0.016683	0.016335	0.017046
 20-24 	0.016449	0.018647	0.014228
 25-29 	0.015562	0.019161	0.012095
 30-34 	0.014679	0.020486	0.009191
 35-39 	0.013497	0.018591	0.008673
 40-44 	0.010945	0.014906	0.007047
 45-49 	0.007168	0.009566	0.004654
 50-54 	0.003025	0.004092	0.001878
 55-59 	0.001181	0.001956	0.000292
 60-64 	0.000113	0.000208	0.000004
 65-69 	0.000030	0.000054	0.000005
 70-74 	0.000002	0.000003	0.000000
 75-79 	0.000033	0.000054	0.000009
 80+ 	0.000000	0.000000	0.000000
Total	0.008706	0.010349	0.007027
2014			
 0-4	0.006163	0.006162	0.006164
 5-9	0.000000	0.000000	0.000000
 10-14 	0.000000	0.000000	0.000000
 15-19 	0.017220	0.016737	0.017724
 20-24 	0.016958	0.019097	0.014789
 25-29 	0.016039	0.019623	0.012572
 30-34 	0.015101	0.020980	0.009552
 35-39 	0.013882	0.019038	0.009014
 40-44 	0.011253	0.015294	0.007334
 45-49 	0.007352	0.009780	0.004832
 50-54 	0.003101	0.004184	0.001946
 55-59 	0.001206	0.002007	0.000306
 60-64 	0.000115	0.000212	0.000005
 65-69 	0.000030	0.000055	0.000005
 70-74 	0.000002	0.000003	0.000000
 75-79 	0.000033	0.000055	0.000010
 80+ 	0.000000	0.000000	0.000000
Total	0.008948	0.010600	0.007262
2015			
 0-4	0.006465	0.006463	0.006467
 5-9	0.000000	0.000000	0.000000
 10-14 	0.000000	0.000000	0.000000
 15-19 	0.017177	0.016573	0.017807
 20-24 	0.016896	0.018903	0.014854
 25-29 	0.015978	0.019424	0.012627
 30-34 	0.015016	0.020768	0.009592
 35-39 	0.013800	0.018842	0.009054
 40-44 	0.011166	0.015128	0.007361
 45-49 	0.007261	0.009630	0.004834
 50-54 	0.003075	0.004136	0.001950
 55-59 	0.001188	0.001988	0.000306
 60-64 	0.000114	0.000209	0.000005
 65-69 	0.000030	0.000054	0.000005
 70-74 	0.000002	0.000003	0.000000
 75-79 	0.000033	0.000055	0.000010
 80+ 	0.000000	0.000000	0.000000
Total	0.008936	0.010542	0.007300
2016			
 0-4	0.006823	0.006821	0.006825
 5-9	0.000000	0.000000	0.000000
 10-14 	0.000000	0.000000	0.000000
 15-19 	0.018070	0.017305	0.018867
 20-24 	0.017753	0.019732	0.015733
 25-29 	0.016786	0.020276	0.013375
 30-34 	0.015752	0.021678	0.010160
 35-39 	0.014468	0.019664	0.009589
 40-44 	0.011699	0.015799	0.007798
 45-49 	0.007594	0.010045	0.005119
 50-54 	0.003218	0.004313	0.002064
 55-59 	0.001233	0.002073	0.000321
 60-64 	0.000120	0.000219	0.000005
 65-69 	0.000032	0.000056	0.000005
 70-74 	0.000002	0.000004	0.000000
 75-79 	0.000034	0.000057	0.000010
 80+ 	0.000000	0.000000	0.000000
Total	0.009377	0.011021	0.007705
2017			
 0-4	0.007189	0.007187	0.007191
 5-9	0.000000	0.000000	0.000000
 10-14 	0.000000	0.000000	0.000000
 15-19 	0.018855	0.017922	0.019827
 20-24 	0.018498	0.020427	0.016525
 25-29 	0.017490	0.020991	0.014049
 30-34 	0.016393	0.022441	0.010672
 35-39 	0.015045	0.020353	0.010073
 40-44 	0.012161	0.016361	0.008192
 45-49 	0.007888	0.010408	0.005382
 50-54 	0.003340	0.004461	0.002167
 55-59 	0.001269	0.002143	0.000334
 60-64 	0.000125	0.000230	0.000005
 65-69 	0.000033	0.000058	0.000005
 70-74 	0.000002	0.000004	0.000000
 75-79 	0.000035	0.000059	0.000011
 80+ 	0.000000	0.000000	0.000000
Total	0.009757	0.011425	0.008063
2018			
 0-4	0.007609	0.007607	0.007610
 5-9	0.000000	0.000000	0.000000
 10-14 	0.000000	0.000000	0.000000
 15-19 	0.019769	0.018652	0.020935
 20-24 	0.019363	0.021245	0.017437
 25-29 	0.018307	0.021832	0.014826
 30-34 	0.017144	0.023339	0.011263
 35-39 	0.015719	0.021165	0.010629
 40-44 	0.012703	0.017018	0.008645
 45-49 	0.008247	0.010856	0.005694
 50-54 	0.003482	0.004635	0.002285
 55-59 	0.001314	0.002225	0.000350
 60-64 	0.000130	0.000241	0.000005
 65-69 	0.000035	0.000061	0.000005
 70-74 	0.000002	0.000004	0.000000
 75-79 	0.000037	0.000061	0.000012
 80+ 	0.000000	0.000000	0.000000
Total	0.010193	0.011892	0.008471
2019			
 0-4	0.008036	0.008035	0.008037
 5-9	0.000000	0.000000	0.000000
 10-14 	0.000000	0.000000	0.000000
 15-19 	0.020577	0.019268	0.021943
 20-24 	0.020116	0.021927	0.018261
 25-29 	0.019017	0.022533	0.015529
 30-34 	0.017796	0.024089	0.011797
 35-39 	0.016303	0.021842	0.011132
 40-44 	0.013170	0.017562	0.009053
 45-49 	0.008563	0.011243	0.005979
 50-54 	0.003594	0.004769	0.002387
 55-59 	0.001352	0.002292	0.000363
 60-64 	0.000134	0.000251	0.000006
 65-69 	0.000036	0.000063	0.000006
 70-74 	0.000002	0.000004	0.000000
 75-79 	0.000038	0.000063	0.000012
 80+ 	0.000000	0.000000	0.000000
Total	0.010563	0.012278	0.008828
2020			
 0-4	0.008428	0.008427	0.008429
 5-9	0.000000	0.000000	0.000000
 10-14 	0.000000	0.000000	0.000000
 15-19 	0.021152	0.019654	0.022714
 20-24 	0.020640	0.022349	0.018889
 25-29 	0.019508	0.022968	0.016065
 30-34 	0.018247	0.024553	0.012203
 35-39 	0.016702	0.022260	0.011516
 40-44 	0.013485	0.017893	0.009362
 45-49 	0.008749	0.011444	0.006176
 50-54 	0.003639	0.004816	0.002447
 55-59 	0.001375	0.002333	0.000374
 60-64 	0.000136	0.000255	0.000006
 65-69 	0.000037	0.000064	0.000006
 70-74 	0.000002	0.000004	0.000000
 75-79 	0.000038	0.000064	0.000012
 80+ 	0.000000	0.000000	0.000000
Total	0.010807	0.012515	0.009081
2021			
 0-4	0.009028	0.009027	0.009028
 5-9	0.000000	0.000000	0.000000
 10-14 	0.000000	0.000000	0.000000
 15-19 	0.021257	0.019709	0.022871
 20-24 	0.020729	0.022402	0.019013
 25-29 	0.019594	0.023023	0.016171
 30-34 	0.018334	0.024611	0.012284
 35-39 	0.016768	0.022311	0.011592
 40-44 	0.013527	0.017929	0.009421
 45-49 	0.008777	0.011482	0.006218
 50-54 	0.003647	0.004830	0.002464
 55-59 	0.001374	0.002336	0.000376
 60-64 	0.000134	0.000255	0.000006
 65-69 	0.000037	0.000064	0.000006
 70-74 	0.000002	0.000004	0.000000
 75-79 	0.000038	0.000064	0.000012
 80+ 	0.000000	0.000000	0.000000
Total	0.010849	0.012565	0.009118
2022			
 0-4	0.009550	0.009550	0.009551
 5-9	0.000000	0.000000	0.000000
 10-14 	0.000000	0.000000	0.000000
 15-19 	0.021332	0.019733	0.022999
 20-24 	0.020801	0.022439	0.019123
 25-29 	0.019664	0.023062	0.016266
 30-34 	0.018407	0.024652	0.012356
 35-39 	0.016827	0.022348	0.011660
 40-44 	0.013560	0.017951	0.009474
 45-49 	0.008799	0.011508	0.006255
 50-54 	0.003658	0.004850	0.002486
 55-59 	0.001373	0.002338	0.000377
 60-64 	0.000133	0.000253	0.000006
 65-69 	0.000036	0.000064	0.000006
 70-74 	0.000002	0.000004	0.000000
 75-79 	0.000038	0.000064	0.000012
 80+ 	0.000000	0.000000	0.000000
Total	0.010870	0.012592	0.009135
2023			
 0-4	0.010036	0.010036	0.010036
 5-9	0.000000	0.000000	0.000000
 10-14 	0.000000	0.000000	0.000000
 15-19 	0.021395	0.019748	0.023113
 20-24 	0.020874	0.022479	0.019228
 25-29 	0.019733	0.023104	0.016357
 30-34 	0.018481	0.024696	0.012427
 35-39 	0.016891	0.022389	0.011727
 40-44 	0.013595	0.017979	0.009526
 45-49 	0.008822	0.011531	0.006290
 50-54 	0.003677	0.004879	0.002512
 55-59 	0.001371	0.002340	0.000379
 60-64 	0.000131	0.000251	0.000006
 65-69 	0.000036	0.000063	0.000006
 70-74 	0.000002	0.000004	0.000000
 75-79 	0.000038	0.000064	0.000012
 80+ 	0.000000	0.000000	0.000000
Total	0.010881	0.012610	0.009142
2024			
 0-4	0.010487	0.010488	0.010487
 5-9	0.000000	0.000000	0.000000
 10-14 	0.000000	0.000000	0.000000
 15-19 	0.021455	0.019763	0.023220
 20-24 	0.020943	0.022522	0.019324
 25-29 	0.019801	0.023149	0.016444
 30-34 	0.018552	0.024743	0.012494
 35-39 	0.016957	0.022433	0.011791
 40-44 	0.013632	0.018009	0.009574
 45-49 	0.008843	0.011550	0.006321
 50-54 	0.003694	0.004908	0.002536
 55-59 	0.001365	0.002339	0.000378
 60-64 	0.000130	0.000250	0.000006
 65-69 	0.000036	0.000064	0.000006
 70-74 	0.000002	0.000004	0.000000
 75-79 	0.000038	0.000064	0.000012
 80+ 	0.000000	0.000000	0.000000
Total	0.010886	0.012622	0.009142
2025			
 0-4	0.010906	0.010908	0.010904
 5-9	0.000000	0.000000	0.000000
 10-14 	0.000000	0.000000	0.000000
 15-19 	0.021515	0.019785	0.023322
 20-24 	0.021009	0.022566	0.019413
 25-29 	0.019864	0.023196	0.016524
 30-34 	0.018618	0.024792	0.012556
 35-39 	0.017023	0.022478	0.011849
 40-44 	0.013670	0.018041	0.009619
 45-49 	0.008861	0.011564	0.006348
 50-54 	0.003693	0.004911	0.002542
 55-59 	0.001348	0.002326	0.000371
 60-64 	0.000129	0.000249	0.000006
 65-69 	0.000036	0.000064	0.000006
 70-74 	0.000002	0.000004	0.000000
 75-79 	0.000039	0.000065	0.000012
 80+ 	0.000000	0.000000	0.000000
Total	0.010884	0.012628	0.009134
2026			
 0-4	0.011294	0.011297	0.011291
 5-9	0.000000	0.000000	0.000000
 10-14 	0.000000	0.000000	0.000000
 15-19 	0.021578	0.019816	0.023420
 20-24 	0.021073	0.022611	0.019496
 25-29 	0.019924	0.023242	0.016596
 30-34 	0.018679	0.024840	0.012611
 35-39 	0.017086	0.022520	0.011901
 40-44 	0.013708	0.018074	0.009658
 45-49 	0.008876	0.011577	0.006371
 50-54 	0.003701	0.004927	0.002554
 55-59 	0.001343	0.002326	0.000374
 60-64 	0.000128	0.000248	0.000006
 65-69 	0.000036	0.000064	0.000006
 70-74 	0.000002	0.000004	0.000000
 75-79 	0.000040	0.000066	0.000013
 80+ 	0.000000	0.000000	0.000000
Total	0.010876	0.012629	0.009120
2027			
 0-4	0.011656	0.011660	0.011651
 5-9	0.000000	0.000000	0.000000
 10-14 	0.000000	0.000000	0.000000
 15-19 	0.021644	0.019855	0.023515
 20-24 	0.021135	0.022655	0.019577
 25-29 	0.019979	0.023287	0.016661
 30-34 	0.018733	0.024888	0.012660
 35-39 	0.017145	0.022561	0.011949
 40-44 	0.013749	0.018108	0.009696
 45-49 	0.008890	0.011591	0.006392
 50-54 	0.003709	0.004941	0.002564
 55-59 	0.001341	0.002333	0.000379
 60-64 	0.000128	0.000248	0.000006
 65-69 	0.000036	0.000064	0.000006
 70-74 	0.000002	0.000004	0.000000
 75-79 	0.000040	0.000066	0.000013
 80+ 	0.000000	0.000000	0.000000
Total	0.010862	0.012624	0.009100
2028			
 0-4	0.011995	0.012001	0.011990
 5-9	0.000000	0.000000	0.000000
 10-14 	0.000000	0.000000	0.000000
 15-19 	0.021710	0.019898	0.023605
 20-24 	0.021195	0.022696	0.019656
 25-29 	0.020029	0.023331	0.016718
 30-34 	0.018783	0.024933	0.012705
 35-39 	0.017200	0.022601	0.011991
 40-44 	0.013791	0.018143	0.009730
 45-49 	0.008904	0.011606	0.006411
 50-54 	0.003715	0.004951	0.002572
 55-59 	0.001343	0.002347	0.000384
 60-64 	0.000127	0.000247	0.000006
 65-69 	0.000036	0.000065	0.000006
 70-74 	0.000002	0.000004	0.000000
 75-79 	0.000040	0.000066	0.000013
 80+ 	0.000000	0.000000	0.000000
Total	0.010843	0.012614	0.009074
2029			
 0-4	0.012318	0.012324	0.012312
 5-9	0.000000	0.000000	0.000000
 10-14 	0.000000	0.000000	0.000000
 15-19 	0.021773	0.019941	0.023690
 20-24 	0.021251	0.022736	0.019730
 25-29 	0.020075	0.023373	0.016768
 30-34 	0.018827	0.024976	0.012745
 35-39 	0.017251	0.022638	0.012031
 40-44 	0.013834	0.018177	0.009762
 45-49 	0.008919	0.011621	0.006428
 50-54 	0.003719	0.004957	0.002578
 55-59 	0.001347	0.002365	0.000388
 60-64 	0.000125	0.000244	0.000006
 65-69 	0.000036	0.000065	0.000006
 70-74 	0.000002	0.000004	0.000000
 75-79 	0.000041	0.000066	0.000013
 80+ 	0.000000	0.000000	0.000000
Total	0.010817	0.012597	0.009043
2030			
 0-4	0.012630	0.012636	0.012625
 5-9	0.000000	0.000000	0.000000
 10-14 	0.000000	0.000000	0.000000
 15-19 	0.021831	0.019982	0.023766
 20-24 	0.021304	0.022773	0.019797
 25-29 	0.020117	0.023414	0.016814
 30-34 	0.018868	0.025018	0.012782
 35-39 	0.017297	0.022674	0.012067
 40-44 	0.013875	0.018207	0.009791
 45-49 	0.008933	0.011636	0.006443
 50-54 	0.003721	0.004959	0.002582
 55-59 	0.001340	0.002363	0.000387
 60-64 	0.000118	0.000233	0.000006
 65-69 	0.000036	0.000065	0.000006
 70-74 	0.000002	0.000004	0.000000
 75-79 	0.000041	0.000066	0.000013
 80+ 	0.000000	0.000000	0.000000
Total	0.010787	0.012575	0.009007
2031			
 0-4	0.012939	0.012945	0.012934
 5-9	0.000000	0.000000	0.000000
 10-14 	0.000000	0.000000	0.000000
 15-19 	0.021884	0.020019	0.023836
 20-24 	0.021353	0.022811	0.019856
 25-29 	0.020158	0.023454	0.016857
 30-34 	0.018907	0.025059	0.012817
 35-39 	0.017339	0.022709	0.012100
 40-44 	0.013914	0.018235	0.009816
 45-49 	0.008949	0.011651	0.006457
 50-54 	0.003722	0.004961	0.002584
 55-59 	0.001340	0.002370	0.000389
 60-64 	0.000119	0.000236	0.000006
 65-69 	0.000036	0.000065	0.000006
 70-74 	0.000002	0.000004	0.000000
 75-79 	0.000041	0.000066	0.000013
 80+ 	0.000000	0.000000	0.000000
Total	0.010753	0.012549	0.008967
2032			
 0-4	0.013260	0.013264	0.013255
 5-9	0.000000	0.000000	0.000000
 10-14 	0.000000	0.000000	0.000000
 15-19 	0.021934	0.020055	0.023899
 20-24 	0.021398	0.022849	0.019907
 25-29 	0.020200	0.023494	0.016901
 30-34 	0.018944	0.025102	0.012849
 35-39 	0.017378	0.022745	0.012131
 40-44 	0.013952	0.018263	0.009840
 45-49 	0.008969	0.011671	0.006471
 50-54 	0.003723	0.004964	0.002587
 55-59 	0.001340	0.002377	0.000390
 60-64 	0.000121	0.000241	0.000006
 65-69 	0.000036	0.000066	0.000006
 70-74 	0.000002	0.000004	0.000000
 75-79 	0.000041	0.000067	0.000013
 80+ 	0.000000	0.000000	0.000000
Total	0.010717	0.012521	0.008926
2033			
 0-4	0.013576	0.013581	0.013571
 5-9	0.000000	0.000000	0.000000
 10-14 	0.000000	0.000000	0.000000
 15-19 	0.021978	0.020090	0.023954
 20-24 	0.021439	0.022888	0.019951
 25-29 	0.020240	0.023533	0.016944
 30-34 	0.018978	0.025145	0.012876
 35-39 	0.017413	0.022781	0.012158
 40-44 	0.013988	0.018291	0.009862
 45-49 	0.008992	0.011694	0.006485
 50-54 	0.003726	0.004968	0.002590
 55-59 	0.001341	0.002381	0.000390
 60-64 	0.000122	0.000244	0.000006
 65-69 	0.000036	0.000066	0.000006
 70-74 	0.000002	0.000004	0.000000
 75-79 	0.000041	0.000067	0.000013
 80+ 	0.000000	0.000000	0.000000
Total	0.010678	0.012489	0.008882
2034			
 0-4	0.013898	0.013902	0.013893
 5-9	0.000000	0.000000	0.000000
 10-14 	0.000000	0.000000	0.000000
 15-19 	0.022021	0.020125	0.024003
 20-24 	0.021479	0.022929	0.019989
 25-29 	0.020281	0.023572	0.016985
 30-34 	0.019011	0.025190	0.012899
 35-39 	0.017447	0.022818	0.012182
 40-44 	0.014023	0.018320	0.009882
 45-49 	0.009017	0.011717	0.006499
 50-54 	0.003729	0.004974	0.002592
 55-59 	0.001341	0.002385	0.000390
 60-64 	0.000122	0.000248	0.000006
 65-69 	0.000036	0.000066	0.000006
 70-74 	0.000002	0.000004	0.000000
 75-79 	0.000041	0.000068	0.000014
 80+ 	0.000000	0.000000	0.000000
Total	0.010637	0.012456	0.008836
2035			
 0-4	0.014234	0.014239	0.014228
 5-9	0.000000	0.000000	0.000000
 10-14 	0.000000	0.000000	0.000000
 15-19 	0.022067	0.020167	0.024053
 20-24 	0.021518	0.022971	0.020024
 25-29 	0.020321	0.023613	0.017023
 30-34 	0.019044	0.025236	0.012921
 35-39 	0.017479	0.022858	0.012205
 40-44 	0.014056	0.018352	0.009901
 45-49 	0.009040	0.011738	0.006510
 50-54 	0.003732	0.004980	0.002593
 55-59 	0.001340	0.002387	0.000389
 60-64 	0.000122	0.000247	0.000006
 65-69 	0.000037	0.000068	0.000006
 70-74 	0.000002	0.000004	0.000000
 75-79 	0.000041	0.000068	0.000014
 80+ 	0.000000	0.000000	0.000000
Total	0.010595	0.012420	0.008790
2036			
 0-4	0.014579	0.014585	0.014573
 5-9	0.000000	0.000000	0.000000
 10-14 	0.000000	0.000000	0.000000
 15-19 	0.022115	0.020212	0.024103
 20-24 	0.021557	0.023016	0.020059
 25-29 	0.020362	0.023658	0.017058
 30-34 	0.019077	0.025284	0.012943
 35-39 	0.017512	0.022901	0.012227
 40-44 	0.014086	0.018383	0.009918
 45-49 	0.009063	0.011758	0.006520
 50-54 	0.003737	0.004987	0.002594
 55-59 	0.001339	0.002388	0.000388
 60-64 	0.000122	0.000249	0.000006
 65-69 	0.000036	0.000067	0.000006
 70-74 	0.000002	0.000004	0.000000
 75-79 	0.000041	0.000068	0.000014
 80+ 	0.000000	0.000000	0.000000
Total	0.010552	0.012383	0.008743
2037			
 0-4	0.014927	0.014933	0.014920
 5-9	0.000000	0.000000	0.000000
 10-14 	0.000000	0.000000	0.000000
 15-19 	0.022164	0.020259	0.024154
 20-24 	0.021599	0.023062	0.020095
 25-29 	0.020403	0.023705	0.017091
 30-34 	0.019113	0.025334	0.012969
 35-39 	0.017545	0.022944	0.012249
 40-44 	0.014116	0.018415	0.009935
 45-49 	0.009085	0.011777	0.006530
 50-54 	0.003745	0.004997	0.002597
 55-59 	0.001339	0.002390	0.000387
 60-64 	0.000122	0.000250	0.000006
 65-69 	0.000035	0.000066	0.000006
 70-74 	0.000002	0.000004	0.000000
 75-79 	0.000040	0.000068	0.000013
 80+ 	0.000000	0.000000	0.000000
Total	0.010507	0.012343	0.008696
2038			
 0-4	0.015272	0.015279	0.015265
 5-9	0.000000	0.000000	0.000000
 10-14 	0.000000	0.000000	0.000000
 15-19 	0.022212	0.020305	0.024203
 20-24 	0.021640	0.023107	0.020133
 25-29 	0.020442	0.023751	0.017121
 30-34 	0.019151	0.025383	0.012996
 35-39 	0.017576	0.022986	0.012271
 40-44 	0.014143	0.018447	0.009952
 45-49 	0.009108	0.011796	0.006542
 50-54 	0.003755	0.005009	0.002601
 55-59 	0.001339	0.002393	0.000387
 60-64 	0.000122	0.000251	0.000006
 65-69 	0.000035	0.000066	0.000006
 70-74 	0.000002	0.000004	0.000000
 75-79 	0.000040	0.000068	0.000013
 80+ 	0.000000	0.000000	0.000000
Total	0.010460	0.012299	0.008647
2039			
 0-4	0.015615	0.015622	0.015608
 5-9	0.000000	0.000000	0.000000
 10-14 	0.000000	0.000000	0.000000
 15-19 	0.022257	0.020346	0.024252
 20-24 	0.021679	0.023150	0.020170
 25-29 	0.020480	0.023796	0.017151
 30-34 	0.019189	0.025430	0.013025
 35-39 	0.017605	0.023023	0.012293
 40-44 	0.014168	0.018476	0.009969
 45-49 	0.009129	0.011814	0.006553
 50-54 	0.003766	0.005020	0.002606
 55-59 	0.001340	0.002395	0.000386
 60-64 	0.000122	0.000250	0.000006
 65-69 	0.000035	0.000067	0.000006
 70-74 	0.000002	0.000004	0.000000
 75-79 	0.000040	0.000067	0.000013
 80+ 	0.000000	0.000000	0.000000
Total	0.010409	0.012251	0.008597
2040			
 0-4	0.015963	0.015970	0.015956
 5-9	0.000000	0.000000	0.000000
 10-14 	0.000000	0.000000	0.000000
 15-19 	0.022301	0.020383	0.024301
 20-24 	0.021717	0.023189	0.020207
 25-29 	0.020516	0.023838	0.017182
 30-34 	0.019226	0.025474	0.013052
 35-39 	0.017631	0.023057	0.012315
 40-44 	0.014192	0.018504	0.009986
 45-49 	0.009148	0.011831	0.006565
 50-54 	0.003775	0.005028	0.002610
 55-59 	0.001341	0.002398	0.000386
 60-64 	0.000121	0.000250	0.000006
 65-69 	0.000035	0.000067	0.000006
 70-74 	0.000002	0.000004	0.000000
 75-79 	0.000040	0.000067	0.000013
 80+ 	0.000000	0.000000	0.000000
Total	0.010356	0.012199	0.008546
2041			
 0-4	0.016315	0.016322	0.016308
 5-9	0.000000	0.000000	0.000000
 10-14 	0.000000	0.000000	0.000000
 15-19 	0.022342	0.020417	0.024351
 20-24 	0.021753	0.023225	0.020243
 25-29 	0.020550	0.023875	0.017214
 30-34 	0.019261	0.025514	0.013079
 35-39 	0.017657	0.023090	0.012338
 40-44 	0.014214	0.018529	0.010004
 45-49 	0.009164	0.011844	0.006576
 50-54 	0.003783	0.005033	0.002613
 55-59 	0.001342	0.002401	0.000385
 60-64 	0.000121	0.000248	0.000006
 65-69 	0.000035	0.000067	0.000006
 70-74 	0.000002	0.000004	0.000000
 75-79 	0.000039	0.000067	0.000013
 80+ 	0.000000	0.000000	0.000000
Total	0.010301	0.012142	0.008494
2042			
 0-4	0.016669	0.016676	0.016662
 5-9	0.000000	0.000000	0.000000
 10-14 	0.000000	0.000000	0.000000
 15-19 	0.022382	0.020446	0.024400
 20-24 	0.021788	0.023258	0.020280
 25-29 	0.020583	0.023909	0.017247
 30-34 	0.019295	0.025551	0.013105
 35-39 	0.017684	0.023123	0.012362
 40-44 	0.014235	0.018551	0.010022
 45-49 	0.009178	0.011854	0.006587
 50-54 	0.003791	0.005037	0.002617
 55-59 	0.001345	0.002404	0.000385
 60-64 	0.000120	0.000248	0.000006
 65-69 	0.000035	0.000067	0.000006
 70-74 	0.000002	0.000004	0.000000
 75-79 	0.000039	0.000067	0.000013
 80+ 	0.000000	0.000000	0.000000
Total	0.010244	0.012082	0.008441
2043			
 0-4	0.017020	0.017027	0.017014
 5-9	0.000000	0.000000	0.000000
 10-14 	0.000000	0.000000	0.000000
 15-19 	0.022418	0.020472	0.024448
 20-24 	0.021820	0.023287	0.020317
 25-29 	0.020614	0.023939	0.017279
 30-34 	0.019324	0.025583	0.013129
 35-39 	0.017713	0.023157	0.012386
 40-44 	0.014252	0.018569	0.010038
 45-49 	0.009190	0.011863	0.006598
 50-54 	0.003799	0.005041	0.002621
 55-59 	0.001350	0.002407	0.000386
 60-64 	0.000120	0.000247	0.000006
 65-69 	0.000035	0.000067	0.000006
 70-74 	0.000002	0.000004	0.000000
 75-79 	0.000039	0.000067	0.000013
 80+ 	0.000000	0.000000	0.000000
Total	0.010184	0.012019	0.008387
2044			
 0-4	0.017362	0.017368	0.017356
 5-9	0.000000	0.000000	0.000000
 10-14 	0.000000	0.000000	0.000000
 15-19 	0.022450	0.020493	0.024492
 20-24 	0.021849	0.023312	0.020351
 25-29 	0.020642	0.023965	0.017310
 30-34 	0.019350	0.025610	0.013151
 35-39 	0.017741	0.023189	0.012411
 40-44 	0.014264	0.018581	0.010053
 45-49 	0.009200	0.011870	0.006607
 50-54 	0.003805	0.005044	0.002626
 55-59 	0.001354	0.002411	0.000387
 60-64 	0.000120	0.000247	0.000006
 65-69 	0.000035	0.000067	0.000006
 70-74 	0.000002	0.000004	0.000000
 75-79 	0.000039	0.000066	0.000013
 80+ 	0.000000	0.000000	0.000000
Total	0.010122	0.011951	0.008331
2045			
 0-4	0.017695	0.017701	0.017690
 5-9	0.000000	0.000000	0.000000
 10-14 	0.000000	0.000000	0.000000
 15-19 	0.022479	0.020512	0.024532
 20-24 	0.021876	0.023333	0.020384
 25-29 	0.020666	0.023987	0.017339
 30-34 	0.019372	0.025634	0.013172
 35-39 	0.017767	0.023216	0.012433
 40-44 	0.014274	0.018590	0.010066
 45-49 	0.009208	0.011876	0.006616
 50-54 	0.003811	0.005046	0.002629
 55-59 	0.001359	0.002413	0.000387
 60-64 	0.000119	0.000246	0.000006
 65-69 	0.000035	0.000067	0.000006
 70-74 	0.000002	0.000004	0.000000
 75-79 	0.000038	0.000065	0.000013
 80+ 	0.000000	0.000000	0.000000
Total	0.010057	0.011880	0.008275
2046			
 0-4	0.018023	0.018027	0.018018
 5-9	0.000000	0.000000	0.000000
 10-14 	0.000000	0.000000	0.000000
 15-19 	0.022503	0.020525	0.024567
 20-24 	0.021898	0.023350	0.020413
 25-29 	0.020686	0.024004	0.017364
 30-34 	0.019389	0.025652	0.013191
 35-39 	0.017789	0.023236	0.012453
 40-44 	0.014283	0.018598	0.010078
 45-49 	0.009215	0.011880	0.006624
 50-54 	0.003814	0.005046	0.002632
 55-59 	0.001362	0.002414	0.000387
 60-64 	0.000119	0.000246	0.000006
 65-69 	0.000035	0.000068	0.000007
 70-74 	0.000002	0.000004	0.000000
 75-79 	0.000037	0.000064	0.000013
 80+ 	0.000000	0.000000	0.000000
Total	0.009990	0.011806	0.008217
2047			
 0-4	0.018348	0.018352	0.018344
 5-9	0.000000	0.000000	0.000000
 10-14 	0.000000	0.000000	0.000000
 15-19 	0.022522	0.020534	0.024597
 20-24 	0.021917	0.023363	0.020439
 25-29 	0.020702	0.024018	0.017385
 30-34 	0.019403	0.025665	0.013208
 35-39 	0.017806	0.023249	0.012470
 40-44 	0.014294	0.018609	0.010092
 45-49 	0.009219	0.011881	0.006631
 50-54 	0.003816	0.005045	0.002634
 55-59 	0.001366	0.002413	0.000387
 60-64 	0.000120	0.000246	0.000006
 65-69 	0.000035	0.000068	0.000007
 70-74 	0.000002	0.000004	0.000000
 75-79 	0.000037	0.000065	0.000013
 80+ 	0.000000	0.000000	0.000000
Total	0.009922	0.011729	0.008159
2048			
 0-4	0.018670	0.018674	0.018666
 5-9	0.000000	0.000000	0.000000
 10-14 	0.000000	0.000000	0.000000
 15-19 	0.022536	0.020538	0.024621
 20-24 	0.021932	0.023371	0.020462
 25-29 	0.020715	0.024028	0.017403
 30-34 	0.019414	0.025674	0.013223
 35-39 	0.017818	0.023255	0.012484
 40-44 	0.014309	0.018623	0.010107
 45-49 	0.009220	0.011878	0.006635
 50-54 	0.003817	0.005042	0.002635
 55-59 	0.001369	0.002413	0.000387
 60-64 	0.000120	0.000246	0.000006
 65-69 	0.000035	0.000068	0.000007
 70-74 	0.000002	0.000004	0.000000
 75-79 	0.000038	0.000066	0.000013
 80+ 	0.000000	0.000000	0.000000
Total	0.009853	0.011651	0.008101
2049			
 0-4	0.018985	0.018989	0.018982
 5-9	0.000000	0.000000	0.000000
 10-14 	0.000000	0.000000	0.000000
 15-19 	0.022547	0.020539	0.024642
 20-24 	0.021944	0.023376	0.020481
 25-29 	0.020723	0.024033	0.017418
 30-34 	0.019422	0.025679	0.013236
 35-39 	0.017825	0.023257	0.012495
 40-44 	0.014323	0.018638	0.010122
 45-49 	0.009216	0.011870	0.006636
 50-54 	0.003816	0.005039	0.002635
 55-59 	0.001371	0.002412	0.000387
 60-64 	0.000121	0.000247	0.000006
 65-69 	0.000035	0.000068	0.000007
 70-74 	0.000002	0.000004	0.000000
 75-79 	0.000038	0.000066	0.000013
 80+ 	0.000000	0.000000	0.000000
Total	0.009784	0.011571	0.008043
2050			
 0-4	0.019233	0.019236	0.019230
 5-9	0.000000	0.000000	0.000000
 10-14 	0.000000	0.000000	0.000000
 15-19 	0.022556	0.020539	0.024659
 20-24 	0.021955	0.023380	0.020498
 25-29 	0.020731	0.024037	0.017431
 30-34 	0.019428	0.025684	0.013246
 35-39 	0.017831	0.023259	0.012505
 40-44 	0.014337	0.018651	0.010135
 45-49 	0.009212	0.011862	0.006636
 50-54 	0.003816	0.005037	0.002636
 55-59 	0.001373	0.002412	0.000387
 60-64 	0.000121	0.000246	0.000006
 65-69 	0.000035	0.000068	0.000007
 70-74 	0.000002	0.000004	0.000000
 75-79 	0.000038	0.000066	0.000013
 80+ 	0.000000	0.000000	0.000000
Total	0.009712	0.011488	0.007982
