India		Total	Male	Female
1970			
 0-4	87301752.000000	45111272.000000	42190484.000000
 5-9	74820816.000000	38925016.000000	35895800.000000
 10-14 	66258360.000000	34640952.000000	31617404.000000
 15-19 	57892704.000000	30409088.000000	27483618.000000
 20-24 	44203632.000000	22690818.000000	21512816.000000
 25-29 	39180748.000000	20044198.000000	19136552.000000
 30-34 	36259512.000000	18459052.000000	17800462.000000
 35-39 	32038960.000000	16511413.000000	15527548.000000
 40-44 	27692280.000000	14624452.000000	13067828.000000
 45-49 	23446844.000000	12476650.000000	10970195.000000
 50-54 	19612922.000000	10393213.000000	9219709.000000
 55-59 	15810784.000000	8272387.000000	7538397.000000
 60-64 	12330412.000000	6382265.000000	5948147.000000
 65-69 	8241311.000000	4269938.000000	3971373.000000
 70-74 	5493690.000000	2749354.000000	2744336.000000
 75-79 	2647226.000000	1306072.000000	1341154.000000
 80+ 	1967808.000000	890008.000000	1077800.000000
Total	555199744.000000	288156160.000000	267043616.000000
1971			
 0-4	88164416.000000	45557940.000000	42606476.000000
 5-9	76497424.000000	39780424.000000	36717004.000000
 10-14 	67654800.000000	35340940.000000	32313856.000000
 15-19 	59917792.000000	31508054.000000	28409740.000000
 20-24 	46337908.000000	23909756.000000	22428152.000000
 25-29 	39688628.000000	20329308.000000	19359320.000000
 30-34 	36736484.000000	18725690.000000	18010796.000000
 35-39 	32729212.000000	16817584.000000	15911628.000000
 40-44 	28332884.000000	14904888.000000	13427996.000000
 45-49 	23995800.000000	12761715.000000	11234086.000000
 50-54 	20049972.000000	10633283.000000	9416690.000000
 55-59 	16170038.000000	8469948.000000	7700090.500000
 60-64 	12630072.000000	6531188.000000	6098884.000000
 65-69 	8535946.000000	4418077.500000	4117868.250000
 70-74 	5620192.000000	2822857.000000	2797335.000000
 75-79 	2816029.750000	1388544.875000	1427485.000000
 80+ 	2008997.000000	913914.187500	1095082.750000
Total	567886592.000000	294814112.000000	273072480.000000
1972			
 0-4	88960104.000000	45970416.000000	42989688.000000
 5-9	78279672.000000	40691684.000000	37587988.000000
 10-14 	69100864.000000	36074540.000000	33026328.000000
 15-19 	61558728.000000	32359456.000000	29199274.000000
 20-24 	49030888.000000	25462228.000000	23568660.000000
 25-29 	40217480.000000	20608994.000000	19608488.000000
 30-34 	37176932.000000	18993100.000000	18183830.000000
 35-39 	33454596.000000	17150776.000000	16303818.000000
 40-44 	28987076.000000	15177382.000000	13809694.000000
 45-49 	24584456.000000	13064144.000000	11520312.000000
 50-54 	20496392.000000	10874487.000000	9621905.000000
 55-59 	16568598.000000	8689474.000000	7879124.500000
 60-64 	12888613.000000	6662745.000000	6225868.000000
 65-69 	8900429.000000	4593157.000000	4307272.000000
 70-74 	5696888.500000	2877228.750000	2819660.000000
 75-79 	3031505.750000	1489445.750000	1542060.000000
 80+ 	2040700.750000	934696.937500	1106003.750000
Total	580973952.000000	301673952.000000	279299968.000000
1973			
 0-4	89765216.000000	46384444.000000	43380776.000000
 5-9	80127440.000000	41639612.000000	38487832.000000
 10-14 	70600720.000000	36840952.000000	33759772.000000
 15-19 	62923996.000000	33034056.000000	29889942.000000
 20-24 	51997120.000000	27173620.000000	24823502.000000
 25-29 	40914420.000000	20975228.000000	19939192.000000
 30-34 	37600304.000000	19260480.000000	18339826.000000
 35-39 	34176264.000000	17492324.000000	16683940.000000
 40-44 	29654230.000000	15447650.000000	14206582.000000
 45-49 	25205050.000000	13375038.000000	11830012.000000
 50-54 	20960584.000000	11120591.000000	9839993.000000
 55-59 	16994640.000000	8923058.000000	8071582.000000
 60-64 	13134322.000000	6790462.000000	6343859.500000
 65-69 	9293108.000000	4777366.500000	4515741.000000
 70-74 	5768772.500000	2930120.500000	2838652.000000
 75-79 	3253522.000000	1592307.000000	1661214.750000
 80+ 	2081939.125000	959962.375000	1121976.750000
Total	594451648.000000	308717280.000000	285734400.000000
1974			
 0-4	90824376.000000	46920112.000000	43904268.000000
 5-9	81812728.000000	42511656.000000	39301072.000000
 10-14 	72154824.000000	37634452.000000	34520372.000000
 15-19 	64223840.000000	33667816.000000	30556028.000000
 20-24 	54805136.000000	28778768.000000	26026366.000000
 25-29 	42010624.000000	21575258.000000	20435368.000000
 30-34 	38040628.000000	19530468.000000	18510162.000000
 35-39 	34840632.000000	17816932.000000	17023698.000000
 40-44 	30339390.000000	15728136.000000	14611255.000000
 45-49 	25848004.000000	13682897.000000	12165107.000000
 50-54 	21456610.000000	11378904.000000	10077706.000000
 55-59 	17431260.000000	9159889.000000	8271370.500000
 60-64 	13406470.000000	6933047.000000	6473423.000000
 65-69 	9659606.000000	4948389.000000	4711216.500000
 70-74 	5890212.500000	3002184.250000	2888028.500000
 75-79 	3438333.250000	1679715.500000	1758617.750000
 80+ 	2151822.500000	997243.625000	1154578.875000
Total	608334528.000000	315945856.000000	292388640.000000
1975			
 0-4	92762816.000000	47897608.000000	44865212.000000
 5-9	82689784.000000	42976128.000000	39713656.000000
 10-14 	73765992.000000	38452572.000000	35313416.000000
 15-19 	65587256.000000	34344544.000000	31242716.000000
 20-24 	57177664.000000	30107728.000000	27069934.000000
 25-29 	43620320.000000	22482760.000000	21137558.000000
 30-34 	38524512.000000	19807736.000000	18716776.000000
 35-39 	35415624.000000	18108166.000000	17307460.000000
 40-44 	31039896.000000	16023701.000000	15016195.000000
 45-49 	26503804.000000	13979302.000000	12524502.000000
 50-54 	21989838.000000	11651449.000000	10338390.000000
 55-59 	17868638.000000	9393669.000000	8474969.000000
 60-64 	13724139.000000	7099494.000000	6624645.000000
 65-69 	9973808.000000	5096138.000000	4877670.500000
 70-74 	6082838.000000	3100965.000000	2981873.000000
 75-79 	3571349.500000	1746234.625000	1825115.000000
 80+ 	2253966.500000	1047659.187500	1206307.250000
Total	622552256.000000	323315840.000000	299236384.000000
1976			
 0-4	94647216.000000	48863732.000000	45783480.000000
 5-9	83673320.000000	43478152.000000	40195176.000000
 10-14 	75462712.000000	39313316.000000	36149400.000000
 15-19 	66989776.000000	35047664.000000	31942112.000000
 20-24 	59176048.000000	31196820.000000	27979226.000000
 25-29 	45722884.000000	23684360.000000	22038524.000000
 30-34 	39049032.000000	20093180.000000	18955850.000000
 35-39 	35925608.000000	18380318.000000	17545292.000000
 40-44 	31757528.000000	16335605.000000	15421923.000000
 45-49 	27170766.000000	14265836.000000	12904929.000000
 50-54 	22557716.000000	11937419.000000	10620296.000000
 55-59 	18311458.000000	9626945.000000	8684513.000000
 60-64 	14077355.000000	7285185.000000	6792170.000000
 65-69 	10250791.000000	5227497.500000	5023293.500000
 70-74 	6330230.000000	3219994.750000	3110235.500000
 75-79 	3668670.500000	1798805.250000	1869865.250000
 80+ 	2377957.000000	1106691.625000	1271265.375000
Total	637149056.000000	330861536.000000	306287552.000000
1977			
 0-4	96624768.000000	49876928.000000	46747840.000000
 5-9	84579032.000000	43940360.000000	40638672.000000
 10-14 	77252696.000000	40222872.000000	37029824.000000
 15-19 	68429288.000000	35776660.000000	32652628.000000
 20-24 	60784072.000000	32034144.000000	28749928.000000
 25-29 	48357304.000000	25204416.000000	23152886.000000
 30-34 	39576100.000000	20362868.000000	19213234.000000
 35-39 	36386224.000000	18644596.000000	17741628.000000
 40-44 	32499588.000000	16668020.000000	15831568.000000
 45-49 	27842230.000000	14539798.000000	13302432.000000
 50-54 	23157496.000000	12236808.000000	10920690.000000
 55-59 	18758686.000000	9859036.000000	8899651.000000
 60-64 	14461914.000000	7488319.000000	6973594.500000
 65-69 	10492782.000000	5344043.500000	5148738.000000
 70-74 	6627474.500000	3357500.500000	3269974.000000
 75-79 	3733330.750000	1839281.125000	1894049.625000
 80+ 	2519220.500000	1172340.875000	1346879.500000
Total	652082240.000000	338568000.000000	313514208.000000
1978			
 0-4	98610344.000000	50895464.000000	47714880.000000
 5-9	85482240.000000	44399368.000000	41082868.000000
 10-14 	79102544.000000	41166700.000000	37935844.000000
 15-19 	69917640.000000	36535772.000000	33381868.000000
 20-24 	62118420.000000	32695340.000000	29423082.000000
 25-29 	51256924.000000	26879254.000000	24377670.000000
 30-34 	40260240.000000	20714388.000000	19545852.000000
 35-39 	36821984.000000	18905354.000000	17916632.000000
 40-44 	33231560.000000	17006036.000000	16225522.000000
 45-49 	28519224.000000	14808654.000000	13710571.000000
 50-54 	23781994.000000	12542183.000000	11239811.000000
 55-59 	19217668.000000	10094117.000000	9123552.000000
 60-64 	14866203.000000	7702116.500000	7164086.500000
 65-69 	10720676.000000	5456422.000000	5264254.500000
 70-74 	6941536.000000	3500097.250000	3441438.750000
 75-79 	3793645.500000	1878799.500000	1914845.875000
 80+ 	2663301.500000	1239219.875000	1424081.625000
Total	667306176.000000	346419296.000000	320886848.000000
1979			
 0-4	100549800.000000	51894568.000000	48655236.000000
 5-9	86620064.000000	44971896.000000	41648172.000000
 10-14 	80789104.000000	42035060.000000	38754044.000000
 15-19 	71457264.000000	37320836.000000	34136424.000000
 20-24 	63388716.000000	33316128.000000	30072588.000000
 25-29 	54002456.000000	28450364.000000	25552088.000000
 30-34 	41332732.000000	21295194.000000	20037538.000000
 35-39 	37267960.000000	19167044.000000	18100916.000000
 40-44 	33902008.000000	17325986.000000	16576021.000000
 45-49 	29207262.000000	15085237.000000	14122024.000000
 50-54 	24421638.000000	12842627.000000	11579011.000000
 55-59 	19700980.000000	10339046.000000	9361934.000000
 60-64 	15274680.000000	7917137.000000	7357543.000000
 65-69 	10965521.000000	5579515.000000	5386006.000000
 70-74 	7230838.000000	3631269.500000	3599568.250000
 75-79 	3884781.250000	1930335.125000	1954446.125000
 80+ 	2795061.500000	1301840.125000	1493221.375000
Total	682790848.000000	354404096.000000	328386784.000000
1980			
 0-4	102414512.000000	52861336.000000	49553180.000000
 5-9	88612328.000000	45975916.000000	42636408.000000
 10-14 	81683464.000000	42505232.000000	39178232.000000
 15-19 	73058664.000000	38134132.000000	34924532.000000
 20-24 	64731752.000000	33984740.000000	30747012.000000
 25-29 	56334124.000000	29757398.000000	26576724.000000
 30-34 	42918492.000000	22185404.000000	20733088.000000
 35-39 	37758676.000000	19440130.000000	18318548.000000
 40-44 	34484688.000000	17615542.000000	16869146.000000
 45-49 	29907564.000000	15377012.000000	14530553.000000
 50-54 	25069604.000000	13131702.000000	11937900.000000
 55-59 	20215444.000000	10597071.000000	9618373.000000
 60-64 	15679796.000000	8128667.500000	7551128.500000
 65-69 	11243406.000000	5720917.000000	5522489.000000
 70-74 	7476276.000000	3743980.000000	3732295.750000
 75-79 	4020700.500000	1998527.375000	2022173.250000
 80+ 	2909602.500000	1358559.875000	1551042.750000
Total	698519104.000000	362516256.000000	336002816.000000
1981			
 0-4	104200416.000000	53794244.000000	50406176.000000
 5-9	90541480.000000	46963956.000000	43577520.000000
 10-14 	82675208.000000	43010208.000000	39665004.000000
 15-19 	74743264.000000	38989360.000000	35753904.000000
 20-24 	66113816.000000	34679612.000000	31434204.000000
 25-29 	58299648.000000	30828930.000000	27470720.000000
 30-34 	44988620.000000	23365846.000000	21622774.000000
 35-39 	38285816.000000	19721046.000000	18564770.000000
 40-44 	35000072.000000	17885786.000000	17114286.000000
 45-49 	30620170.000000	15683514.000000	14936656.000000
 50-54 	25723342.000000	13409791.000000	12313552.000000
 55-59 	20758040.000000	10866522.000000	9891518.000000
 60-64 	16085867.000000	8338675.500000	7747192.000000
 65-69 	11546557.000000	5876765.000000	5669792.000000
 70-74 	7690240.000000	3843669.250000	3846571.250000
 75-79 	4190179.500000	2078926.875000	2111252.500000
 80+ 	3012709.750000	1411587.125000	1601122.625000
Total	714475456.000000	370748448.000000	343727008.000000
1982			
 0-4	105925160.000000	54701788.000000	51223376.000000
 5-9	92556848.000000	47995704.000000	44561148.000000
 10-14 	83585416.000000	43474344.000000	40111072.000000
 15-19 	76519224.000000	39892640.000000	36626588.000000
 20-24 	67532448.000000	35400016.000000	32132436.000000
 25-29 	59881820.000000	31652362.000000	28229458.000000
 30-34 	47581492.000000	24860066.000000	22721426.000000
 35-39 	38813044.000000	19986212.000000	18826832.000000
 40-44 	35464712.000000	18147870.000000	17316840.000000
 45-49 	31353488.000000	16008992.000000	15344495.000000
 50-54 	26378430.000000	13675013.000000	12703416.000000
 55-59 	21327754.000000	11147765.000000	10179989.000000
 60-64 	16494103.000000	8547250.000000	7946853.500000
 65-69 	11873167.000000	6045960.500000	5827206.500000
 70-74 	7877017.000000	3932415.250000	3944601.750000
 75-79 	4390446.000000	2170413.250000	2220032.750000
 80+ 	3106135.750000	1461574.875000	1644560.875000
Total	730660736.000000	379100384.000000	351560320.000000
1983			
 0-4	107621168.000000	55598096.000000	52023076.000000
 5-9	94579232.000000	49032008.000000	45547224.000000
 10-14 	84490208.000000	43934328.000000	40555876.000000
 15-19 	78353752.000000	40829564.000000	37524184.000000
 20-24 	68998816.000000	36149912.000000	32848906.000000
 25-29 	61194192.000000	32301568.000000	28892620.000000
 30-34 	50434780.000000	26506434.000000	23928348.000000
 35-39 	39492392.000000	20331168.000000	19161224.000000
 40-44 	35903240.000000	18406076.000000	17497164.000000
 45-49 	32075092.000000	16339303.000000	15735787.000000
 50-54 	27037236.000000	13935021.000000	13102215.000000
 55-59 	21919302.000000	11434419.000000	10484883.000000
 60-64 	16912776.000000	8758858.000000	8153917.000000
 65-69 	12215353.000000	6223670.000000	5991683.000000
 70-74 	8053966.000000	4018696.250000	4035270.000000
 75-79 	4600186.000000	2264580.250000	2335605.500000
 80+ 	3200189.500000	1512419.000000	1687770.625000
Total	747081856.000000	387576128.000000	359505760.000000
1984			
 0-4	109307640.000000	56490268.000000	52817376.000000
 5-9	96554512.000000	50047960.000000	46506548.000000
 10-14 	85626128.000000	44506548.000000	41119576.000000
 15-19 	80025968.000000	41691532.000000	38334440.000000
 20-24 	70515424.000000	36925328.000000	33590096.000000
 25-29 	62442936.000000	32910478.000000	29532458.000000
 30-34 	53136348.000000	28050342.000000	25086006.000000
 35-39 	40551264.000000	20900778.000000	19650484.000000
 40-44 	36350056.000000	18664740.000000	17685316.000000
 45-49 	32735620.000000	16651898.000000	16083722.000000
 50-54 	27705314.000000	14202176.000000	13503139.000000
 55-59 	22524402.000000	11716721.000000	10807680.000000
 60-64 	17353478.000000	8979918.000000	8373561.000000
 65-69 	12561270.000000	6402862.500000	6158407.500000
 70-74 	8244335.500000	4113517.250000	4130818.000000
 75-79 	4792212.500000	2351071.000000	2441141.500000
 80+ 	3306741.000000	1568417.250000	1738323.625000
Total	763733632.000000	396174560.000000	367559104.000000
1985			
 0-4	110963464.000000	57366216.000000	53597252.000000
 5-9	98452144.000000	51029644.000000	47422504.000000
 10-14 	87607920.000000	45506316.000000	42101604.000000
 15-19 	80911432.000000	42157824.000000	38753608.000000
 20-24 	72091040.000000	37727608.000000	34363432.000000
 25-29 	63761116.000000	33565296.000000	30195820.000000
 30-34 	55429280.000000	29332920.000000	26096364.000000
 35-39 	42111872.000000	21773160.000000	20338710.000000
 40-44 	36838416.000000	18933524.000000	17904892.000000
 45-49 	33309582.000000	16934688.000000	16374893.000000
 50-54 	28383684.000000	14483278.000000	13900405.000000
 55-59 	23136880.000000	11988658.000000	11148222.000000
 60-64 	17822208.000000	9213146.000000	8609062.000000
 65-69 	12905223.000000	6579929.500000	6325293.000000
 70-74 	8459785.000000	4222216.000000	4237569.500000
 75-79 	4954629.000000	2425658.500000	2528970.250000
 80+ 	3430004.500000	1630822.500000	1799182.000000
Total	780568704.000000	404870912.000000	375697792.000000
1986			
 0-4	112548784.000000	58206408.000000	54342376.000000
 5-9	100277832.000000	51980192.000000	48297640.000000
 10-14 	89528672.000000	46491084.000000	43037588.000000
 15-19 	81894360.000000	42658952.000000	39235408.000000
 20-24 	73749720.000000	38571648.000000	35178072.000000
 25-29 	65118348.000000	34246368.000000	30871978.000000
 30-34 	57362236.000000	30383460.000000	26978776.000000
 35-39 	44147332.000000	22930228.000000	21217104.000000
 40-44 	37361152.000000	19209362.000000	18151792.000000
 45-49 	33817576.000000	17198658.000000	16618919.000000
 50-54 	29072872.000000	14777935.000000	14294936.000000
 55-59 	23754664.000000	12250565.000000	11504100.000000
 60-64 	18316222.000000	9456724.000000	8859497.000000
 65-69 	13250897.000000	6756248.000000	6494649.000000
 70-74 	8694306.000000	4341683.000000	4352622.500000
 75-79 	5096502.000000	2492106.750000	2604395.250000
 80+ 	3565403.500000	1697766.750000	1867636.625000
Total	797556864.000000	413649408.000000	383907488.000000
1987			
 0-4	114028664.000000	58994472.000000	55034192.000000
 5-9	102048480.000000	52908388.000000	49140088.000000
 10-14 	91536528.000000	47519968.000000	44016564.000000
 15-19 	82798016.000000	43119928.000000	39678088.000000
 20-24 	75499856.000000	39463372.000000	36036480.000000
 25-29 	66512660.000000	34953088.000000	31559572.000000
 30-34 	58918556.000000	31189754.000000	27728800.000000
 35-39 	46695400.000000	24394796.000000	22300606.000000
 40-44 	37882880.000000	19468984.000000	18413894.000000
 45-49 	34275816.000000	17454320.000000	16821496.000000
 50-54 	29780868.000000	15089665.000000	14691203.000000
 55-59 	24373592.000000	12500298.000000	11873293.000000
 60-64 	18834014.000000	9710032.000000	9123982.000000
 65-69 	13598915.000000	6931168.000000	6667747.000000
 70-74 	8946001.000000	4470543.500000	4475457.000000
 75-79 	5221263.500000	2551749.250000	2669514.500000
 80+ 	3711772.500000	1768570.000000	1943202.375000
Total	814663296.000000	422489088.000000	392174176.000000
1988			
 0-4	115348088.000000	59710724.000000	55637368.000000
 5-9	103789896.000000	53824428.000000	49965468.000000
 10-14 	93553168.000000	48553928.000000	44999244.000000
 15-19 	83698320.000000	43577128.000000	40121192.000000
 20-24 	77309560.000000	40388444.000000	36921116.000000
 25-29 	67955152.000000	35688968.000000	32266180.000000
 30-34 	60209960.000000	31824364.000000	28385596.000000
 35-39 	49498644.000000	26007802.000000	23490842.000000
 40-44 	38552436.000000	19805536.000000	18746902.000000
 45-49 	34708004.000000	17705272.000000	17002730.000000
 50-54 	30476726.000000	15404582.000000	15072144.000000
 55-59 	24995860.000000	12744325.000000	12251534.000000
 60-64 	19370938.000000	9966582.000000	9404356.000000
 65-69 	13956074.000000	7107369.000000	6848705.000000
 70-74 	9208978.000000	4604407.500000	4604570.500000
 75-79 	5340440.000000	2609386.000000	2731054.250000
 80+ 	3862095.000000	1839811.000000	2022283.875000
Total	831834368.000000	431363072.000000	400471296.000000
1989			
 0-4	116459504.000000	60339724.000000	56119784.000000
 5-9	105524384.000000	54736640.000000	50787740.000000
 10-14 	95525008.000000	49567932.000000	45957076.000000
 15-19 	84829152.000000	44145736.000000	40683420.000000
 20-24 	78960744.000000	41239148.000000	37721592.000000
 25-29 	69447704.000000	36449248.000000	32998454.000000
 30-34 	61438764.000000	32418538.000000	29020228.000000
 35-39 	52152172.000000	27518760.000000	24633412.000000
 40-44 	39592348.000000	20360400.000000	19231950.000000
 45-49 	35147200.000000	17955234.000000	17191968.000000
 50-54 	31113556.000000	15701209.000000	15412348.000000
 55-59 	25626750.000000	12993617.000000	12633134.000000
 60-64 	19920408.000000	10217520.000000	9702887.000000
 65-69 	14332511.000000	7289513.500000	7042997.000000
 70-74 	9475177.000000	4737521.500000	4737656.000000
 75-79 	5469234.500000	2671279.250000	2797955.500000
 80+ 	4007462.500000	1907303.000000	2100159.500000
Total	849022080.000000	440249312.000000	408772768.000000
1990			
 0-4	117340256.000000	60872612.000000	56467644.000000
 5-9	107236616.000000	55635752.000000	51600864.000000
 10-14 	97422928.000000	50548668.000000	46874264.000000
 15-19 	86799200.000000	45138712.000000	41660492.000000
 20-24 	79838200.000000	41698764.000000	38139436.000000
 25-29 	71000832.000000	37236100.000000	33764728.000000
 30-34 	62737180.000000	33057788.000000	29679392.000000
 35-39 	54404704.000000	28772260.000000	25632446.000000
 40-44 	41122752.000000	21210110.000000	19912642.000000
 45-49 	35626120.000000	18213798.000000	17412322.000000
 50-54 	31667818.000000	15968604.000000	15699214.000000
 55-59 	26267682.000000	13254510.000000	13013172.000000
 60-64 	20477780.000000	10457792.000000	10019987.000000
 65-69 	14733844.000000	7479855.000000	7253989.000000
 70-74 	9741196.000000	4867199.500000	4873996.500000
 75-79 	5615391.500000	2740530.500000	2874860.750000
 80+ 	4144568.250000	1969425.750000	2175142.500000
Total	866177088.000000	449122496.000000	417054592.000000
1991			
 0-4	117997928.000000	61310064.000000	56687864.000000
 5-9	108888016.000000	56502916.000000	52385100.000000
 10-14 	99251216.000000	51498456.000000	47752764.000000
 15-19 	88710256.000000	46116808.000000	42593448.000000
 20-24 	80814208.000000	42192992.000000	38621212.000000
 25-29 	72636320.000000	38063368.000000	34572956.000000
 30-34 	64073500.000000	33721672.000000	30351824.000000
 35-39 	56302888.000000	29796436.000000	26506450.000000
 40-44 	43116176.000000	22335990.000000	20780186.000000
 45-49 	36137804.000000	18478098.000000	17659706.000000
 50-54 	32159518.000000	16217494.000000	15942024.000000
 55-59 	26919300.000000	13526745.000000	13392555.000000
 60-64 	21041566.000000	10688154.000000	10353412.000000
 65-69 	15158208.000000	7677296.000000	7480912.000000
 70-74 	10010416.000000	4994841.000000	5015575.000000
 75-79 	5775448.500000	2815388.500000	2960060.250000
 80+ 	4277704.500000	2027964.875000	2249739.750000
Total	883270464.000000	457964672.000000	425305792.000000
1992			
 0-4	118472768.000000	61663824.000000	56808948.000000
 5-9	110442784.000000	57321664.000000	53121124.000000
 10-14 	101026448.000000	52426080.000000	48600364.000000
 15-19 	90708288.000000	47138592.000000	43569692.000000
 20-24 	81713608.000000	42647600.000000	39066008.000000
 25-29 	74362912.000000	38937640.000000	35425276.000000
 30-34 	65445884.000000	34409896.000000	31035988.000000
 35-39 	57830912.000000	30580094.000000	27250820.000000
 40-44 	45608824.000000	23759712.000000	21849110.000000
 45-49 	36648592.000000	18726388.000000	17922202.000000
 50-54 	32604870.000000	16458656.000000	16146214.000000
 55-59 	27589548.000000	13814224.000000	13775326.000000
 60-64 	21608620.000000	10907674.000000	10700947.000000
 65-69 	15604755.000000	7882223.000000	7722532.000000
 70-74 	10284005.000000	5120965.000000	5163040.000000
 75-79 	5948908.000000	2895827.000000	3053081.250000
 80+ 	4409506.000000	2084402.125000	2325104.000000
Total	900311232.000000	466775456.000000	433535776.000000
1993			
 0-4	118813184.000000	61945552.000000	56867640.000000
 5-9	111847024.000000	58072900.000000	53774124.000000
 10-14 	102774176.000000	53342044.000000	49432128.000000
 15-19 	92715664.000000	48165624.000000	44550040.000000
 20-24 	82611072.000000	43098856.000000	39512212.000000
 25-29 	76149304.000000	39845200.000000	36304100.000000
 30-34 	66865684.000000	35126532.000000	31739152.000000
 35-39 	59098960.000000	31195206.000000	27903754.000000
 40-44 	48349432.000000	25326460.000000	23022970.000000
 45-49 	37303752.000000	19049638.000000	18254114.000000
 50-54 	33027292.000000	16696442.000000	16330851.000000
 55-59 	28250828.000000	14105711.000000	14145119.000000
 60-64 	22182810.000000	11124165.000000	11058644.000000
 65-69 	16071329.000000	8091337.000000	7979992.000000
 70-74 	10568775.000000	5249726.000000	5319049.000000
 75-79 	6133162.000000	2980678.500000	3152483.500000
 80+ 	4544595.500000	2141636.750000	2402958.750000
Total	917307008.000000	475557696.000000	441749344.000000
1994			
 0-4	119055744.000000	62163948.000000	56891792.000000
 5-9	113054472.000000	58741864.000000	54312608.000000
 10-14 	104516928.000000	54255224.000000	50261704.000000
 15-19 	94679864.000000	49173580.000000	45506284.000000
 20-24 	83737448.000000	43661024.000000	40076424.000000
 25-29 	77780480.000000	40679672.000000	37100804.000000
 30-34 	68335432.000000	35867560.000000	32467874.000000
 35-39 	60305892.000000	31770902.000000	28534988.000000
 40-44 	50943568.000000	26793072.000000	24150494.000000
 45-49 	38319772.000000	19585040.000000	18734732.000000
 50-54 	33459076.000000	16935138.000000	16523936.000000
 55-59 	28861010.000000	14383173.000000	14477838.000000
 60-64 	22771078.000000	11349536.000000	11421542.000000
 65-69 	16554880.000000	8299662.000000	8255218.500000
 70-74 	10874352.000000	5386803.000000	5487548.500000
 75-79 	6324250.000000	3067895.500000	3256354.250000
 80+ 	4688477.000000	2202876.750000	2485600.250000
Total	934262720.000000	484316960.000000	449945728.000000
1995			
 0-4	119262216.000000	62346416.000000	56915796.000000
 5-9	114043352.000000	59320504.000000	54722848.000000
 10-14 	106239808.000000	55156840.000000	51082972.000000
 15-19 	96572432.000000	50149564.000000	46422868.000000
 20-24 	85693104.000000	44643512.000000	41049592.000000
 25-29 	78649656.000000	41128264.000000	37521396.000000
 30-34 	69865416.000000	36635236.000000	33230182.000000
 35-39 	61581072.000000	32390836.000000	29190236.000000
 40-44 	53146312.000000	28008764.000000	25137548.000000
 45-49 	39812912.000000	20406286.000000	19406628.000000
 50-54 	33931648.000000	17184150.000000	16747500.000000
 55-59 	29398868.000000	14637357.000000	14761510.000000
 60-64 	23375388.000000	11590311.000000	11785079.000000
 65-69 	17053008.000000	8504442.000000	8548566.000000
 70-74 	11205906.000000	5534988.000000	5670918.000000
 75-79 	6520735.500000	3156743.000000	3363992.500000
 80+ 	4844217.000000	2269864.000000	2574352.750000
Total	951196032.000000	493064064.000000	458132000.000000
1996			
 0-4	119470944.000000	62513712.000000	56957228.000000
 5-9	114819000.000000	59808708.000000	55010288.000000
 10-14 	107904000.000000	56027924.000000	51876076.000000
 15-19 	98396928.000000	51095520.000000	47301404.000000
 20-24 	87591552.000000	45611836.000000	41979720.000000
 25-29 	79615624.000000	41610872.000000	38004748.000000
 30-34 	71476048.000000	37442408.000000	34033640.000000
 35-39 	62892488.000000	33034286.000000	29858204.000000
 40-44 	55002840.000000	29000810.000000	26002032.000000
 45-49 	41755280.000000	21494266.000000	20261012.000000
 50-54 	34438192.000000	17440688.000000	16997502.000000
 55-59 	29883088.000000	14878112.000000	15004976.000000
 60-64 	23995720.000000	11846033.000000	12149686.000000
 65-69 	17564606.000000	8706643.000000	8857964.000000
 70-74 	11561847.000000	5693487.000000	5868360.000000
 75-79 	6724948.000000	3248302.000000	3476646.000000
 80+ 	5011645.500000	2342437.750000	2669207.750000
Total	968104768.000000	501796064.000000	466308704.000000
1997			
 0-4	119682368.000000	62672280.000000	57010084.000000
 5-9	115417184.000000	60216416.000000	55200776.000000
 10-14 	109473448.000000	56851720.000000	52621728.000000
 15-19 	100169248.000000	52019816.000000	48149432.000000
 20-24 	89575968.000000	46623396.000000	42952568.000000
 25-29 	80505200.000000	42053908.000000	38451292.000000
 30-34 	73174608.000000	38294496.000000	34880112.000000
 35-39 	64237032.000000	33699872.000000	30537156.000000
 40-44 	56496884.000000	29757710.000000	26739172.000000
 45-49 	44180008.000000	22868252.000000	21311756.000000
 50-54 	34945748.000000	17683502.000000	17262246.000000
 55-59 	30328052.000000	15114562.000000	15213491.000000
 60-64 	24637384.000000	12118785.000000	12518599.000000
 65-69 	18086058.000000	8904757.000000	9181300.000000
 70-74 	11940342.000000	5861572.500000	6078769.500000
 75-79 	6937039.000000	3342265.750000	3594773.250000
 80+ 	5190590.000000	2420281.500000	2770308.500000
Total	984977152.000000	510503584.000000	474473568.000000
1998			
 0-4	119918712.000000	62839560.000000	57079152.000000
 5-9	115881504.000000	60552904.000000	55328604.000000
 10-14 	110892608.000000	57607888.000000	53284720.000000
 15-19 	101912640.000000	52931584.000000	48981056.000000
 20-24 	91567016.000000	47638512.000000	43928504.000000
 25-29 	81389744.000000	42491792.000000	38897956.000000
 30-34 	74927840.000000	39176208.000000	35751636.000000
 35-39 	65623748.000000	34389956.000000	31233790.000000
 40-44 	57734136.000000	30348154.000000	27385984.000000
 45-49 	46841940.000000	24377430.000000	22464512.000000
 50-54 	35591820.000000	17997636.000000	17594184.000000
 55-59 	30753482.000000	15348774.000000	15404708.000000
 60-64 	25272652.000000	12396429.000000	12876225.000000
 65-69 	18617916.000000	9103153.000000	9514763.000000
 70-74 	12337886.000000	6034879.000000	6303007.500000
 75-79 	7160044.500000	3439952.000000	3720092.500000
 80+ 	5379839.000000	2502499.750000	2877339.250000
Total	1001803520.000000	519177312.000000	482626208.000000
1999			
 0-4	120200656.000000	63027756.000000	57172896.000000
 5-9	116244504.000000	60824624.000000	55419880.000000
 10-14 	112112944.000000	58280144.000000	53832796.000000
 15-19 	103646856.000000	53838156.000000	49808696.000000
 20-24 	93509584.000000	48631272.000000	44878308.000000
 25-29 	82493816.000000	43035408.000000	39458404.000000
 30-34 	76521632.000000	39981272.000000	36540356.000000
 35-39 	67053336.000000	35099288.000000	31954050.000000
 40-44 	58906936.000000	30896556.000000	28010382.000000
 45-49 	49358004.000000	25786568.000000	23571436.000000
 50-54 	36582028.000000	18511968.000000	18070058.000000
 55-59 	31187448.000000	15582902.000000	15604545.000000
 60-64 	25861370.000000	12661308.000000	13200062.000000
 65-69 	19163128.000000	9309589.000000	9853538.000000
 70-74 	12750648.000000	6208082.500000	6542566.000000
 75-79 	7398899.500000	3543815.000000	3855084.500000
 80+ 	5578233.000000	2588303.250000	2989930.000000
Total	1018569984.000000	527807008.000000	490762976.000000
2000			
 0-4	120526168.000000	63236256.000000	57289912.000000
 5-9	116560928.000000	61054796.000000	55506132.000000
 10-14 	113106736.000000	58856688.000000	54250040.000000
 15-19 	105350208.000000	54726700.000000	50623508.000000
 20-24 	95366576.000000	49583648.000000	45782928.000000
 25-29 	84400336.000000	43984020.000000	40416312.000000
 30-34 	77351792.000000	40397376.000000	36954416.000000
 35-39 	68531680.000000	35826956.000000	32704726.000000
 40-44 	60138320.000000	31481876.000000	28656446.000000
 45-49 	51489444.000000	26949190.000000	24540252.000000
 50-54 	38025264.000000	19294482.000000	18730782.000000
 55-59 	31657572.000000	15824192.000000	15833380.000000
 60-64 	26383052.000000	12904125.000000	13478928.000000
 65-69 	19721272.000000	9528065.000000	10193207.000000
 70-74 	13175816.000000	6378164.000000	6797652.000000
 75-79 	7656099.000000	3654858.500000	4001240.250000
 80+ 	5785594.500000	2677436.000000	3108158.500000
Total	1035226880.000000	536358848.000000	498868032.000000
2001			
 0-4	120872760.000000	63453728.000000	57419032.000000
 5-9	116872640.000000	61266608.000000	55606032.000000
 10-14 	113882688.000000	59339792.000000	54542896.000000
 15-19 	106989312.000000	55581552.000000	51407760.000000
 20-24 	97148352.000000	50501904.000000	46646448.000000
 25-29 	86241600.000000	44913592.000000	41328008.000000
 30-34 	78268888.000000	40841812.000000	37427080.000000
 35-39 	70081544.000000	36587792.000000	33493754.000000
 40-44 	61399056.000000	32085564.000000	29313488.000000
 45-49 	53281960.000000	27893184.000000	25388778.000000
 50-54 	39894896.000000	20327094.000000	19567800.000000
 55-59 	32158314.000000	16070692.000000	16087623.000000
 60-64 	26855636.000000	13134137.000000	13721500.000000
 65-69 	20292188.000000	9758123.000000	10534064.000000
 70-74 	13612428.000000	6545885.000000	7066543.000000
 75-79 	7930466.000000	3772437.750000	4158028.500000
 80+ 	6003204.000000	2770370.250000	3232834.000000
Total	1051785920.000000	544844288.000000	506941664.000000
2002			
 0-4	121187984.000000	63652196.000000	57535792.000000
 5-9	117182712.000000	61468148.000000	55714568.000000
 10-14 	114477656.000000	59740424.000000	54737236.000000
 15-19 	108530528.000000	56387476.000000	52143048.000000
 20-24 	98873824.000000	51396472.000000	47477352.000000
 25-29 	88161504.000000	45882776.000000	42278728.000000
 30-34 	79104776.000000	41244160.000000	37860616.000000
 35-39 	71711792.000000	37388588.000000	34323208.000000
 40-44 	62687496.000000	32707430.000000	29980068.000000
 45-49 	54721980.000000	28609246.000000	26112732.000000
 50-54 	42222548.000000	21628162.000000	20594386.000000
 55-59 	32659946.000000	16303652.000000	16356294.000000
 60-64 	27293782.000000	13360559.000000	13933223.000000
 65-69 	20881352.000000	10002178.000000	10879174.000000
 70-74 	14058334.000000	6710800.500000	7347534.500000
 75-79 	8221317.000000	3896504.750000	4324812.000000
 80+ 	6231852.000000	2867284.250000	3364567.500000
Total	1068209408.000000	553246080.000000	514963328.000000
2003			
 0-4	121372928.000000	63779708.000000	57593216.000000
 5-9	117514672.000000	61677808.000000	55836864.000000
 10-14 	114936824.000000	60069392.000000	54867432.000000
 15-19 	109920896.000000	57125884.000000	52795016.000000
 20-24 	100569056.000000	52278608.000000	48290448.000000
 25-29 	90085896.000000	46855328.000000	43230564.000000
 30-34 	79933528.000000	41641212.000000	38292316.000000
 35-39 	73392536.000000	38216628.000000	35175908.000000
 40-44 	64014780.000000	33351548.000000	30663230.000000
 45-49 	55913600.000000	29164988.000000	26748612.000000
 50-54 	44775608.000000	23055800.000000	21719806.000000
 55-59 	33293608.000000	16603534.000000	16690072.000000
 60-64 	27716694.000000	13585985.000000	14130708.000000
 65-69 	21466468.000000	10251030.000000	11215439.000000
 70-74 	14515262.000000	6877164.500000	7638098.000000
 75-79 	8527662.000000	4024809.000000	4502853.000000
 80+ 	6474053.000000	2969255.750000	3504797.500000
Total	1084424064.000000	561528704.000000	522895392.000000
2004			
 0-4	121346336.000000	63793888.000000	57552448.000000
 5-9	117889600.000000	61908128.000000	55981468.000000
 10-14 	115293976.000000	60334252.000000	54959720.000000
 15-19 	111113544.000000	57781652.000000	53331892.000000
 20-24 	102255424.000000	53156856.000000	49098568.000000
 25-29 	91963824.000000	47807932.000000	44155892.000000
 30-34 	80979768.000000	42144372.000000	38835392.000000
 35-39 	74916240.000000	38970020.000000	35946220.000000
 40-44 	65384056.000000	34014676.000000	31369380.000000
 45-49 	57043972.000000	29680998.000000	27362974.000000
 50-54 	47190228.000000	24388426.000000	22801802.000000
 55-59 	34253976.000000	17091074.000000	17162904.000000
 60-64 	28150092.000000	13812331.000000	14337762.000000
 65-69 	22013840.000000	10490351.000000	11523489.000000
 70-74 	14986128.000000	7051222.000000	7934905.500000
 75-79 	8847936.000000	4154099.250000	4693836.500000
 80+ 	6732842.000000	3077607.750000	3655234.250000
Total	1100361728.000000	569657856.000000	530703904.000000
2005			
 0-4	121083568.000000	63681672.000000	57401896.000000
 5-9	118307456.000000	62160304.000000	56147160.000000
 10-14 	115607256.000000	60561172.000000	55046088.000000
 15-19 	112084368.000000	58346236.000000	53738132.000000
 20-24 	103915800.000000	54022220.000000	49893580.000000
 25-29 	93766544.000000	48728384.000000	45038160.000000
 30-34 	82824920.000000	43052972.000000	39771948.000000
 35-39 	75696480.000000	39348456.000000	36348024.000000
 40-44 	66806008.000000	34699904.000000	32106106.000000
 45-49 	58235024.000000	30235670.000000	27999352.000000
 50-54 	49241324.000000	25489784.000000	23751542.000000
 55-59 	35644648.000000	17830598.000000	17814052.000000
 60-64 	28619114.000000	14046320.000000	14572794.000000
 65-69 	22506144.000000	10712767.000000	11793376.000000
 70-74 	15470364.000000	7236013.500000	8234350.000000
 75-79 	9180397.000000	4282453.500000	4897943.000000
 80+ 	7009516.000000	3192758.500000	3816757.750000
Total	1115998976.000000	577627712.000000	538371264.000000
2006			
 0-4	120632328.000000	63466732.000000	57165592.000000
 5-9	118746520.000000	62422456.000000	56324064.000000
 10-14 	115918224.000000	60771968.000000	55146252.000000
 15-19 	112842800.000000	58820848.000000	54021952.000000
 20-24 	105518040.000000	54857952.000000	50660088.000000
 25-29 	95503688.000000	49621280.000000	45882408.000000
 30-34 	84616064.000000	43950484.000000	40665584.000000
 35-39 	76571256.000000	39761780.000000	36809480.000000
 40-44 	68304248.000000	35422332.000000	32881916.000000
 45-49 	59459808.000000	30812014.000000	28647792.000000
 50-54 	50973720.000000	26387442.000000	24586278.000000
 55-59 	37438956.000000	18804320.000000	18634634.000000
 60-64 	29117900.000000	14285962.000000	14831939.000000
 65-69 	22958128.000000	10925870.000000	12032258.000000
 70-74 	15966504.000000	7430583.000000	8535921.000000
 75-79 	9523275.000000	4410069.500000	5113205.000000
 80+ 	7302876.500000	3314042.750000	3988833.750000
Total	1131394304.000000	585466112.000000	545928192.000000
2007			
 0-4	120118784.000000	63213968.000000	56904816.000000
 5-9	119155920.000000	62667080.000000	56488836.000000
 10-14 	116230912.000000	60974520.000000	55256392.000000
 15-19 	113427192.000000	59216600.000000	54210596.000000
 20-24 	107031504.000000	55649456.000000	51382048.000000
 25-29 	97194984.000000	50496664.000000	46698320.000000
 30-34 	86496016.000000	44894544.000000	41601468.000000
 35-39 	77376640.000000	40141456.000000	37235188.000000
 40-44 	69888320.000000	36188960.000000	33699364.000000
 45-49 	60717280.000000	31410242.000000	29307036.000000
 50-54 	52374896.000000	27073490.000000	25301404.000000
 55-59 	39663888.000000	20027992.000000	19635896.000000
 60-64 	29617444.000000	14513692.000000	15103752.000000
 65-69 	23380614.000000	11136827.000000	12243787.000000
 70-74 	16476531.000000	7635748.000000	8840783.000000
 75-79 	9872961.000000	4535912.500000	5337049.000000
 80+ 	7610761.500000	3440589.000000	4170172.500000
Total	1146634624.000000	593217728.000000	553416896.000000
2008			
 0-4	119696800.000000	63003112.000000	56693696.000000
 5-9	119434712.000000	62840568.000000	56594144.000000
 10-14 	116569400.000000	61186808.000000	55382592.000000
 15-19 	113886768.000000	59545876.000000	54340896.000000
 20-24 	108410176.000000	56381240.000000	52028944.000000
 25-29 	98870408.000000	51367572.000000	47502836.000000
 30-34 	88396544.000000	45852320.000000	42544224.000000
 35-39 	78191920.000000	40527936.000000	37663984.000000
 40-44 	71534648.000000	36991424.000000	34543224.000000
 45-49 	62022396.000000	32037380.000000	29985016.000000
 50-54 	53546304.000000	27613992.000000	25932314.000000
 55-59 	42100600.000000	21370242.000000	20730358.000000
 60-64 	30236300.000000	14801846.000000	15434454.000000
 65-69 	23787068.000000	11346319.000000	12440751.000000
 70-74 	16979532.000000	7843266.500000	9136264.000000
 75-79 	10228332.000000	4662006.000000	5566326.000000
 80+ 	7931581.000000	3570541.750000	4361039.000000
Total	1161823488.000000	600942464.000000	560881088.000000
2009			
 0-4	119458536.000000	62882644.000000	56575896.000000
 5-9	119496744.000000	62897536.000000	56599204.000000
 10-14 	116954632.000000	61421004.000000	55533632.000000
 15-19 	114258808.000000	59817928.000000	54440880.000000
 20-24 	109614128.000000	57041856.000000	52572272.000000
 25-29 	100553248.000000	52243592.000000	48309656.000000
 30-34 	90266688.000000	46800412.000000	43466272.000000
 35-39 	79236576.000000	41029572.000000	38207008.000000
 40-44 	73040632.000000	37731048.000000	35309588.000000
 45-49 	63377528.000000	32689806.000000	30687722.000000
 50-54 	54665588.000000	28122516.000000	26543072.000000
 55-59 	44406904.000000	22625416.000000	21781488.000000
 60-64 	31151398.000000	15258930.000000	15892468.000000
 65-69 	24196912.000000	11554178.000000	12642734.000000
 70-74 	17446260.000000	8041224.000000	9405037.000000
 75-79 	10589831.000000	4791905.000000	5797925.500000
 80+ 	8264610.000000	3702004.750000	4562605.000000
Total	1176979072.000000	608651584.000000	568327488.000000
2010			
 0-4	119432440.000000	62868456.000000	56563988.000000
 5-9	119318040.000000	62824672.000000	56493368.000000
 10-14 	117390592.000000	61679764.000000	55710828.000000
 15-19 	114605184.000000	60059856.000000	54545332.000000
 20-24 	110627416.000000	57625680.000000	53001744.000000
 25-29 	102236224.000000	53119648.000000	49116580.000000
 30-34 	92083664.000000	47729084.000000	44354580.000000
 35-39 	81084320.000000	41940092.000000	39144232.000000
 40-44 	73836056.000000	38118056.000000	35718000.000000
 45-49 	64795444.000000	33371934.000000	31423508.000000
 50-54 	55850064.000000	28673658.000000	27176404.000000
 55-59 	46372864.000000	23667976.000000	22704890.000000
 60-64 	32457694.000000	15942958.000000	16514735.000000
 65-69 	24631678.000000	11765761.000000	12865917.000000
 70-74 	17862864.000000	8224007.500000	9638858.000000
 75-79 	10956653.000000	4927527.000000	6029126.000000
 80+ 	8609153.000000	3834055.250000	4775098.000000
Total	1192150400.000000	616373184.000000	575777152.000000
2011			
 0-4	119574080.000000	62939124.000000	56634956.000000
 5-9	118940400.000000	62643140.000000	56297256.000000
 10-14 	117849576.000000	61948976.000000	55900600.000000
 15-19 	114956752.000000	60288920.000000	54667832.000000
 20-24 	111447176.000000	58128940.000000	53318236.000000
 25-29 	103878200.000000	53975320.000000	49902880.000000
 30-34 	93847032.000000	48637680.000000	45209352.000000
 35-39 	82891920.000000	42849136.000000	40042784.000000
 40-44 	74735792.000000	38547980.000000	36187812.000000
 45-49 	66294696.000000	34095512.000000	32199186.000000
 50-54 	57070776.000000	29248974.000000	27821802.000000
 55-59 	48040132.000000	24523086.000000	23517046.000000
 60-64 	34128608.000000	16836320.000000	17292290.000000
 65-69 	25087390.000000	11979942.000000	13107448.000000
 70-74 	18242856.000000	8398140.000000	9844716.000000
 75-79 	11328187.000000	5068374.000000	6259812.500000
 80+ 	8963856.000000	3966942.250000	4996914.000000
Total	1207277440.000000	624076480.000000	583200896.000000
2012			
 0-4	119767424.000000	63036000.000000	56731432.000000
 5-9	118491136.000000	62418876.000000	56072260.000000
 10-14 	118279552.000000	62200968.000000	56078584.000000
 15-19 	115309848.000000	60509164.000000	54800684.000000
 20-24 	112101568.000000	58557504.000000	53544064.000000
 25-29 	105444280.000000	54793744.000000	50650540.000000
 30-34 	95572040.000000	49533612.000000	46038428.000000
 35-39 	84795624.000000	43810208.000000	40985416.000000
 40-44 	75576664.000000	38952536.000000	36624132.000000
 45-49 	67883312.000000	34866496.000000	33016814.000000
 50-54 	58325752.000000	29847702.000000	28478048.000000
 55-59 	49399224.000000	25184282.000000	24214944.000000
 60-64 	36188292.000000	17952296.000000	18235998.000000
 65-69 	25542026.000000	12183337.000000	13358688.000000
 70-74 	18598492.000000	8570681.000000	10027810.000000
 75-79 	11707820.000000	5215868.000000	6491952.000000
 80+ 	9327302.000000	4100765.000000	5226537.500000
Total	1222310400.000000	631734016.000000	590576320.000000
2013			
 0-4	119900480.000000	63101168.000000	56799312.000000
 5-9	118126176.000000	62233240.000000	55892936.000000
 10-14 	118579656.000000	62382616.000000	56197032.000000
 15-19 	115683128.000000	60736064.000000	54947060.000000
 20-24 	112627800.000000	58917548.000000	53710256.000000
 25-29 	106880024.000000	55554364.000000	51325664.000000
 30-34 	97282264.000000	50425472.000000	46856796.000000
 35-39 	86720304.000000	44785132.000000	41935176.000000
 40-44 	76427952.000000	39364728.000000	37063224.000000
 45-49 	69532032.000000	35672152.000000	33859884.000000
 50-54 	59624416.000000	30472636.000000	29151782.000000
 55-59 	50543352.000000	25710920.000000	24832432.000000
 60-64 	38437164.000000	19172184.000000	19264978.000000
 65-69 	26102016.000000	12439321.000000	13662694.000000
 70-74 	18942414.000000	8742753.000000	10199661.000000
 75-79 	12081834.000000	5365084.000000	6716749.500000
 80+ 	9699972.000000	4236915.000000	5463056.500000
Total	1237191040.000000	639312320.000000	597878720.000000
2014			
 0-4	119897168.000000	63093872.000000	56803288.000000
 5-9	117940640.000000	62136648.000000	55803988.000000
 10-14 	118664696.000000	62449264.000000	56215428.000000
 15-19 	116097552.000000	60982112.000000	55115440.000000
 20-24 	113056168.000000	59214712.000000	53841456.000000
 25-29 	108137968.000000	56241176.000000	51896792.000000
 30-34 	99000336.000000	51321780.000000	47678564.000000
 35-39 	88616464.000000	45750856.000000	42865608.000000
 40-44 	77505016.000000	39889704.000000	37615312.000000
 45-49 	71043720.000000	36417176.000000	34626544.000000
 50-54 	60970668.000000	31121360.000000	29849308.000000
 55-59 	51638992.000000	26208224.000000	25430768.000000
 60-64 	40565440.000000	20312430.000000	20253010.000000
 65-69 	26923572.000000	12841754.000000	14081819.000000
 70-74 	19290654.000000	8914418.000000	10376236.000000
 75-79 	12429844.000000	5508436.000000	6921408.000000
 80+ 	10082808.000000	4377195.000000	5705613.000000
Total	1251861760.000000	646781120.000000	605080576.000000
2015			
 0-4	119710912.000000	62988956.000000	56721960.000000
 5-9	117961264.000000	62144400.000000	55816864.000000
 10-14 	118506096.000000	62385436.000000	56120664.000000
 15-19 	116553512.000000	61248632.000000	55304880.000000
 20-24 	113440488.000000	59472688.000000	53967800.000000
 25-29 	109190296.000000	56842940.000000	52347352.000000
 30-34 	100709664.000000	52212332.000000	48497328.000000
 35-39 	90453560.000000	46692748.000000	43760808.000000
 40-44 	79361968.000000	40808072.000000	38553892.000000
 45-49 	71856272.000000	36816828.000000	35039444.000000
 50-54 	62373792.000000	31795974.000000	30577818.000000
 55-59 	52793408.000000	26743490.000000	26049920.000000
 60-64 	42382892.000000	21260920.000000	21121976.000000
 65-69 	28088324.000000	13439375.000000	14648948.000000
 70-74 	19660322.000000	9089754.000000	10570568.000000
 75-79 	12742461.000000	5642387.500000	7100073.500000
 80+ 	10475394.000000	4522433.000000	5952961.500000
Total	1266260608.000000	654107392.000000	612153280.000000
2016			
 0-4	119349520.000000	62789768.000000	56559752.000000
 5-9	118149152.000000	62237776.000000	55911372.000000
 10-14 	118150664.000000	62214800.000000	55935864.000000
 15-19 	117030232.000000	61524824.000000	55505404.000000
 20-24 	113819856.000000	59712452.000000	54107400.000000
 25-29 	110041776.000000	57359376.000000	52682404.000000
 30-34 	102376224.000000	53080264.000000	49295956.000000
 35-39 	92236512.000000	47612952.000000	44623560.000000
 40-44 	81177944.000000	41723192.000000	39454756.000000
 45-49 	72769688.000000	37256920.000000	35512772.000000
 50-54 	63854064.000000	32509016.000000	31345044.000000
 55-59 	53981216.000000	27300484.000000	26680732.000000
 60-64 	43930788.000000	22042180.000000	21888608.000000
 65-69 	29570868.000000	14215422.000000	15355446.000000
 70-74 	20049310.000000	9268452.000000	10780858.000000
 75-79 	13030989.000000	5772001.500000	7258987.500000
 80+ 	10877143.000000	4672503.500000	6204639.500000
Total	1280395904.000000	661292416.000000	619103552.000000
2017			
 0-4	118868440.000000	62525000.000000	56343432.000000
 5-9	118388952.000000	62358176.000000	56030776.000000
 10-14 	117725232.000000	62002996.000000	55722232.000000
 15-19 	117477648.000000	61784084.000000	55693564.000000
 20-24 	114196192.000000	59941144.000000	54255048.000000
 25-29 	110724376.000000	57799072.000000	52925308.000000
 30-34 	103965680.000000	53909608.000000	50056072.000000
 35-39 	93980224.000000	48519076.000000	45461144.000000
 40-44 	83086168.000000	42687248.000000	40398920.000000
 45-49 	73624648.000000	37671440.000000	35953208.000000
 50-54 	65419292.000000	33266222.000000	32153070.000000
 55-59 	55200816.000000	27878642.000000	27322176.000000
 60-64 	45202924.000000	22651930.000000	22550996.000000
 65-69 	31388424.000000	15178711.000000	16209714.000000
 70-74 	20439968.000000	9439957.000000	11000010.000000
 75-79 	13305142.000000	5902290.000000	7402851.500000
 80+ 	11289502.000000	4827960.500000	6461541.500000
Total	1294283648.000000	668343552.000000	625940096.000000
2018			
 0-4	118346296.000000	62235980.000000	56110312.000000
 5-9	118568592.000000	62447224.000000	56121368.000000
 10-14 	117385504.000000	61831092.000000	55554416.000000
 15-19 	117797120.000000	61974360.000000	55822760.000000
 20-24 	114593400.000000	60177124.000000	54416276.000000
 25-29 	111279744.000000	58171172.000000	53108564.000000
 30-34 	105425056.000000	54681292.000000	50743764.000000
 35-39 	95707616.000000	49419944.000000	46287668.000000
 40-44 	85013144.000000	43663620.000000	41349528.000000
 45-49 	74489232.000000	38092960.000000	36396280.000000
 50-54 	67041472.000000	34055748.000000	32985720.000000
 55-59 	56461644.000000	28480926.000000	27980720.000000
 60-64 	46284160.000000	23143494.000000	23140670.000000
 65-69 	33366954.000000	16227522.000000	17139432.000000
 70-74 	20919856.000000	9654720.000000	11265135.000000
 75-79 	13573810.000000	6033299.500000	7540511.500000
 80+ 	11703978.000000	4986057.500000	6717920.000000
Total	1307957632.000000	675276544.000000	632681024.000000
2019			
 0-4	117840592.000000	61953216.000000	55887376.000000
 5-9	118613680.000000	62464792.000000	56148896.000000
 10-14 	117226672.000000	61749292.000000	55477376.000000
 15-19 	117904960.000000	62051704.000000	55853260.000000
 20-24 	115034320.000000	60433920.000000	54600400.000000
 25-29 	111740048.000000	58482548.000000	53257500.000000
 30-34 	106708280.000000	55380308.000000	51327972.000000
 35-39 	97440632.000000	50323888.000000	47116744.000000
 40-44 	86909440.000000	44629136.000000	42280304.000000
 45-49 	75572160.000000	38622316.000000	36949844.000000
 50-54 	68528616.000000	34785400.000000	33743220.000000
 55-59 	57767424.000000	29104928.000000	28662496.000000
 60-64 	47324112.000000	23610032.000000	23714078.000000
 65-69 	35239704.000000	17206760.000000	18032942.000000
 70-74 	21616698.000000	9987104.000000	11629593.000000
 75-79 	13848064.000000	6164267.500000	7683796.000000
 80+ 	12108830.000000	5142981.500000	6965849.000000
Total	1321424256.000000	682092608.000000	639331648.000000
2020			
 0-4	117380888.000000	61692512.000000	55688376.000000
 5-9	118482096.000000	62387792.000000	56094312.000000
 10-14 	117278960.000000	61774484.000000	55504472.000000
 15-19 	117776176.000000	62002288.000000	55773896.000000
 20-24 	115523440.000000	60714604.000000	54808840.000000
 25-29 	112164000.000000	58759088.000000	53404908.000000
 30-34 	107792872.000000	55998260.000000	51794612.000000
 35-39 	99166784.000000	51223184.000000	47943600.000000
 40-44 	88748048.000000	45571280.000000	43176772.000000
 45-49 	77413288.000000	39530820.000000	37882464.000000
 50-54 	69337320.000000	35182428.000000	34154896.000000
 55-59 	59128148.000000	29753272.000000	29374878.000000
 60-64 	48419368.000000	24111188.000000	24308180.000000
 65-69 	36845144.000000	18023170.000000	18821974.000000
 70-74 	22595980.000000	10474977.000000	12121002.000000
 75-79 	14140155.000000	6297825.500000	7842329.500000
 80+ 	12499238.000000	5297215.500000	7202022.000000
Total	1334691968.000000	688794368.000000	645897536.000000
2021			
 0-4	116968160.000000	61454620.000000	55513540.000000
 5-9	118174768.000000	62216012.000000	55958760.000000
 10-14 	117498576.000000	61885256.000000	55613324.000000
 15-19 	117452920.000000	61847580.000000	55605340.000000
 20-24 	116034928.000000	61006144.000000	55028784.000000
 25-29 	112584880.000000	59018908.000000	53565976.000000
 30-34 	108678896.000000	56532484.000000	52146408.000000
 35-39 	100849616.000000	52099824.000000	48749792.000000
 40-44 	90532176.000000	46491456.000000	44040720.000000
 45-49 	79213936.000000	40435924.000000	38778016.000000
 50-54 	70244920.000000	35618824.000000	34626096.000000
 55-59 	60562588.000000	30437656.000000	30124932.000000
 60-64 	49546472.000000	24632264.000000	24914210.000000
 65-69 	38221432.000000	18699326.000000	19522106.000000
 70-74 	23833248.000000	11102993.000000	12730256.000000
 75-79 	14448712.000000	6434039.500000	8014672.500000
 80+ 	12883491.000000	5452075.000000	7431416.000000
Total	1347729792.000000	695365376.000000	652364352.000000
2022			
 0-4	116575680.000000	61225604.000000	55350080.000000
 5-9	117744720.000000	61976936.000000	55767792.000000
 10-14 	117768776.000000	62022208.000000	55746568.000000
 15-19 	117059712.000000	61651976.000000	55407728.000000
 20-24 	116516608.000000	61280828.000000	55235784.000000
 25-29 	113002384.000000	59267720.000000	53734664.000000
 30-34 	109396784.000000	56990548.000000	52406240.000000
 35-39 	102454896.000000	52937768.000000	49517128.000000
 40-44 	92276616.000000	47397144.000000	44879472.000000
 45-49 	81103904.000000	41387924.000000	39715988.000000
 50-54 	71096976.000000	36031356.000000	35065620.000000
 55-59 	62078088.000000	31163530.000000	30914556.000000
 60-64 	50703668.000000	25172600.000000	25531068.000000
 65-69 	39366084.000000	19233634.000000	20132450.000000
 70-74 	25338400.000000	11876032.000000	13462368.000000
 75-79 	14760669.000000	6565657.000000	8195011.500000
 80+ 	13269070.000000	5611115.000000	7657954.500000
Total	1360513024.000000	701792576.000000	658720448.000000
2023			
 0-4	116159072.000000	60982492.000000	55176576.000000
 5-9	117268832.000000	61711064.000000	55557768.000000
 10-14 	117975744.000000	62126032.000000	55849712.000000
 15-19 	116749312.000000	61494980.000000	55254336.000000
 20-24 	116867920.000000	61485548.000000	55382368.000000
 25-29 	113437360.000000	59522092.000000	53915264.000000
 30-34 	109986104.000000	57380304.000000	52605792.000000
 35-39 	103930064.000000	53717948.000000	50212116.000000
 40-44 	94004752.000000	48297456.000000	45707296.000000
 45-49 	83012568.000000	42352032.000000	40660536.000000
 50-54 	71960880.000000	36452184.000000	35508696.000000
 55-59 	63648220.000000	31920066.000000	31728152.000000
 60-64 	51899592.000000	25734958.000000	26164630.000000
 65-69 	40351776.000000	19671176.000000	20680600.000000
 70-74 	26969528.000000	12713432.000000	14256094.000000
 75-79 	15141095.000000	6729419.000000	8411676.000000
 80+ 	13655498.000000	5772404.000000	7883094.500000
Total	1373018368.000000	708063616.000000	664954688.000000
2024			
 0-4	115707976.000000	60720384.000000	54987596.000000
 5-9	116804208.000000	61448744.000000	55355460.000000
 10-14 	118044064.000000	62156056.000000	55888004.000000
 15-19 	116615120.000000	61425732.000000	55189388.000000
 20-24 	117004592.000000	61576060.000000	55428532.000000
 25-29 	113910784.000000	59794536.000000	54116248.000000
 30-34 	110477232.000000	57707648.000000	52769588.000000
 35-39 	105228848.000000	54425176.000000	50803676.000000
 40-44 	95737832.000000	49200392.000000	46537440.000000
 45-49 	84891648.000000	43305900.000000	41585752.000000
 50-54 	73037464.000000	36977300.000000	36060164.000000
 55-59 	65089116.000000	32620080.000000	32469036.000000
 60-64 	53137872.000000	26317358.000000	26820516.000000
 65-69 	41304848.000000	20089234.000000	21215616.000000
 70-74 	28512588.000000	13493957.000000	15018630.000000
 75-79 	15684245.000000	6978702.500000	8705543.000000
 80+ 	14041404.000000	5932800.000000	8108604.500000
Total	1385229824.000000	714170048.000000	671059776.000000
2025			
 0-4	115218664.000000	60437608.000000	54781052.000000
 5-9	116379784.000000	61205452.000000	55174336.000000
 10-14 	117929088.000000	62087940.000000	55841152.000000
 15-19 	116684208.000000	61459424.000000	55224784.000000
 20-24 	116899072.000000	61537408.000000	55361660.000000
 25-29 	114423496.000000	60086432.000000	54337060.000000
 30-34 	110924560.000000	57996216.000000	52928344.000000
 35-39 	106326344.000000	55049600.000000	51276744.000000
 40-44 	97461872.000000	50097388.000000	47364480.000000
 45-49 	86713928.000000	44236904.000000	42477028.000000
 50-54 	74843568.000000	37863400.000000	36980172.000000
 55-59 	65880200.000000	33005330.000000	32874872.000000
 60-64 	54427752.000000	26922270.000000	27505482.000000
 65-69 	42306156.000000	20536772.000000	21769382.000000
 70-74 	29839898.000000	14145866.000000	15694032.000000
 75-79 	16436882.000000	7339695.000000	9097187.000000
 80+ 	14430753.000000	6092928.500000	8337824.500000
Total	1397126272.000000	720100608.000000	677025600.000000
2026			
 0-4	114690744.000000	60134060.000000	54556688.000000
 5-9	115999296.000000	60983384.000000	55015912.000000
 10-14 	117635352.000000	61923392.000000	55711956.000000
 15-19 	116916336.000000	61576400.000000	55339940.000000
 20-24 	116596824.000000	61392500.000000	55204320.000000
 25-29 	114954088.000000	60386904.000000	54567184.000000
 30-34 	111364896.000000	58266000.000000	53098888.000000
 35-39 	107225112.000000	55590112.000000	51635004.000000
 40-44 	99142256.000000	50971576.000000	48170676.000000
 45-49 	88483288.000000	45146864.000000	43336424.000000
 50-54 	76611744.000000	38747128.000000	37864616.000000
 55-59 	66769800.000000	33429814.000000	33339988.000000
 60-64 	55786740.000000	27560382.000000	28226356.000000
 65-69 	43335980.000000	21001540.000000	22334438.000000
 70-74 	30985708.000000	14688914.000000	16296794.000000
 75-79 	17377580.000000	7799345.000000	9578234.000000
 80+ 	14827303.000000	6254947.000000	8572356.000000
Total	1408702976.000000	725853248.000000	682849792.000000
2027			
 0-4	114128640.000000	59811948.000000	54316700.000000
 5-9	115637072.000000	60769156.000000	54867916.000000
 10-14 	117217360.000000	61690712.000000	55526648.000000
 15-19 	117196928.000000	61718392.000000	55478536.000000
 20-24 	116223240.000000	61206144.000000	55017096.000000
 25-29 	115452576.000000	60669428.000000	54783152.000000
 30-34 	111799512.000000	58523660.000000	53275848.000000
 35-39 	107956360.000000	56054848.000000	51901516.000000
 40-44 	100745928.000000	51807644.000000	48938280.000000
 45-49 	90214464.000000	46043168.000000	44171296.000000
 50-54 	78467024.000000	39676252.000000	38790776.000000
 55-59 	67610040.000000	33833876.000000	33776160.000000
 60-64 	57221688.000000	28236672.000000	28985016.000000
 65-69 	44393160.000000	21483056.000000	22910102.000000
 70-74 	31951998.000000	15124039.000000	16827958.000000
 75-79 	18510438.000000	8359170.500000	10151267.000000
 80+ 	15227038.000000	6416525.000000	8810513.000000
Total	1419953536.000000	731424704.000000	688528768.000000
2028			
 0-4	113542272.000000	59476272.000000	54066004.000000
 5-9	115249376.000000	60540140.000000	54709236.000000
 10-14 	116752824.000000	61430856.000000	55321968.000000
 15-19 	117413824.000000	61827008.000000	55586820.000000
 20-24 	115931264.000000	61057876.000000	54873392.000000
 25-29 	115820520.000000	60882076.000000	54938440.000000
 30-34 	112250336.000000	58786336.000000	53464004.000000
 35-39 	108559936.000000	56452028.000000	52107912.000000
 40-44 	102221504.000000	52587180.000000	49634320.000000
 45-49 	91930544.000000	46934760.000000	44995792.000000
 50-54 	80341424.000000	40617628.000000	39723800.000000
 55-59 	68465920.000000	34248216.000000	34217700.000000
 60-64 	58707892.000000	28941168.000000	29766724.000000
 65-69 	45485572.000000	21983812.000000	23501760.000000
 70-74 	32797204.000000	15486695.000000	17310510.000000
 75-79 	19731014.000000	8961398.000000	10769615.000000
 80+ 	15673120.000000	6600208.500000	9072912.000000
Total	1430874624.000000	736813632.000000	694060928.000000
2029			
 0-4	112943480.000000	59133208.000000	53810272.000000
 5-9	114825992.000000	60291488.000000	54534500.000000
 10-14 	116298808.000000	61174152.000000	55124656.000000
 15-19 	117491816.000000	61861692.000000	55630124.000000
 20-24 	115813776.000000	60996512.000000	54817268.000000
 25-29 	115974560.000000	60981096.000000	54993460.000000
 30-34 	112738400.000000	59066520.000000	53671884.000000
 35-39 	109065976.000000	56787484.000000	52278488.000000
 40-44 	103523376.000000	53295316.000000	50228056.000000
 45-49 	93652288.000000	47829356.000000	45822936.000000
 50-54 	82188328.000000	41549892.000000	40638432.000000
 55-59 	69526912.000000	34762104.000000	34764804.000000
 60-64 	60073188.000000	29593540.000000	30479648.000000
 65-69 	46616976.000000	22502436.000000	24114538.000000
 70-74 	33620120.000000	15836055.000000	17784066.000000
 75-79 	20884496.000000	9520958.000000	11363537.000000
 80+ 	16224694.000000	6837020.500000	9387673.000000
Total	1441463168.000000	742018816.000000	699444352.000000
2030			
 0-4	112342944.000000	58788400.000000	53554544.000000
 5-9	114363600.000000	60021776.000000	54341832.000000
 10-14 	115884928.000000	60936432.000000	54948496.000000
 15-19 	117387392.000000	61798744.000000	55588644.000000
 20-24 	115898328.000000	61037444.000000	54860880.000000
 25-29 	115888320.000000	60952100.000000	54936224.000000
 30-34 	113265680.000000	59366180.000000	53899500.000000
 35-39 	109529040.000000	57084992.000000	52444052.000000
 40-44 	104627336.000000	53922664.000000	50704672.000000
 45-49 	95366016.000000	48718664.000000	46647348.000000
 50-54 	83981536.000000	42461064.000000	41520468.000000
 55-59 	71277608.000000	35612652.000000	35664956.000000
 60-64 	60830832.000000	29956008.000000	30874826.000000
 65-69 	47796036.000000	23041382.000000	24754654.000000
 70-74 	34483412.000000	16209198.000000	18274216.000000
 75-79 	21880796.000000	9988901.000000	11891896.000000
 80+ 	16909754.000000	7141315.500000	9768439.000000
Total	1451713536.000000	747037888.000000	704675648.000000
2031			
 0-4	111747904.000000	58445816.000000	53302084.000000
 5-9	113861632.000000	59730780.000000	54130848.000000
 10-14 	115514192.000000	60719520.000000	54794672.000000
 15-19 	117104312.000000	61639468.000000	55464844.000000
 20-24 	116144400.000000	61160900.000000	54983500.000000
 25-29 	115606224.000000	60817512.000000	54788716.000000
 30-34 	113810296.000000	59674180.000000	54136116.000000
 35-39 	109984952.000000	57363896.000000	52621056.000000
 40-44 	105535480.000000	54467836.000000	51067648.000000
 45-49 	97037456.000000	49586060.000000	47451400.000000
 50-54 	85724680.000000	43352812.000000	42371868.000000
 55-59 	72994376.000000	36462284.000000	36532088.000000
 60-64 	61687320.000000	30357962.000000	31329360.000000
 65-69 	49038108.000000	23609768.000000	25428338.000000
 70-74 	35371668.000000	16596586.000000	18775080.000000
 75-79 	22748558.000000	10381393.000000	12367166.000000
 80+ 	17709984.000000	7502857.500000	10207127.000000
Total	1461621504.000000	751869632.000000	709751936.000000
2032			
 0-4	111159784.000000	58106472.000000	53053312.000000
 5-9	113324560.000000	59420764.000000	53903792.000000
 10-14 	115161136.000000	60510124.000000	54651008.000000
 15-19 	116696904.000000	61412064.000000	55284840.000000
 20-24 	116438200.000000	61309032.000000	55129172.000000
 25-29 	115252896.000000	60641672.000000	54611224.000000
 30-34 	114322880.000000	59964344.000000	54358540.000000
 35-39 	110435192.000000	57630880.000000	52804316.000000
 40-44 	106278600.000000	54938800.000000	51339804.000000
 45-49 	98634096.000000	50416584.000000	48217508.000000
 50-54 	87431936.000000	44232184.000000	43199756.000000
 55-59 	74794944.000000	37355104.000000	37439840.000000
 60-64 	62503984.000000	30744608.000000	31759374.000000
 65-69 	50349116.000000	24211792.000000	26137320.000000
 70-74 	36284156.000000	16997808.000000	19286348.000000
 75-79 	23493026.000000	10701289.000000	12791736.000000
 80+ 	18621344.000000	7919158.500000	10702185.000000
Total	1471182720.000000	756512704.000000	714670080.000000
2033			
 0-4	110575840.000000	57769208.000000	52806628.000000
 5-9	112762336.000000	59096768.000000	53665564.000000
 10-14 	114782240.000000	60285768.000000	54496476.000000
 15-19 	116242824.000000	61157492.000000	55085336.000000
 20-24 	116668296.000000	61423888.000000	55244408.000000
 25-29 	114980280.000000	60503584.000000	54476696.000000
 30-34 	114706072.000000	60185448.000000	54520624.000000
 35-39 	110901680.000000	57903040.000000	52998640.000000
 40-44 	106896096.000000	55343704.000000	51552396.000000
 45-49 	100105440.000000	51192352.000000	48913092.000000
 50-54 	89125568.000000	45107672.000000	44017896.000000
 55-59 	76614616.000000	38259968.000000	38354648.000000
 60-64 	63341880.000000	31144356.000000	32197524.000000
 65-69 	51706536.000000	24838456.000000	26868080.000000
 70-74 	37227332.000000	17414698.000000	19812636.000000
 75-79 	24156432.000000	10973477.000000	13182956.000000
 80+ 	19599702.000000	8365990.500000	11233711.000000
Total	1480393216.000000	760965888.000000	719427328.000000
2034			
 0-4	109991312.000000	57431768.000000	52559544.000000
 5-9	112186944.000000	58765056.000000	53421884.000000
 10-14 	114367440.000000	60041688.000000	54325756.000000
 15-19 	115799064.000000	60906036.000000	54893032.000000
 20-24 	116759824.000000	61465156.000000	55294664.000000
 25-29 	114880664.000000	60451724.000000	54428940.000000
 30-34 	114877112.000000	60294176.000000	54582936.000000
 35-39 	111405304.000000	58192816.000000	53212492.000000
 40-44 	107417792.000000	55688368.000000	51729420.000000
 45-49 	101406768.000000	51898972.000000	49507796.000000
 50-54 	90825584.000000	45986648.000000	44838936.000000
 55-59 	78408968.000000	39156816.000000	39252152.000000
 60-64 	64373268.000000	31636640.000000	32736628.000000
 65-69 	52955176.000000	25418914.000000	27536264.000000
 70-74 	38204700.000000	17846302.000000	20358400.000000
 75-79 	24807756.000000	11238071.000000	13569685.000000
 80+ 	20582324.000000	8809193.000000	11773131.000000
Total	1489250048.000000	765228352.000000	724021632.000000
2035			
 0-4	109401744.000000	57092032.000000	52309716.000000
 5-9	111609088.000000	58431284.000000	53177804.000000
 10-14 	113913584.000000	59776536.000000	54137048.000000
 15-19 	115395168.000000	60673464.000000	54721704.000000
 20-24 	116669664.000000	61409308.000000	55260360.000000
 25-29 	114981480.000000	60501344.000000	54480136.000000
 30-34 	114809856.000000	60276268.000000	54533588.000000
 35-39 	111948032.000000	58502120.000000	53445912.000000
 40-44 	107897456.000000	55996088.000000	51901364.000000
 45-49 	102514248.000000	52527244.000000	49987004.000000
 50-54 	92518544.000000	46861024.000000	45657520.000000
 55-59 	80153232.000000	40034528.000000	40118708.000000
 60-64 	66034948.000000	32430444.000000	33604504.000000
 65-69 	53657780.000000	25744504.000000	27913272.000000
 70-74 	39224020.000000	18294964.000000	20929056.000000
 75-79 	25490296.000000	11519924.000000	13970373.000000
 80+ 	21534316.000000	9229877.000000	12304440.000000
Total	1497753472.000000	769300928.000000	728452544.000000
2036			
 0-4	108803664.000000	56748428.000000	52055240.000000
 5-9	111035800.000000	58099264.000000	52936536.000000
 10-14 	113419928.000000	59490008.000000	53929920.000000
 15-19 	115033944.000000	60461444.000000	54572500.000000
 20-24 	116401344.000000	61257460.000000	55143884.000000
 25-29 	115242256.000000	60632616.000000	54609640.000000
 30-34 	114547944.000000	60153612.000000	54394328.000000
 35-39 	112507848.000000	58819644.000000	53688208.000000
 40-44 	108370144.000000	56285604.000000	52084540.000000
 45-49 	103429728.000000	53075592.000000	50354132.000000
 50-54 	94171040.000000	47714712.000000	46456332.000000
 55-59 	81851168.000000	40894888.000000	40956280.000000
 60-64 	67668496.000000	33225280.000000	34443212.000000
 65-69 	54458700.000000	26109580.000000	28349120.000000
 70-74 	40298244.000000	18768284.000000	21529962.000000
 75-79 	26193522.000000	11812644.000000	14380877.000000
 80+ 	22471464.000000	9636387.000000	12835076.000000
Total	1505905280.000000	773185472.000000	732719808.000000
2037			
 0-4	108195280.000000	56400232.000000	51795052.000000
 5-9	110468480.000000	57769952.000000	52698520.000000
 10-14 	112890912.000000	59184272.000000	53706632.000000
 15-19 	114689864.000000	60256612.000000	54433252.000000
 20-24 	116008656.000000	61037428.000000	54971224.000000
 25-29 	115549728.000000	60787876.000000	54761856.000000
 30-34 	114214680.000000	59989600.000000	54225080.000000
 35-39 	113035456.000000	59119096.000000	53916356.000000
 40-44 	108836960.000000	56563124.000000	52273840.000000
 45-49 	104183280.000000	53551552.000000	50631728.000000
 50-54 	95751368.000000	48533244.000000	47218124.000000
 55-59 	83516560.000000	41744768.000000	41771792.000000
 60-64 	69381232.000000	34060464.000000	35320772.000000
 65-69 	55233032.000000	26466570.000000	28766460.000000
 70-74 	41432764.000000	19270228.000000	22162540.000000
 75-79 	26917552.000000	12116409.000000	14801143.000000
 80+ 	23400568.000000	10032040.000000	13368528.000000
Total	1513706368.000000	776883456.000000	736822912.000000
2038			
 0-4	107575536.000000	56046584.000000	51528944.000000
 5-9	109904456.000000	57442220.000000	52462236.000000
 10-14 	112336392.000000	58864300.000000	53472092.000000
 15-19 	114319472.000000	60036408.000000	54283060.000000
 20-24 	115568744.000000	60789728.000000	54779024.000000
 25-29 	115792936.000000	60909264.000000	54883672.000000
 30-34 	113960496.000000	59862052.000000	54098448.000000
 35-39 	113433904.000000	59349296.000000	54084608.000000
 40-44 	109319072.000000	56844920.000000	52474156.000000
 45-49 	104813296.000000	53962608.000000	50850684.000000
 50-54 	97210232.000000	49299240.000000	47910992.000000
 55-59 	85170976.000000	42592456.000000	42578516.000000
 60-64 	71114256.000000	34908652.000000	36205600.000000
 65-69 	56037008.000000	26841730.000000	29195276.000000
 70-74 	42609452.000000	19794700.000000	22814752.000000
 75-79 	27668124.000000	12433590.000000	15234536.000000
 80+ 	24324738.000000	10419815.000000	13904923.000000
Total	1521159040.000000	780397568.000000	740761536.000000
2039			
 0-4	106944808.000000	55687376.000000	51257432.000000
 5-9	109339200.000000	57113944.000000	52225256.000000
 10-14 	111768352.000000	58536296.000000	53232052.000000
 15-19 	113912768.000000	59796096.000000	54116676.000000
 20-24 	115138304.000000	60544356.000000	54593944.000000
 25-29 	115897304.000000	60956548.000000	54940752.000000
 30-34 	113876800.000000	59818768.000000	54058032.000000
 35-39 	113620976.000000	59467116.000000	54153864.000000
 40-44 	109836744.000000	57142816.000000	52693928.000000
 45-49 	105348768.000000	54314080.000000	51034684.000000
 50-54 	98503936.000000	49998696.000000	48505240.000000
 55-59 	86833680.000000	43445032.000000	43388644.000000
 60-64 	72827256.000000	35752464.000000	37074796.000000
 65-69 	57020180.000000	27302408.000000	29717772.000000
 70-74 	43697548.000000	20284832.000000	23412716.000000
 75-79 	28449284.000000	12764880.000000	15684405.000000
 80+ 	25250480.000000	10805099.000000	14445382.000000
Total	1528266368.000000	783730816.000000	744535552.000000
2040			
 0-4	106305352.000000	55324164.000000	50981192.000000
 5-9	108768440.000000	56783160.000000	51985280.000000
 10-14 	111197472.000000	58205912.000000	52991560.000000
 15-19 	113466640.000000	59534372.000000	53932268.000000
 20-24 	114746712.000000	60317064.000000	54429652.000000
 25-29 	115820064.000000	60906424.000000	54913640.000000
 30-34 	113990752.000000	59874832.000000	54115916.000000
 35-39 	113570768.000000	59458496.000000	54112268.000000
 40-44 	110391824.000000	57458624.000000	52933204.000000
 45-49 	105842272.000000	54628516.000000	51213752.000000
 50-54 	99608928.000000	50622456.000000	48986472.000000
 55-59 	88491392.000000	44294556.000000	44196836.000000
 60-64 	74497688.000000	36582076.000000	37915612.000000
 65-69 	58554876.000000	28021104.000000	30533772.000000
 70-74 	44326880.000000	20569888.000000	23756992.000000
 75-79 	29267978.000000	13112809.000000	16155170.000000
 80+ 	26183492.000000	11191824.000000	14991669.000000
Total	1535031552.000000	786886272.000000	748145280.000000
2041			
 0-4	105660656.000000	54959864.000000	50700796.000000
 5-9	108188712.000000	56448332.000000	51740380.000000
 10-14 	110630744.000000	57876960.000000	52753780.000000
 15-19 	112980352.000000	59251008.000000	53729344.000000
 20-24 	114396752.000000	60109608.000000	54287148.000000
 25-29 	115564712.000000	60760164.000000	54804548.000000
 30-34 	114262248.000000	60010784.000000	54251464.000000
 35-39 	113326624.000000	59345340.000000	53981284.000000
 40-44 	110962592.000000	57781320.000000	53181276.000000
 45-49 	106328160.000000	54924288.000000	51403876.000000
 50-54 	100526864.000000	51168856.000000	49358008.000000
 55-59 	90111648.000000	45125384.000000	44986256.000000
 60-64 	76129096.000000	37398948.000000	38730152.000000
 65-69 	60072348.000000	28746220.000000	31326130.000000
 70-74 	45054952.000000	20896036.000000	24158916.000000
 75-79 	30134272.000000	13482830.000000	16651442.000000
 80+ 	27126366.000000	11580460.000000	15545906.000000
Total	1541457152.000000	789866368.000000	751590720.000000
2042			
 0-4	105015264.000000	54598700.000000	50416568.000000
 5-9	107598136.000000	56108716.000000	51489424.000000
 10-14 	110069536.000000	57550436.000000	52519096.000000
 15-19 	112458352.000000	58948328.000000	53510028.000000
 20-24 	114063104.000000	59908936.000000	54154160.000000
 25-29 	115184848.000000	60545732.000000	54639116.000000
 30-34 	114579112.000000	60169888.000000	54409224.000000
 35-39 	113011056.000000	59190848.000000	53820212.000000
 40-44 	111500520.000000	58085416.000000	53415104.000000
 45-49 	106807664.000000	55207768.000000	51599896.000000
 50-54 	101287088.000000	51645196.000000	49641896.000000
 55-59 	91663504.000000	45923312.000000	45740192.000000
 60-64 	77733744.000000	38208552.000000	39525192.000000
 65-69 	61664364.000000	29509212.000000	32155154.000000
 70-74 	45773884.000000	21222872.000000	24551012.000000
 75-79 	31052104.000000	13877140.000000	17174964.000000
 80+ 	28083480.000000	11972546.000000	16110934.000000
Total	1547545728.000000	792673600.000000	754872192.000000
2043			
 0-4	104372488.000000	54243552.000000	50128932.000000
 5-9	106994784.000000	55762696.000000	51232088.000000
 10-14 	109511072.000000	57225192.000000	52285872.000000
 15-19 	111910392.000000	58631292.000000	53279100.000000
 20-24 	113702496.000000	59692852.000000	54009648.000000
 25-29 	114757232.000000	60303672.000000	54453560.000000
 30-34 	114831232.000000	60295120.000000	54536112.000000
 35-39 	112773152.000000	59072292.000000	53700860.000000
 40-44 	111910000.000000	58320952.000000	53589048.000000
 45-49 	107301560.000000	55495136.000000	51806424.000000
 50-54 	101926944.000000	52058708.000000	49868236.000000
 55-59 	93098936.000000	46671324.000000	46427616.000000
 60-64 	79330808.000000	39017344.000000	40313464.000000
 65-69 	63278316.000000	30285492.000000	32992822.000000
 70-74 	46530904.000000	21570604.000000	24960298.000000
 75-79 	32007218.000000	14290016.000000	17717202.000000
 80+ 	29061272.000000	12370564.000000	16690708.000000
Total	1553298816.000000	795306816.000000	757992000.000000
2044			
 0-4	103734184.000000	53895120.000000	49839064.000000
 5-9	106377776.000000	55408956.000000	50968824.000000
 10-14 	108950744.000000	56899064.000000	52051680.000000
 15-19 	111348360.000000	58306088.000000	53042268.000000
 20-24 	113305008.000000	59456712.000000	53848296.000000
 25-29 	114338232.000000	60063916.000000	54274316.000000
 30-34 	114944480.000000	60346696.000000	54597780.000000
 35-39 	112703344.000000	59036976.000000	53666372.000000
 40-44 	112109840.000000	58445708.000000	53664128.000000
 45-49 	107829640.000000	55798032.000000	52031608.000000
 50-54 	102474568.000000	52414556.000000	50060016.000000
 55-59 	94375664.000000	47355984.000000	47019680.000000
 60-64 	80937544.000000	39831016.000000	41106532.000000
 65-69 	64878280.000000	31059446.000000	33818836.000000
 70-74 	47445188.000000	21990238.000000	25454952.000000
 75-79 	32897300.000000	14677661.000000	18219640.000000
 80+ 	30067422.000000	12777448.000000	17289974.000000
Total	1558717568.000000	797763648.000000	760953984.000000
2045			
 0-4	103102504.000000	53554024.000000	49548476.000000
 5-9	105748008.000000	55047804.000000	50700204.000000
 10-14 	108384000.000000	56569904.000000	51814096.000000
 15-19 	110782728.000000	57978216.000000	52804512.000000
 20-24 	112867344.000000	59199144.000000	53668200.000000
 25-29 	113956840.000000	59841996.000000	54114844.000000
 30-34 	114876360.000000	60301528.000000	54574824.000000
 35-39 	112828352.000000	59099704.000000	53728644.000000
 40-44 	112074528.000000	58446020.000000	53628508.000000
 45-49 	108393704.000000	56118272.000000	52275432.000000
 50-54 	102981120.000000	52734608.000000	50246512.000000
 55-59 	95470784.000000	47968520.000000	47502268.000000
 60-64 	82540704.000000	40641660.000000	41899044.000000
 65-69 	66444112.000000	31822308.000000	34621800.000000
 70-74 	48808804.000000	22611964.000000	26196840.000000
 75-79 	33432778.000000	14910862.000000	18521916.000000
 80+ 	31110336.000000	13196630.000000	17913706.000000
Total	1563803008.000000	800043200.000000	763759808.000000
2046			
 0-4	102480128.000000	53221104.000000	49259032.000000
 5-9	105108352.000000	54681400.000000	50426948.000000
 10-14 	107807776.000000	56236428.000000	51571348.000000
 15-19 	110220744.000000	57651588.000000	52569160.000000
 20-24 	112389192.000000	58920076.000000	53469116.000000
 25-29 	113616248.000000	59639824.000000	53976420.000000
 30-34 	114630752.000000	60161084.000000	54469664.000000
 35-39 	113108704.000000	59241352.000000	53867352.000000
 40-44 	111847376.000000	58343736.000000	53503640.000000
 45-49 	108972608.000000	56445216.000000	52527396.000000
 50-54 	103480200.000000	53036776.000000	50443424.000000
 55-59 	96386184.000000	48507620.000000	47878564.000000
 60-64 	84109680.000000	41434920.000000	42674764.000000
 65-69 	67979088.000000	32575472.000000	35403612.000000
 70-74 	50165812.000000	23241328.000000	26924484.000000
 75-79 	34060368.000000	15180013.000000	18880354.000000
 80+ 	32197560.000000	13631448.000000	18566112.000000
Total	1568560768.000000	802149376.000000	766411392.000000
2047			
 0-4	101869424.000000	52896860.000000	48972564.000000
 5-9	104463280.000000	54313784.000000	50149496.000000
 10-14 	107220472.000000	55898056.000000	51322420.000000
 15-19 	109663976.000000	57327272.000000	52336708.000000
 20-24 	111875144.000000	58621792.000000	53253352.000000
 25-29 	113291512.000000	59444456.000000	53847056.000000
 30-34 	114261184.000000	59953156.000000	54308028.000000
 35-39 	113433520.000000	59405840.000000	54027672.000000
 40-44 	111549752.000000	58201176.000000	53348580.000000
 45-49 	109518872.000000	56753996.000000	52764880.000000
 50-54 	103973288.000000	53327440.000000	50645848.000000
 55-59 	97150904.000000	48980800.000000	48170104.000000
 60-64 	85615784.000000	42198280.000000	43417500.000000
 65-69 	69494088.000000	33324044.000000	36170044.000000
 70-74 	51588800.000000	23902464.000000	27686334.000000
 75-79 	34693288.000000	15454613.000000	19238676.000000
 80+ 	33332628.000000	14084009.000000	19248620.000000
Total	1572995968.000000	804088064.000000	768907904.000000
2048			
 0-4	101271632.000000	52581640.000000	48689996.000000
 5-9	103819056.000000	53950372.000000	49868680.000000
 10-14 	106620832.000000	55553612.000000	51067216.000000
 15-19 	109109960.000000	57004276.000000	52105688.000000
 20-24 	111335152.000000	58309264.000000	53025888.000000
 25-29 	112939976.000000	59233920.000000	53706056.000000
 30-34 	113844424.000000	59718148.000000	54126276.000000
 35-39 	113694080.000000	59536936.000000	54157144.000000
 40-44 	111329240.000000	58094464.000000	53234776.000000
 45-49 	109938952.000000	56995952.000000	52943000.000000
 50-54 	104481080.000000	53622540.000000	50858544.000000
 55-59 	97801632.000000	49395512.000000	48406124.000000
 60-64 	87014480.000000	42916880.000000	44097600.000000
 65-69 	71006208.000000	34073932.000000	36932280.000000
 70-74 	53033904.000000	24576176.000000	28457728.000000
 75-79 	35367612.000000	15750228.000000	19617382.000000
 80+ 	34507068.000000	14551887.000000	19955180.000000
Total	1577115264.000000	805865728.000000	771249536.000000
2049			
 0-4	100687576.000000	52275760.000000	48411816.000000
 5-9	103181840.000000	53595764.000000	49586076.000000
 10-14 	106008784.000000	55202312.000000	50806472.000000
 15-19 	108554432.000000	56680656.000000	51873776.000000
 20-24 	110781112.000000	57988652.000000	52792460.000000
 25-29 	112552016.000000	59003740.000000	53548272.000000
 30-34 	113436808.000000	59485952.000000	53950856.000000
 35-39 	113817232.000000	59595464.000000	54221764.000000
 40-44 	111275272.000000	58070184.000000	53205088.000000
 45-49 	110153352.000000	57130048.000000	53023304.000000
 50-54 	105023136.000000	53933476.000000	51089656.000000
 55-59 	98365968.000000	49757072.000000	48608896.000000
 60-64 	88266816.000000	43579144.000000	44687672.000000
 65-69 	72530816.000000	34830196.000000	37700624.000000
 70-74 	54471116.000000	25250180.000000	29220934.000000
 75-79 	36168404.000000	16101818.000000	20066588.000000
 80+ 	35652320.000000	15007584.000000	20644734.000000
Total	1580926976.000000	807488000.000000	773438976.000000
2050			
 0-4	100166848.000000	52004308.000000	48162544.000000
 5-9	102554320.000000	53252168.000000	49302152.000000
 10-14 	105384080.000000	54843776.000000	50540304.000000
 15-19 	107992176.000000	56353956.000000	51638220.000000
 20-24 	110222328.000000	57664724.000000	52557608.000000
 25-29 	112122728.000000	58751408.000000	53371320.000000
 30-34 	113065096.000000	59270460.000000	53794640.000000
 35-39 	113758416.000000	59556784.000000	54201632.000000
 40-44 	111410768.000000	58140372.000000	53270400.000000
 45-49 	110132512.000000	57139808.000000	52992712.000000
 50-54 	105594192.000000	54257420.000000	51336772.000000
 55-59 	98882320.000000	50079796.000000	48802528.000000
 60-64 	89334856.000000	44168004.000000	45166852.000000
 65-69 	74034224.000000	35574612.000000	38459608.000000
 70-74 	55860560.000000	25906858.000000	29953704.000000
 75-79 	37279832.000000	16587646.000000	20692184.000000
 80+ 	36554812.000000	15362638.000000	21192174.000000
Total	1584350080.000000	808914752.000000	775435328.000000
