India Total	Male	Female
1970			
 0-4	87301754.000000	45111270.000000	42190484.000000
 5-9	74820815.000000	38925014.000000	35895801.000000
 10-14 	66258358.000000	34640953.000000	31617405.000000
 15-19 	57892706.000000	30409088.000000	27483618.000000
 20-24 	44203633.000000	22690818.000000	21512815.000000
 25-29 	39180749.000000	20044198.000000	19136551.000000
 30-34 	36259514.000000	18459052.000000	17800462.000000
 35-39 	32038961.000000	16511413.000000	15527548.000000
 40-44 	27692280.000000	14624452.000000	13067828.000000
 45-49 	23446845.000000	12476650.000000	10970195.000000
 50-54 	19612922.000000	10393213.000000	9219709.000000
 55-59 	15810784.000000	8272387.000000	7538397.000000
 60-64 	12330412.000000	6382265.000000	5948147.000000
 65-69 	8241311.000000	4269938.000000	3971373.000000
 70-74 	5493690.000000	2749354.000000	2744336.000000
 75-79 	2647226.000000	1306072.000000	1341154.000000
 80+ 	1967808.000000	890008.000000	1077800.000000
Total	555199768.000000	288156145.000000	267043623.000000
1971			
 0-4	88428826.607240	45680300.002024	42748526.605216
 5-9	76066568.318217	39560845.122455	36505723.195762
 10-14 	67562107.091456	35299742.815115	32262364.276341
 15-19 	59574425.290027	31292302.561759	28282122.728268
 20-24 	46825142.459486	24212231.601676	22612910.857810
 25-29 	39348565.876370	20116145.533775	19232420.342594
 30-34 	36639049.552924	18687517.085521	17951532.467404
 35-39 	32767402.208313	16829145.163560	15938257.044753
 40-44 	28315692.090198	14879710.196813	13435981.893385
 45-49 	24008600.557065	12774253.298951	11234347.258113
 50-54 	20039224.300832	10626757.117550	9412467.183281
 55-59 	16203523.176953	8489730.873307	7713792.303646
 60-64 	12600217.717207	6517119.535528	6083098.181679
 65-69 	8626061.837331	4455813.267981	4170248.569350
 70-74 	5559112.140116	2800766.486643	2758345.653473
 75-79 	2884381.614963	1416011.475759	1468370.139204
 80+ 	1975004.340784	899591.345070	1075412.995714
Total	567423905.179483	294537983.483489	272885921.695994
1972			
 0-4	89205867.109964	46080370.057562	43125497.052402
 5-9	77834854.934497	40467168.406569	37367686.527929
 10-14 	69004522.854417	36029919.363415	32974603.491002
 15-19 	61251582.738067	32167373.039661	29084209.698406
 20-24 	49389069.144816	25685494.135439	23703575.009377
 25-29 	39942985.226017	20437212.842203	19505772.383814
 30-34 	37089415.365912	18956913.388215	18132501.977697
 35-39 	33468148.796917	17149380.346362	16318768.450555
 40-44 	28966264.237156	15152439.395318	13813824.841838
 45-49 	24594773.537871	13072828.414207	11521945.123664
 50-54 	20489431.737319	10869463.424061	9619968.313258
 55-59 	16596028.715277	8705557.803885	7890470.911392
 60-64 	12872371.920797	6655409.119381	6216962.801416
 65-69 	8968392.814527	4621327.642895	4347065.171632
 70-74 	5659778.429300	2864968.981343	2794809.447957
 75-79 	3076080.249523	1506980.275839	1569099.973683
 80+ 	2019091.540451	925558.403509	1093533.136942
Total	580428659.352828	301348365.039862	279080294.312966
1973			
 0-4	90196530.346600	46584466.164900	43612064.181700
 5-9	79472179.463361	41313058.608054	38159120.855307
 10-14 	70507889.140382	36792977.885204	33714911.255178
 15-19 	62772041.412351	32942156.329668	29829885.082684
 20-24 	52027974.299363	27195021.627154	24832952.672209
 25-29 	40863030.407829	20944386.248288	19918644.159541
 30-34 	37515608.736486	19213767.133870	18301841.602616
 35-39 	34141491.826847	17469342.004220	16672149.822627
 40-44 	29643413.390991	15434820.495289	14208592.895702
 45-49 	25210131.352259	13375021.534256	11835109.818003
 50-54 	20966380.736669	11123275.079927	9843105.656742
 55-59 	17007628.303674	8930684.615529	8076943.688145
 60-64 	13150269.269192	6799106.773168	6351162.496023
 65-69 	9313993.470584	4785971.942352	4528021.528231
 70-74 	5780796.188896	2937060.979304	2843735.209592
 75-79 	3256280.895456	1593196.871344	1663084.024111
 80+ 	2080298.810292	958965.309583	1121333.500708
Total	593905938.051232	308393279.602112	285512658.449120
1974			
 0-4	91876058.048172	47437477.475909	44438580.572264
 5-9	80482631.886868	41841594.687518	38641037.199350
 10-14 	72118115.734757	37610773.763086	34507341.971671
 15-19 	64193321.750839	33654825.634808	30538496.116031
 20-24 	54571431.888285	28636058.120628	25935373.767658
 25-29 	42185893.630735	21685804.831021	20500088.799714
 30-34 	37924245.853207	19454386.787590	18469859.065617
 35-39 	34768566.310712	17779952.144678	16988614.166034
 40-44 	30345838.925885	15729431.470986	14616407.454899
 45-49 	25848371.271305	13674842.738415	12173528.532890
 50-54 	21473526.466897	11389093.759648	10084432.707250
 55-59 	17433291.355907	9161289.280926	8272002.074981
 60-64 	13446736.267163	6954221.326680	6492514.940484
 65-69 	9646349.966166	4942761.521937	4703588.444229
 70-74 	5939571.737035	3023342.994950	2916228.742085
 75-79 	3412102.615578	1669523.782083	1742578.833495
 80+ 	2163512.211146	1001454.625938	1162057.585208
Total	607829565.920658	315646834.946799	292182730.973858
1975			
 0-4	93064295.631101	48053383.522610	45010912.108490
 5-9	81972029.806104	42599470.679453	39372559.126651
 10-14 	73926150.746205	38531300.141202	35394850.605003
 15-19 	65541108.736924	34322225.504666	31218883.232258
 20-24 	56932587.475054	29954610.991559	26977976.483495
 25-29 	43942579.270158	22681702.569757	21260876.700402
 30-34 	38329076.124409	19683933.793559	18645142.330850
 35-39 	35347582.660025	18080581.585772	17267001.074253
 40-44 	31070971.404308	16037259.367401	15033712.036908
 45-49 	26504798.490032	13969533.738545	12535264.751487
 50-54 	22011740.480494	11667041.971414	10344698.509079
 55-59 	17871242.051631	9395625.874647	8475616.176984
 60-64 	13765401.991121	7122244.758207	6643157.232914
 65-69 	9959851.942712	5089720.312085	4870131.630627
 70-74 	6140474.189427	3125454.399277	3015019.790150
 75-79 	3541018.984753	1735061.394595	1805957.590158
 80+ 	2267960.755846	1052394.289144	1215566.466702
Total	622188870.740303	323101544.893893	299087325.846410
1976			
 0-4	95083092.101617	49075352.213823	46007739.887794
 5-9	82819517.382652	43042321.563720	39777195.818932
 10-14 	75630108.243172	39400944.397183	36229163.845989
 15-19 	66939501.041126	35024969.512724	31914531.528402
 20-24 	58856549.247925	30993805.416647	27862743.831277
 25-29 	46227367.369834	23994451.473077	22232915.896757
 30-34 	38750900.098646	19904729.320800	18846170.777846
 35-39 	35858083.021181	18361275.739340	17496807.281841
 40-44 	31814451.230286	16361513.355324	15452937.874961
 45-49 	27167534.331887	14250447.581937	12917086.749950
 50-54 	22584701.034919	11958694.358400	10626006.676519
 55-59 	18311230.643110	9627125.489519	8684105.153591
 60-64 	14123223.714646	7311033.693105	6812190.021541
 65-69 	10229418.846539	5217551.699815	5011867.146723
 70-74 	6402024.437592	3250022.347239	3152002.090354
 75-79 	3628343.565062	1784338.476160	1844005.088902
 80+ 	2396704.072818	1112853.813685	1283850.259133
Total	636822750.383012	330671430.452499	306151319.930512
1977			
 0-4	97006742.523511	50061286.153574	46945456.369937
 5-9	83782457.570930	43531618.248959	40250839.321971
 10-14 	77421876.254649	40314147.966601	37107728.288048
 15-19 	68385395.677879	35756282.706748	32629112.971131
 20-24 	60513415.520472	31862019.382243	28651396.138229
 25-29 	48750448.615036	25445789.198576	23304659.416460
 30-34 	39353706.640824	20222531.675203	19131174.965622
 35-39 	36336985.966938	18633308.085395	17703677.881543
 40-44 	32538560.746381	16685561.035130	15852999.711251
 45-49 	27839174.838752	14527294.154356	13311880.684395
 50-54 	23185137.865061	12256576.219466	10928561.645595
 55-59 	18763786.610809	9862010.175664	8901776.435145
 60-64 	14504074.669765	7512014.422793	6992060.246972
 65-69 	10483079.836963	5340011.611356	5143068.225607
 70-74 	6683700.814243	3380855.020842	3302845.793401
 75-79 	3708972.633513	1831288.370976	1877684.262537
 80+ 	2531689.962874	1175915.099162	1355774.863712
Total	651789206.748600	338398509.527043	313390697.221558
1978			
 0-4	98948402.522321	51058208.987877	47890193.534443
 5-9	84928973.115859	44109832.779855	40819140.336004
 10-14 	79064119.966687	41157292.992682	37906826.974005
 15-19 	69878406.177328	36512601.476827	33365804.700501
 20-24 	62002674.194392	32623369.140607	29379305.053785
 25-29 	51330270.602148	26923154.127601	24407116.474547
 30-34 	40257229.446904	20713100.415673	19544129.031231
 35-39 	36775650.072171	18883748.297081	17891901.775090
 40-44 	33224074.344038	17002781.077847	16221293.266191
 45-49 	28526227.882676	14808021.598601	13718206.284075
 50-54 	23805254.789477	12553938.118426	11251316.671051
 55-59 	19234770.089429	10104317.841084	9130452.248345
 60-64 	14896316.260018	7718782.363689	7177533.896329
 65-69 	10737246.122115	5465330.802222	5271915.319893
 70-74 	6962965.996997	3509111.732721	3453854.264275
 75-79 	3801851.798041	1883207.698394	1918644.099647
 80+ 	2661574.818311	1237418.370303	1424156.448008
Total	667036008.198911	346264217.821490	320771790.377420
1979			
 0-4	100854028.927612	52041399.556917	48812629.370694
 5-9	86738513.130402	45025032.308869	41713480.821533
 10-14 	80058086.591586	41672824.403683	38385262.187903
 15-19 	71471599.758664	37320481.939853	34151117.818810
 20-24 	63391068.349066	33321409.314361	30069659.034705
 25-29 	53812444.177690	28331050.433155	25481393.744535
 30-34 	41549199.479467	21431365.048921	20117834.430546
 35-39 	37187883.811861	19114712.383881	18073171.427980
 40-44 	33856769.066747	17307897.450556	16548871.616191
 45-49 	29230324.309869	15097691.959863	14132632.350006
 50-54 	24440149.815789	12846330.743865	11593819.071924
 55-59 	19728118.229361	10355933.197101	9372185.032260
 60-64 	15295303.575104	7928350.814918	7366952.760186
 65-69 	11002002.977686	5598550.667374	5403452.310312
 70-74 	7226619.147535	3629612.372095	3597006.775440
 75-79 	3917954.281498	1943980.940260	1973973.341238
 80+ 	2781590.324251	1295734.054933	1485856.269318
Total	682541655.954188	354262357.590607	328279298.363581
1980			
 0-4	102697032.981290	52998690.644310	49698342.336981
 5-9	87998726.537180	45673963.693905	42324762.843275
 10-14 	81532156.225194	42420037.167380	39112119.057814
 15-19 	73257182.388465	38228648.993004	35028533.395461
 20-24 	64706863.707353	33974424.585942	30732439.121411
 25-29 	56116359.804390	29618864.488484	26497495.315907
 30-34 	43265160.426677	22399982.564855	20865177.861822
 35-39 	37590490.521146	19333570.917367	18256919.603779
 40-44 	34436751.262753	17601654.828244	16835096.434509
 45-49 	29950476.316944	15398308.171679	14552168.145266
 50-54 	25086057.900704	13131602.887780	11954455.012924
 55-59 	20245208.154697	10617401.608165	9627806.546532
 60-64 	15699855.637019	8139487.098058	7560368.538960
 65-69 	11280353.193400	5740916.189223	5539437.004177
 70-74 	7471086.357262	3741337.194087	3729749.163175
 75-79 	4059369.985002	2014300.528904	2045069.456097
 80+ 	2892445.722958	1351163.857781	1541281.865177
Total	698285577.122433	362384355.419168	335901221.703266
1981			
 0-4	104472741.715543	53928072.786877	50544668.928666
 5-9	90083925.366889	46727120.645519	43356804.721370
 10-14 	82382069.414005	42862434.647883	39519634.766123
 15-19 	74945494.038604	39089800.468415	35855693.570188
 20-24 	66082055.030864	34667426.798119	31414628.232746
 25-29 	58003968.701307	30638949.053668	27365019.647639
 30-34 	45510299.161129	23687563.604911	21822735.556218
 35-39 	38013629.926449	19548785.652061	18464844.274388
 40-44 	34950768.856257	17878797.149146	17071971.707111
 45-49 	30687120.653673	15715967.933466	14971152.720208
 50-54 	25735277.526670	13403812.853954	12331464.672717
 55-59 	20792048.101116	10891716.176624	9900331.924492
 60-64 	16103396.835212	8347791.846358	7755604.988854
 65-69 	11587278.637887	5899211.933142	5688066.704745
 70-74 	7679724.135423	3838414.902169	3841309.233254
 75-79 	4238020.660694	2098193.035307	2139827.625387
 80+ 	2990725.129749	1402470.573501	1588254.556249
Total	714258543.891473	370626530.061119	343632013.830354
1982			
 0-4	106199849.780481	54836832.738038	51363017.042443
 5-9	92053624.516797	47735632.187336	44317992.329461
 10-14 	83341021.473316	43349564.471403	39991457.001914
 15-19 	76720688.230662	39994443.755507	36726244.475156
 20-24 	67505326.195897	35389236.973789	32116089.222108
 25-29 	59630909.132988	31491376.533283	28139532.599705
 30-34 	47990955.470796	25112585.413259	22878370.057536
 35-39 	38612651.313926	19859506.085420	18753145.228506
 40-44 	35431674.478930	18147252.645547	17284421.833383
 45-49 	31402384.376678	16032876.428989	15369507.947690
 50-54 	26390116.795162	13671286.390305	12718830.404857
 55-59 	21362228.977492	11171368.105138	10190860.872355
 60-64 	16516339.183904	8558712.662667	7957626.521237
 65-69 	11910953.320714	6066703.866338	5844249.454376
 70-74 	7875113.252317	3931362.453815	3943750.798502
 75-79 	4427826.482126	2185339.409830	2242487.072296
 80+ 	3088818.878687	1454250.202662	1634568.676024
Total	730460481.860874	378988330.323325	351472151.537549
1983			
 0-4	107903923.539394	55735718.491204	52168205.048190
 5-9	94035607.824274	48753394.152709	45282213.671564
 10-14 	84481955.047814	43925443.377084	40556511.670730
 15-19 	78347640.116647	40829757.659751	37517882.456896
 20-24 	68976383.027989	36136472.658706	32839910.369283
 25-29 	61094782.241237	32239366.394473	28855415.846764
 30-34 	50528859.667960	26564141.793819	23964717.874141
 35-39 	39506216.890564	20340367.930833	19165848.959730
 40-44 	35872146.854094	18394723.176321	17477423.677772
 45-49 	32078923.966814	16343127.292887	15735796.673927
 50-54 	27058392.094472	13942287.542635	13116104.551836
 55-59 	21949958.693580	11450662.793507	10499295.900073
 60-64 	16945647.122824	8776633.068746	8169014.054078
 65-69 	12243571.946518	6238924.015272	6004647.931246
 70-74 	8071433.475407	4026970.542720	4044462.932686
 75-79 	4614435.859275	2270250.290311	2344185.568964
 80+ 	3193723.474857	1509057.550688	1684665.924168
Total	746903601.843719	387477298.731668	359426303.112051
1984			
 0-4	109602775.425461	56633018.107198	52969757.318263
 5-9	95981327.800203	49756419.061673	46224908.738530
 10-14 	86280882.297297	44836221.258438	41444661.038859
 15-19 	79330003.123108	41339259.005001	37990744.118107
 20-24 	70545242.259661	36933899.248388	33611343.011273
 25-29 	62457937.231656	32923741.647649	29534195.584007
 30-34 	52969346.681818	27946011.043510	25023335.638307
 35-39 	40779087.021514	21043996.863890	19735090.157624
 40-44 	36284649.230206	18622333.854643	17662315.375562
 45-49 	32702516.603345	16641187.381323	16061329.222022
 50-54 	27741506.872596	14221443.904439	13520062.968157
 55-59 	22550746.755429	11725454.182774	10825292.572655
 60-64 	17395139.114545	9003485.178156	8391653.936390
 65-69 	12581944.547787	6413848.454983	6168096.092804
 70-74 	8276529.708427	4129093.653214	4147436.055213
 75-79 	4789395.862718	2349822.796679	2439573.066039
 80+ 	3308822.012010	1568089.026772	1740732.985237
Total	763577852.547780	396087324.668729	367490527.879051
1985			
 0-4	111267378.950063	57513495.091584	53753883.858479
 5-9	97882290.187399	50741143.481010	47141146.706389
 10-14 	87534504.612740	45482904.754771	42051599.857969
 15-19 	80788972.264535	42078554.836657	38710417.427878
 20-24 	72305092.001155	37831290.576655	34473801.424500
 25-29 	63750217.184217	33564218.247294	30185998.936923
 30-34 	55234908.914882	29209753.054379	26025155.860503
 35-39 	42467567.277905	21993475.969453	20474091.308452
 40-44 	36686703.520529	18837972.949618	17848730.570911
 45-49 	33274203.456236	16928327.760240	16345875.695996
 50-54 	28439037.421239	14510901.093190	13928136.328049
 55-59 	23161568.934602	11994002.846307	11167566.088295
 60-64 	17866282.992947	9239831.947211	8626451.045736
 65-69 	12925684.464107	6590727.520380	6334956.943727
 70-74 	8492608.113402	4238575.467772	4254032.645630
 75-79 	4951242.740340	2423829.700852	2527413.039488
 80+ 	3433929.914856	1631192.140062	1802737.774794
Total	780462192.951154	404810197.437435	375651995.513719
1986			
 0-4	112823424.811093	58338688.463026	54484736.348066
 5-9	99730557.951179	51704495.405646	48026062.545533
 10-14 	89604802.307930	46529806.426165	43074995.881765
 15-19 	81629428.793434	42515903.351150	39113525.442283
 20-24 	73967122.177310	38681211.644372	35285910.532938
 25-29 	65098835.177925	34242811.282182	30856023.895743
 30-34 	57089139.874470	30208411.356413	26880728.518056
 35-39 	44673470.335088	23254794.160015	21418676.175073
 40-44 	37106765.209099	19048890.539517	18057874.669582
 45-49 	33780638.412654	17198824.091316	16581814.321338
 50-54 	29150852.499633	14815719.808777	14335132.690856
 55-59 	23775151.853368	12250443.979360	11524707.874008
 60-64 	18363892.589683	9487605.169756	8876287.419927
 65-69 	13269526.085333	6765771.855299	6503754.230033
 70-74 	8730084.484743	4359831.249482	4370253.235260
 75-79 	5089840.181614	2488707.871320	2601132.310294
 80+ 	3572213.057197	1699178.263693	1873034.793504
Total	797455745.801751	413591094.917490	383864650.884261
1987			
 0-4	114272543.629286	59112774.769295	55159768.859991
 5-9	101541999.693649	52651671.071221	48890328.622428
 10-14 	91561887.158485	47532813.192100	44029073.966384
 15-19 	82579470.088055	42998177.492176	39581292.595879
 20-24 	75716496.729882	39574635.071225	36141861.658658
 25-29 	66496125.539864	34950442.758859	31545682.781005
 30-34 	58687805.178915	31042302.677599	27645502.501316
 35-39 	47110635.276843	24650945.469386	22459689.807456
 40-44 	37697977.563425	19352510.393823	18345467.169602
 45-49 	34254227.186334	17460372.930352	16793854.255982
 50-54 	29841278.226175	15119016.005466	14722262.220709
 55-59 	24393831.721147	12502195.729192	11891635.991954
 60-64 	18882253.145468	9739524.603126	9142728.542342
 65-69 	13621790.806975	6942764.173094	6679026.633882
 70-74 	8979793.918185	4487451.822792	4492342.095393
 75-79 	5220139.450848	2551035.556944	2669103.893904
 80+ 	3715154.419824	1768388.310993	1946766.108831
Total	814573409.733360	422437022.027643	392136387.705717
1988			
 0-4	115550119.499685	59810226.808510	55739892.691175
 5-9	103335866.375028	53590488.428515	49745377.946513
 10-14 	93533860.051624	48545994.437758	44987865.613866
 15-19 	83711430.187043	43568928.001251	40142502.185792
 20-24 	77321217.834319	40399685.751230	36921532.083089
 25-29 	67941060.088429	35682813.205573	32258246.882856
 30-34 	60125737.408138	31772579.266914	28353158.141224
 35-39 	49602749.856343	26071646.462531	23531103.393812
 40-44 	38575965.284679	19821035.375078	18754929.909602
 45-49 	34687200.883713	17700142.793614	16987058.090100
 50-54 	30493496.286760	15414538.225732	15078958.061028
 55-59 	25024703.285224	12756143.657514	12268559.627710
 60-64 	19416000.461394	9989594.300621	9426406.160773
 65-69 	13988078.335332	7124325.913569	6863752.421762
 70-74 	9235806.372119	4617247.601725	4618558.770394
 75-79 	5351715.506877	2614573.664397	2737141.842480
 80+ 	3857521.196918	1836101.805477	2021419.391440
Total	831752528.913625	431316065.700008	400436463.213616
1989			
 0-4	116647763.559832	60436171.238728	56211592.321105
 5-9	105098794.841670	54512413.306590	50586381.535079
 10-14 	95471312.606298	49544537.226754	45926775.379544
 15-19 	85496205.150954	44472026.586969	41024178.563985
 20-24 	78292334.238781	40902972.905893	37389361.332888
 25-29 	69484949.602231	36465388.604056	33019560.998175
 30-34 	61466472.295105	32440867.558336	29025604.736769
 35-39 	51999772.075490	27423567.698166	24576204.377324
 40-44 	39825109.652076	20506788.301747	19318321.350329
 45-49 	35092703.154441	17919823.517954	17172879.636486
 50-54 	31094926.250101	15697481.158512	15397445.091588
 55-59 	25669725.191935	13016520.132161	12653205.059775
 60-64 	19961927.602068	10234082.296893	9727845.305174
 65-69 	14372271.757176	7311642.847368	7060628.909808
 70-74 	9496500.159026	4747180.468348	4749319.690677
 75-79 	5490060.383803	2681148.128510	2808912.255293
 80+ 	3996596.721068	1900577.863780	2096018.857288
Total	848957425.242053	440213189.840766	408744235.401287
1990			
 0-4	117532760.361413	60975195.279156	56557565.082257
 5-9	106819155.924347	55412185.150627	51406970.773720
 10-14 	97365865.301363	50524720.551148	46841144.750215
 15-19 	86744493.909163	45114374.632939	41630119.276224
 20-24 	79738041.259677	41634671.151538	38103370.108139
 25-29 	71218352.932534	37346163.621310	33872189.311224
 30-34 	62737355.675416	33064877.790638	29672477.884778
 35-39 	54224057.835841	28657779.614589	25566278.221253
 40-44 	41479545.251225	21431014.299571	20048530.951655
 45-49 	35487336.384303	18126642.703207	17360693.681096
 50-54 	31646591.323202	15968842.604713	15677748.718489
 55-59 	26328484.518711	13284995.707958	13043488.810754
 60-64 	20517768.714693	10471508.928593	10046259.786100
 65-69 	14775930.589281	7504912.886471	7271017.702809
 70-74 	9762298.962959	4876560.507546	4885738.455413
 75-79 	5636773.931570	2750956.221697	2885817.709873
 80+ 	4133162.678199	1961932.679780	2171229.998418
Total	866147975.553897	449107334.331483	417040641.222414
1991			
 0-4	118163647.208969	61401212.515451	56762434.693518
 5-9	108474246.346085	56279258.369221	52194987.976864
 10-14 	99211086.947353	51484292.895031	47726794.052322
 15-19 	88803247.064276	46153846.145792	42649400.918484
 20-24 	80577245.338392	42068789.667490	38508455.670902
 25-29 	72860625.279177	38182426.574229	34678198.704948
 30-34 	64067015.941075	33727768.266479	30339247.674596
 35-39 	56046541.903022	29632368.866738	26414173.036284
 40-44 	43640047.814087	22658896.411178	20981151.402909
 45-49 	35900182.901276	18328815.987098	17571366.914178
 50-54 	32137157.996218	16224316.250067	15912841.746150
 55-59 	27001612.637856	13566805.942398	13434806.695458
 60-64 	21078105.416691	10697524.711827	10380580.704864
 65-69 	15203648.542920	7706163.887460	7497484.655461
 70-74 	10030298.248768	5003223.646495	5027074.602273
 75-79 	5798896.390087	2827016.644735	2971879.745353
 80+ 	4265209.966296	2019526.130814	2245683.835483
Total	883258815.942548	457962252.912501	425296563.030047
1992			
 0-4	118644842.996577	61753655.004907	56891187.991671
 5-9	110001579.797324	57090462.958540	52911116.838784
 10-14 	101021828.677649	52428053.062327	48593775.615322
 15-19 	90752147.264069	47150470.748426	43601676.515642
 20-24 	81528551.339229	42548595.467386	38979955.871843
 25-29 	74591783.230153	39062503.709514	35529279.520639
 30-34 	65445868.641385	34419480.631302	31026388.010083
 35-39 	57618702.705109	30445069.872572	27173632.832537
 40-44 	46026054.358683	24017064.587255	22008989.771427
 45-49 	36479561.716934	18620508.218918	17859053.498016
 50-54 	32597320.903156	16471277.350620	16126043.552536
 55-59 	27655937.015277	13846822.201323	13809114.813955
 60-64 	21645253.721121	10919284.055200	10725969.665921
 65-69 	15651283.382625	7910252.649921	7741030.732705
 70-74 	10307454.551570	5130953.752795	5176500.798776
 75-79 	5971118.074166	2906696.905578	3064421.168588
 80+ 	4397702.436768	2076166.856637	2321535.580131
Total	900336990.811797	466797318.033223	433539672.778574
1993			
 0-4	118993428.816384	62030910.122689	56962518.693694
 5-9	111367902.871013	57833293.705355	53534609.165659
 10-14 	102816987.455562	53364146.513216	49452840.942346
 15-19 	92717896.078629	48158009.283058	44559886.795571
 20-24 	82663426.715483	43117684.454937	39545742.260546
 25-29 	76184830.695447	39877328.442122	36307502.253325
 30-34 	66874841.788983	35137478.352449	31737363.436534
 35-39 	59035352.046123	31157495.523854	27877856.522269
 40-44 	48466301.500664	25398877.325821	23067424.174843
 45-49 	37338932.391209	19072657.380688	18266275.010521
 50-54 	33020751.263162	16698686.962100	16322064.301063
 55-59 	28277306.823112	14121017.497673	14156289.325439
 60-64 	22227553.937244	11145002.760340	11082551.176904
 65-69 	16116241.452284	8114424.943964	8001816.508320
 70-74 	10599664.862924	5263893.033275	5335771.829649
 75-79 	6150871.764712	2989008.237631	3161863.527082
 80+ 	4535470.030811	2134760.274536	2400709.756275
Total	917387760.493748	475614674.813708	441773085.680039
1994			
 0-4	119255877.479834	62253947.673082	57001929.806752
 5-9	112547024.086547	58496591.036338	54050433.050209
 10-14 	104582936.606134	54284308.304254	50298628.301879
 15-19 	94651554.887109	49151991.353507	45499563.533602
 20-24 	84445592.143349	44016922.430560	40428669.712788
 25-29 	77157635.987685	40376716.090925	36780919.896760
 30-34 	68404295.438611	35906888.847634	32497406.590977
 35-39 	60358706.689517	31810528.306535	28548178.382983
 40-44 	50814616.961483	26713831.949308	24100785.012175
 45-49 	38560503.128287	19736165.967104	18824337.161183
 50-54 	33420921.840875	16909084.094056	16511837.746819
 55-59 	28855491.946523	14386552.961264	14468938.985259
 60-64 	22828977.204012	11380643.193853	11448334.010159
 65-69 	16598148.966892	8317979.859531	8280169.107361
 70-74 	10911716.384592	5405071.158745	5506645.225847
 75-79 	6338479.461140	3074324.046340	3264155.414801
 80+ 	4681923.571794	2197337.922895	2484585.648899
Total	934414402.784382	484418885.195931	449995517.588451
1995			
 0-4	119463832.343081	62435568.813739	57028263.529341
 5-9	113520023.457482	59071603.369800	54448420.087682
 10-14 	106307794.373309	55183343.507199	51124450.866110
 15-19 	96544413.033027	50128617.975889	46415795.057138
 20-24 	85702260.658405	44660125.288461	41042135.369944
 25-29 	78600883.358357	41103388.316906	37497495.041451
 30-34 	70122446.349163	36774336.226642	33348110.122521
 35-39 	61614683.831885	32420924.487689	29193759.344196
 40-44 	52995168.033967	27914415.446007	25080752.587960
 45-49 	40176746.619021	20631078.571630	19545668.047391
 50-54 	33814149.972778	17109856.487577	16704293.485201
 55-59 	29392291.617257	14645164.462025	14747127.155233
 60-64 	23449895.323463	11628627.428288	11821267.895174
 65-69 	17096349.134160	8521087.643816	8575261.490344
 70-74 	11245565.613600	5555668.945135	5689896.668465
 75-79 	6535026.198906	3163169.784692	3371856.414214
 80+ 	4838531.025154	2264741.753503	2573789.271651
Total	951420060.943015	493211718.508999	458208342.434016
1996			
 0-4	119662116.136683	62600908.651946	57061207.484737
 5-9	114304007.025248	59562522.514498	54741484.510750
 10-14 	107969304.856852	56050966.104260	51918338.752592
 15-19 	98388737.439109	51085058.668256	47303678.770853
 20-24 	87758023.108872	45695363.626815	42062659.482057
 25-29 	79442514.174364	41533252.800539	37909261.373825
 30-34 	71748163.048876	37595764.646218	34152398.402658
 35-39 	62925753.368409	33067489.711194	29858263.657215
 40-44 	54782185.917800	28861043.493069	25921142.424731
 45-49 	42283289.430039	21818721.281356	20464568.148683
 50-54 	34227238.255715	17308185.780742	16919052.474972
 55-59 	29876661.256396	14892601.942670	14984059.313726
 60-64 	24089867.358972	11893036.434449	12196830.924523
 65-69 	17606434.772356	8720404.686546	8886030.085811
 70-74 	11604420.630968	5717111.253725	5887309.377243
 75-79 	6738767.095048	3254357.741391	3484409.353656
 80+ 	5007208.243256	2337928.770285	2669279.472971
Total	968414692.118962	501994718.107961	466419974.011001
1997			
 0-4	119869519.038961	62761416.834217	57108102.204744
 5-9	114923529.360534	59971260.422163	54952268.938371
 10-14 	109503733.873140	56862654.298701	52641079.574439
 15-19 	100195608.300592	52024875.776052	48170732.524539
 20-24 	89699920.109486	46685199.930333	43014720.179153
 25-29 	80387278.972276	42003741.076701	38383537.895575
 30-34 	73453573.909572	38454952.143728	34998621.765844
 35-39 	64278031.117982	33737274.509969	30540756.608013
 40-44 	56319718.923467	29646302.468875	26673416.454592
 45-49 	44605971.920919	23130141.913933	21475830.006985
 50-54 	34800482.909295	17592368.458030	17208114.451266
 55-59 	30335402.947624	15134175.931458	15201227.016166
 60-64 	24716817.019475	12159005.342182	12557811.677293
 65-69 	18128780.766453	8920722.024010	9208058.742444
 70-74 	11984275.149744	5884557.843405	6099717.306340
 75-79 	6953576.825603	3349600.713497	3603976.112106
 80+ 	5186272.794302	2415760.612106	2770512.182196
Total	985342493.939425	510734010.299358	474608483.640067
1998			
 0-4	120111420.480701	62932632.754626	57178787.726075
 5-9	115401692.536007	60303267.332547	55098425.203460
 10-14 	110876268.554418	57604639.804992	53271628.749425
 15-19 	101983132.196810	52955440.774753	49027691.422057
 20-24 	91650804.521001	47681370.261370	43969434.259631
 25-29 	81502596.638603	42555797.934488	38946798.704115
 30-34 	75011333.497204	39241764.803331	35769568.693873
 35-39 	65669172.011830	34425329.683549	31243842.328281
 40-44 	57697551.993156	30328112.839784	27369439.153372
 45-49 	46975882.524107	24460142.006212	22515740.517895
 50-54 	35640896.084615	18028386.645204	17612509.439411
 55-59 	30760287.766688	15357600.233123	15402687.533565
 60-64 	25315281.919186	12420898.852093	12894383.067093
 65-69 	18667826.756085	9126791.986732	9541034.769354
 70-74 	12381155.958944	6053996.427310	6327159.531634
 75-79 	7181771.946674	3450169.192729	3731602.753944
 80+ 	5374487.538805	2497318.930356	2877168.608449
Total	1002201562.924833	519423660.463200	482777902.461634
1999			
 0-4	120384165.063200	63116928.375760	57267236.687440
 5-9	115807470.188580	60589022.721653	55218447.466927
 10-14 	112060121.411480	58266019.316201	53794102.095279
 15-19 	103737841.467228	53868057.351566	49869784.115662
 20-24 	93561315.637017	48658814.371205	44902501.265812
 25-29 	83244712.901053	43426166.730812	39818546.170241
 30-34 	75945073.671250	39708884.429929	36236189.241321
 35-39 	67147775.480154	35155556.089860	31992219.390294
 40-44 	58975622.502442	30945643.243986	28029979.258456
 45-49 	49249873.706493	25720172.326424	23529701.380070
 50-54 	36825772.978233	18663238.920334	18162534.057899
 55-59 	31162374.367722	15563787.248164	15598587.119559
 60-64 	25874143.331541	12674623.368038	13199519.963503
 65-69 	19224362.364305	9341652.636128	9882709.728177
 70-74 	12792985.551497	6223270.234124	6569715.317373
 75-79 	7425058.042325	3556800.300683	3868257.741642
 80+ 	5572016.616593	2582564.044292	2989452.572302
Total	1018990685.281114	528061201.709157	490929483.571957
2000			
 0-4	120693154.652625	63317714.127638	57375440.524987
 5-9	116161721.466769	60835840.105686	55325881.361083
 10-14 	113033079.936576	58836708.714104	54196371.222471
 15-19 	105446233.634245	54756844.490821	50689389.143424
 20-24 	95422222.209708	49614096.139881	45808126.069827
 25-29 	84457423.810131	44037587.731807	40419836.078323
 30-34 	77330630.242106	40392673.370140	36937956.871966
 35-39 	68801491.813902	35974838.259806	32826653.554095
 40-44 	60179912.774933	31516040.255065	28663872.519868
 45-49 	51354984.058922	26864976.340489	24490007.718432
 50-54 	38384696.238331	19514770.897626	18869925.340706
 55-59 	31556613.605717	15759293.883406	15797319.722311
 60-64 	26394613.591584	12921203.621181	13473409.970404
 65-69 	19797059.885618	9566194.466380	10230865.419238
 70-74 	13218319.040417	6391779.261201	6826539.779216
 75-79 	7683855.072162	3669519.376234	4014335.695927
 80+ 	5779526.613725	2671630.258097	3107896.355629
Total	1035695538.647471	536641711.299563	499053827.347907
2001			
 0-4	121037155.252006	63534057.276084	57503097.975922
 5-9	116479009.397080	61055195.086289	55423814.310791
 10-14 	113806033.213417	59317436.822297	54488596.391120
 15-19 	107080351.879242	55607830.293343	51472521.585899
 20-24 	97220633.937385	50540949.167762	46679684.769623
 25-29 	86443622.600750	45027373.047789	41416249.552962
 30-34 	78110677.545958	40776073.155802	37334604.390156
 35-39 	70353227.852269	36741079.849191	33612148.003078
 40-44 	61429815.316201	32115637.234998	29314178.081203
 45-49 	53073927.789133	27760977.167750	25312950.621384
 50-54 	40407683.712941	20639897.094781	19767786.618160
 55-59 	31967846.643269	15950499.119149	16017347.524120
 60-64 	26866906.926897	13156870.284659	13710036.642239
 65-69 	20384735.173192	9803300.768757	10581434.404435
 70-74 	13653678.010952	6556931.439195	7096746.571757
 75-79 	7960121.863654	3789030.648692	4171091.214961
 80+ 	5997168.580733	2764358.975207	3232809.605527
Total	1052272595.695079	545137497.431744	507135098.263336
2002			
 0-4	121324285.440684	63717458.840778	57606826.599907
 5-9	116824961.273071	61280789.858178	55544171.414893
 10-14 	114411728.873397	59715141.870551	54696587.002846
 15-19 	108583694.452031	56401090.315802	52182604.136229
 20-24 	98975768.686674	51448559.286021	47527209.400653
 25-29 	88312995.882346	45970152.127435	42342843.754911
 30-34 	78989540.365914	41198213.984606	37791326.381308
 35-39 	71980009.251815	37541994.279238	34438014.972577
 40-44 	62717506.549099	32735852.813125	29981653.735973
 45-49 	54550381.555711	28500461.018876	26049920.536834
 50-54 	42635412.305635	21880266.875645	20755145.429990
 55-59 	32530084.017152	16221143.058600	16308940.958552
 60-64 	27316571.603908	13387142.522858	13929429.081050
 65-69 	20960940.239358	10041443.162875	10919497.076483
 70-74 	14100203.980633	6723176.752785	7377027.227848
 75-79 	8252153.081783	3912656.729684	4339496.352099
 80+ 	6227220.638711	2861739.641893	3365480.996818
Total	1068693458.197921	553537283.138951	515156175.058970
2003			
 0-4	121468289.227345	63823071.544888	57645217.682457
 5-9	117214960.056509	61522596.354659	55692363.701849
 10-14 	114874201.320234	60036076.661060	54838124.659174
 15-19 	109924469.990107	57125045.667016	52799424.323091
 20-24 	100711295.369136	52347214.299854	48364081.069283
 25-29 	90190663.556803	46921044.268687	43269619.288115
 30-34 	80038227.118606	41703097.639710	38335129.478896
 35-39 	73462412.362481	38272786.827656	35189625.534825
 40-44 	64044243.469673	33374539.957475	30669703.512198
 45-49 	55874317.162133	29141550.491846	26732766.670286
 50-54 	44908107.941531	23137289.144605	21770818.796926
 55-59 	33346172.455578	16634114.156199	16712058.299380
 60-64 	27737464.045744	13601735.823959	14135728.221785
 65-69 	21514170.667487	10277084.912174	11237085.755313
 70-74 	14562975.623702	6895217.875198	7667757.748505
 75-79 	8558555.820112	4038402.013479	4520153.806632
 80+ 	6471854.560567	2964884.101166	3506970.459401
Total	1084902380.747747	561815751.739630	523086629.008118
2004			
 0-4	121386343.390166	63807878.819810	57578464.570357
 5-9	117649227.767509	61785160.250036	55864067.517473
 10-14 	115262173.737909	60310254.528760	54951919.209149
 15-19 	111076399.213028	57768744.084796	53307655.128232
 20-24 	102414984.815995	53229441.514698	49185543.301297
 25-29 	92031019.153540	47857153.634819	44173865.518721
 30-34 	81707403.689575	42524666.209924	39182737.479650
 35-39 	74333595.425945	38692698.056972	35640897.368973
 40-44 	65458891.172942	34056326.273645	31402564.899297
 45-49 	57104733.205831	29722941.376125	27381791.829707
 50-54 	47090493.792056	24328179.359088	22762314.432969
 55-59 	34489787.338009	17233754.832568	17256032.505441
 60-64 	28140418.188653	13801895.706636	14338522.482017
 65-69 	22035904.173008	10507332.119613	11528572.053394
 70-74 	15043291.291982	7075715.429245	7967575.862737
 75-79 	8878699.994289	4165135.619302	4713564.374987
 80+ 	6732868.719252	3074493.754798	3658374.964454
Total	1100836235.069687	569941771.570834	530894463.498853
2005			
 0-4	121084562.818436	63674624.210859	57409938.607577
 5-9	118108348.784842	62059092.084881	56049256.699961
 10-14 	115598345.192919	60546180.721818	55052164.471101
 15-19 	112020527.542173	58323377.982712	53697149.559461
 20-24 	104076367.977036	54090803.732033	49985564.245003
 25-29 	93829753.090833	48776949.214568	45052803.876265
 30-34 	82862802.242225	43098469.745274	39764332.496951
 35-39 	75655742.146122	39330394.647784	36325347.498338
 40-44 	67049796.777064	34828352.109799	32221444.667265
 45-49 	58268454.738489	30262122.997344	28006331.741145
 50-54 	49115429.498492	25411813.986856	23703615.511636
 55-59 	35988461.876844	18036496.486932	17951965.389912
 60-64 	28539561.655507	13993979.655434	14545582.000073
 65-69 	22527647.496581	10733304.780023	11794342.716557
 70-74 	15539725.250301	7265169.653983	8274555.596319
 75-79 	9211541.474513	4292526.091291	4919015.383222
 80+ 	7010519.262643	3190469.932533	3820049.330110
Total	1116487587.825019	577914128.034123	538573459.790896
2006			
 0-4	120644705.852167	63465600.950292	57179104.901874
 5-9	118545147.421501	62320102.352458	56225045.069043
 10-14 	115905362.838231	60758067.378483	55147295.459748
 15-19 	112771669.598086	58792670.873938	53978998.724149
 20-24 	105670463.156215	54920365.996158	50750097.160057
 25-29 	95579042.865692	49678270.653537	45900772.212155
 30-34 	84791808.344581	44054378.066258	40737430.278324
 35-39 	76395517.743370	39684115.843974	36711401.899396
 40-44 	68549579.504286	35555660.281866	32993919.222420
 45-49 	59483413.543194	30834878.093051	28648535.450144
 50-54 	50778413.257413	26264615.806375	24513797.451038
 55-59 	37926552.482496	19095684.146148	18830868.336348
 60-64 	28957014.366191	14183928.341983	14773086.024208
 65-69 	22980395.717811	10951944.813490	12028450.904320
 70-74 	16049883.429493	7465212.567931	8584670.861561
 75-79 	9553858.814268	4418593.392782	5135265.421486
 80+ 	7304828.471655	3312606.175757	3992222.295898
Total	1131887657.406650	585756695.734483	546130961.672167
2007			
 0-4	120204325.311440	63250762.590128	56953562.721313
 5-9	118866209.700371	62518788.254326	56347421.446045
 10-14 	116243454.662495	60978359.189658	55265095.472838
 15-19 	113360727.711928	59182363.123297	54178364.588631
 20-24 	107140985.524102	55696641.207848	51444344.316254
 25-29 	97297246.076575	50566887.551413	46730358.525162
 30-34 	86618706.852799	44972822.835511	41645884.017288
 35-39 	77243447.512857	40084063.496225	37159384.016632
 40-44 	70130622.405298	36322608.777032	33808013.628267
 45-49 	60741113.029619	31432142.794401	29308970.235218
 50-54 	52215120.752135	26973389.078101	25241731.674033
 55-59 	40058814.049925	20263476.555836	19795337.494089
 60-64 	29513263.043436	14446325.345810	15066937.697626
 65-69 	23413032.947310	11166281.691599	12246751.255712
 70-74 	16549671.032330	7665754.182260	8883916.850071
 75-79 	9904227.233848	4545504.394412	5358722.839436
 80+ 	7613893.654591	3438853.494758	4175040.159833
Total	1147114861.501060	593505024.562613	553609836.938447
2008			
 0-4	119877856.538311	63089553.637925	56788302.900385
 5-9	119020708.894639	62627974.402597	56392734.492042
 10-14 	116628703.198383	61216773.717431	55411929.480952
 15-19 	113813098.192630	59498745.651298	54314352.541332
 20-24 	108459027.981254	56408666.455564	52050361.525691
 25-29 	99008418.957847	51453529.332169	47554889.625678
 30-34 	88470458.677729	45909049.569951	42561409.107778
 35-39 	78273535.379725	40575828.224984	37697707.154741
 40-44 	71582274.958714	37030320.252607	34551954.706107
 45-49 	62046110.059765	32054466.962731	29991643.097034
 50-54 	53512508.113555	27594481.168241	25918026.945314
 55-59 	42233514.730213	21447924.224270	20785590.505942
 60-64 	30301192.593261	14837743.099221	15463449.494040
 65-69 	23816870.030666	11365885.572763	12450984.457903
 70-74 	17027046.527934	7863111.157379	9163935.370555
 75-79 	10264107.295293	4675664.684504	5588442.610790
 80+ 	7935501.667206	3567439.311723	4368062.355483
Total	1162270933.797126	601217157.425357	561053776.371769
2009			
 0-4	119698091.693211	63000256.542971	56697835.150241
 5-9	118982106.145174	62632495.933436	56349610.211738
 10-14 	117061926.975046	61477583.339362	55584343.635683
 15-19 	114200373.006266	59772714.241072	54427658.765193
 20-24 	109604027.070041	57047965.489277	52556061.580764
 25-29 	100699833.832494	52329485.502949	48370348.329546
 30-34 	90299704.772688	46839250.153329	43460454.619360
 35-39 	79925939.837446	41386452.570044	38539487.267402
 40-44 	72448029.061484	37444749.690856	35003279.370628
 45-49 	63444605.397090	32724549.070521	30720056.326570
 50-54 	54726082.027214	28164017.297230	26562064.729983
 55-59 	44322113.890542	22571501.101742	21750612.788800
 60-64 	31386406.610017	15397332.074195	15989074.535822
 65-69 	24199118.908476	11550567.849117	12648551.059360
 70-74 	17473328.524629	8054267.151435	9419061.373194
 75-79 	10632845.653354	4810188.185273	5822657.468081
 80+ 	8268737.211200	3697407.497361	4571329.713839
Total	1177373270.616374	608900783.690169	568472486.926205
2010			
 0-4	119682057.741354	62992699.587599	56689358.153755
 5-9	118760527.994989	62536940.549529	56223587.445461
 10-14 	117523320.537631	61751013.495332	55772307.042300
 15-19 	114547881.126578	60013945.741309	54533935.385270
 20-24 	110563805.119984	57609431.052260	52954374.067724
 25-29 	102365399.087683	53192590.946935	49172808.140747
 30-34 	92102086.338501	47762287.358011	44339798.980490
 35-39 	81093004.202203	41967960.087989	39125044.114213
 40-44 	73770385.064849	38082260.617046	35688124.447803
 45-49 	65024579.232343	33489326.119718	31535253.112625
 50-54 	55882104.948428	28698970.290222	27183134.658207
 55-59 	46263015.090493	23597162.295817	22665852.794676
 60-64 	32792291.420154	16138840.256879	16653451.163274
 65-69 	24572504.971690	11726080.854362	12846424.117328
 70-74 	17890037.576585	8240191.070428	9649846.506157
 75-79 	11008822.392730	4949170.604516	6059651.788214
 80+ 	8612704.589547	3828594.249151	4784110.340396
Total	1192454527.435741	616577465.177103	575877062.258639
2011			
 0-4	119780983.966541	63042766.988166	56738216.978376
 5-9	118441771.957914	62385407.286098	56056364.671816
 10-14 	117970679.125799	62014777.279301	55955901.846499
 15-19 	114881715.477528	60237476.550078	54644238.927449
 20-24 	111359282.584516	58098722.830389	53260559.754127
 25-29 	103990210.580289	54036696.063344	49953514.516944
 30-34 	93872886.196938	48676543.004889	45196343.192049
 35-39 	83034492.564603	42932059.961207	40102432.603396
 40-44 	74536214.918623	38453108.262083	36083106.656539
 45-49 	66523848.045262	34216800.606419	32307047.438843
 50-54 	57091823.492272	29269701.969009	27822121.523263
 55-59 	47865924.750800	24410905.703048	23455019.047752
 60-64 	34595021.849907	17109339.010765	17485682.839142
 65-69 	24957732.174262	11898066.846344	13059665.327917
 70-74 	18271597.171515	8419151.897112	9852445.274403
 75-79 	11390713.754673	5093857.939242	6296855.815432
 80+ 	8966368.124756	3960378.264338	5005989.860418
Total	1207531266.736198	624255760.461833	583275506.274365
2012			
 0-4	119916755.154214	63110745.347732	56806009.806482
 5-9	118127550.799891	62230772.990449	55896777.809442
 10-14 	118304676.085867	62217158.864311	56087517.221556
 15-19 	115252422.203645	60471726.995256	54780695.208390
 20-24 	112009170.261138	58516656.732554	53492513.528584
 25-29 	105509985.318858	54837246.029762	50672739.289096
 30-34 	95623300.078993	49584358.378795	46038941.700198
 35-39 	84884766.857275	43866984.708773	41017782.148502
 40-44 	75418401.506140	38877115.293175	36541286.212964
 45-49 	68109671.405485	34988224.776013	33121446.629471
 50-54 	58346399.080687	29866891.945264	28479507.135422
 55-59 	49258214.458979	25092949.765208	24165264.693771
 60-64 	36572143.596102	18176217.497508	18395926.098593
 65-69 	25463112.835427	12131935.338979	13331177.496448
 70-74 	18635314.105248	8594216.278367	10041097.826881
 75-79 	11762565.069467	5238005.286073	6524559.783394
 80+ 	9329921.024127	4094148.043578	5235772.980549
Total	1222524369.841541	631895354.271797	590629015.569744
2013			
 0-4	120020000.774913	63160463.630698	56859537.144215
 5-9	117889094.601607	62110771.837912	55778322.763695
 10-14 	118472571.895824	62330336.224773	56142235.671051
 15-19 	115670173.949449	60723656.951772	54946516.997676
 20-24 	112529446.890112	58864738.809207	53664708.080905
 25-29 	106890293.011876	55580371.107648	51309921.904228
 30-34 	97372002.181961	50493061.098927	46878941.083034
 35-39 	86762624.966222	44821207.963000	41941417.003221
 40-44 	76481109.604973	39392246.430652	37088863.174321
 45-49 	69569743.308211	35702795.366355	33866947.941856
 50-54 	59646071.632907	30487643.818991	29158427.813917
 55-59 	50520581.663982	25694338.887619	24826242.776363
 60-64 	38584634.707239	19255752.814364	19328881.892875
 65-69 	26172561.121953	12477494.636150	13695066.485803
 70-74 	18975664.145517	8757575.345820	10218088.799697
 75-79 	12117476.665249	5380056.458066	6737420.207183
 80+ 	9705234.196858	4231676.620469	5473557.576389
Total	1237379285.318852	639464188.002423	597915097.316428
2014			
 0-4	119979772.905291	63133479.255696	56846293.649596
 5-9	117797753.294059	62063773.444576	55733979.849483
 10-14 	118447569.008637	62339392.067178	56108176.941459
 15-19 	116131872.104874	60995878.854256	55135993.250617
 20-24 	112980111.693913	59167850.725641	53812260.968272
 25-29 	108100746.565557	56252016.873878	51848729.691679
 30-34 	99105743.035501	51393938.071066	47711804.964434
 35-39 	88621078.195611	45770955.691102	42850122.504510
 40-44 	78154767.177046	40218783.863569	37935983.313477
 45-49 	70459078.004352	36134093.999246	34324984.005106
 50-54 	61036700.365963	31154541.620205	29882158.745759
 55-59 	51705856.919299	26248992.775537	25456864.143762
 60-64 	40516895.398331	20279169.043975	20237726.354355
 65-69 	27144489.860636	12968864.173139	14175625.687497
 70-74 	19299811.549815	8909875.962399	10389935.587416
 75-79 	12450471.895826	5518763.589378	6931708.306449
 80+ 	10092368.821955	4373828.249447	5718540.572508
Total	1252025086.796665	646924198.260288	605100888.536377
2015			
 0-4	119766258.470769	63013507.686337	56752750.784432
 5-9	117858377.775743	62093510.822134	55764866.953609
 10-14 	118241163.401082	62249813.693330	55991349.707751
 15-19 	116618186.017248	61279151.517097	55339034.500152
 20-24 	113380467.186126	59432573.875105	53947893.311021
 25-29 	109119306.692504	56841474.664680	52277832.027824
 30-34 	100813196.398722	52281482.004316	48531714.394406
 35-39 	90450891.325684	46711649.253915	43739242.071769
 40-44 	79350858.704207	40820522.367443	38530336.336764
 45-49 	71791254.116319	36779580.080140	35011674.036178
 50-54 	62600074.289329	31910310.651187	30689763.638142
 55-59 	52836396.656812	26770977.035371	26065419.621441
 60-64 	42314094.157604	21213924.499429	21100169.658175
 65-69 	28396806.540294	13616030.759447	14780775.780848
 70-74 	19619298.817836	9056409.900661	10562888.917176
 75-79 	12763806.750982	5655279.684265	7108527.066718
 80+ 	10490179.217338	4520655.388113	5969523.829226
Total	1266410616.518599	654246853.882969	612163762.635631
2016			
 0-4	119399128.946193	62810458.905862	56588670.040331
 5-9	117999857.053665	62164274.064016	55835582.989649
 10-14 	117934555.400839	62103561.980677	55830993.420162
 15-19 	117083381.392536	61549843.251308	55533538.141228
 20-24 	113750420.668894	59671367.194970	54079053.473924
 25-29 	109957256.565388	57350039.318058	52607217.247330
 30-34 	102471012.144161	53144280.234248	49326731.909913
 35-39 	92244355.250525	47639627.482992	44604727.767533
 40-44 	81300734.560180	41790564.026062	39510170.534118
 45-49 	72576483.892308	37163899.247095	35412584.645213
 50-54 	64081900.895214	32627962.717092	31453938.178122
 55-59 	54015823.332501	27325001.450841	26690821.881660
 60-64 	43806082.014112	21959668.667707	21846413.346405
 65-69 	29993346.394244	14457443.676208	15535902.718036
 70-74 	19951284.876414	9201911.483875	10749373.392540
 75-79 	13054254.643770	5788705.251595	7265549.392175
 80+ 	10897403.170654	4672338.729420	6225064.441234
Total	1280517281.201599	661420947.682025	619096333.519574
2017			
 0-4	118931568.119545	62552667.335459	56378900.784086
 5-9	118162450.216014	62244905.820781	55917544.395234
 10-14 	117634309.431549	61955905.317711	55678404.113838
 15-19 	117434471.002708	61759241.069444	55675229.933265
 20-24 	114148126.100125	59916109.625105	54232016.475019
 25-29 	110640935.970739	57782062.036081	52858873.934657
 30-34 	104021102.922141	53960863.715994	50060239.206146
 35-39 	94016176.131747	48559466.654329	45456709.477417
 40-44 	83160757.234612	42730494.402055	40430262.832558
 45-49 	73474335.976192	37598648.778965	35875687.197227
 50-54 	65645626.966432	33386439.646220	32259187.320212
 55-59 	55236606.687312	27902853.002514	27333753.684798
 60-64 	45108668.835998	22588340.159323	22520328.676674
 65-69 	31740665.829986	15379851.464343	16360814.365643
 70-74 	20384618.201856	9398325.538252	10986292.663604
 75-79 	13334138.185993	5920620.138043	7413518.047950
 80+ 	11303923.372167	4825484.419528	6478438.952639
Total	1294378481.185116	668462279.124148	625916202.060968
2018			
 0-4	118454806.256792	62287996.916891	56166809.339901
 5-9	118263515.968200	62292010.836278	55971505.131922
 10-14 	117411787.117560	61844572.406840	55567214.710721
 15-19 	117620031.789733	61880248.228864	55739783.560870
 20-24 	114588061.483235	60176175.230370	54411886.252865
 25-29 	111190101.241309	58141631.828580	53048469.412729
 30-34 	105429097.110979	54718021.799445	50711075.311534
 35-39 	95783349.517008	49478015.770091	46305333.746917
 40-44 	85044821.471720	43687282.993433	41357538.478288
 45-49 	74545897.438407	38120226.044032	36425671.394375
 50-54 	67085119.958693	34088832.900270	32996287.058423
 55-59 	56499478.547174	28502103.645277	27997374.901897
 60-64 	46295856.188230	23146136.005542	23149720.182687
 65-69 	33516353.195194	16310679.935389	17205673.259806
 70-74 	20988316.360222	9685205.752847	11303110.607375
 75-79 	13598723.203406	6044530.082750	7554193.120657
 80+ 	11706443.822434	4979648.617275	6726795.205159
Total	1308021760.670297	675383318.994172	632638441.676125
2019			
 0-4	117984249.215890	62024038.752035	55960210.463855
 5-9	118234197.513889	62269683.280796	55964514.233094
 10-14 	117337124.064963	61807057.623169	55530066.441794
 15-19 	117614585.480225	61898536.796889	55716048.683336
 20-24 	115071143.466681	60456340.968986	54614802.497694
 25-29 	111668669.339745	58456052.783983	53212616.555762
 30-34 	106666227.376761	55403036.798171	51263190.578590
 35-39 	97532497.367398	50386695.818281	47145801.549116
 40-44 	86906231.897335	44637252.231206	42268979.666129
 45-49 	76208610.056013	38940223.901522	37268386.154491
 50-54 	67968584.708057	34517034.807404	33451549.900654
 55-59 	57848551.374238	29144080.358019	28704471.016218
 60-64 	47415807.760500	23663396.338121	23752411.422379
 65-69 	35220745.294263	17191588.799644	18029156.494619
 70-74 	21809550.362266	10089063.354028	11720487.008238
 75-79 	13853498.477486	6160631.893195	7692866.584291
 80+ 	12102854.768882	5134426.769702	6968427.999181
Total	1321443128.524593	682179141.275152	639263987.249441
2020			
 0-4	117536391.818707	61769688.951104	55766702.867603
 5-9	118059434.065211	62169208.715923	55890225.349288
 10-14 	117416727.660078	61847694.048038	55569033.612040
 15-19 	117431023.369015	61820236.741418	55610786.627597
 20-24 	115580918.664543	60748899.859460	54832018.805084
 25-29 	112099592.515802	58734039.350263	53365553.165540
 30-34 	107713606.154775	56007160.650899	51706445.503876
 35-39 	99254651.995740	51281652.254373	47972999.741367
 40-44 	88738223.160338	45577343.296465	43160879.863873
 45-49 	77407425.726279	39543562.001247	37863863.725032
 50-54 	69282654.603383	35151456.543148	34131198.060236
 55-59 	59363110.365280	29869769.745017	29493340.620263
 60-64 	48489192.699654	24152808.725264	24336383.974390
 65-69 	36809720.316609	17997032.357526	18812687.959083
 70-74 	22860124.322829	10616125.221941	12243999.100888
 75-79 	14107930.322673	6273200.755013	7834729.567659
 80+ 	12495717.091886	5290794.792201	7204922.299685
Total	1334646444.852803	688850674.009300	645795770.843503
2021			
 0-4	117110751.291375	61524829.347809	55585921.943565
 5-9	117761979.798708	62001998.065814	55759981.732894
 10-14 	117583461.235268	61932612.547993	55650848.687274
 15-19 	117154075.920255	61688875.698104	55465200.222151
 20-24 	116076273.455237	61032353.960460	55043919.494778
 25-29 	112507561.907604	58990202.046488	53517359.861116
 30-34 	108585187.949248	56532259.637928	52052928.311320
 35-39 	100929476.546823	52153171.170477	48776305.376346
 40-44 	90534962.690816	46505275.091294	44029687.599522
 45-49 	79338835.507686	40501799.113479	38837036.394207
 50-54 	70066058.148792	35534690.795250	34531367.353542
 55-59 	60798652.156339	30558567.714084	30240084.442255
 60-64 	49608599.516800	24671339.008231	24937260.508570
 65-69 	38140150.303711	18644609.197952	19495541.105759
 70-74 	24189020.709906	11295144.199812	12893876.510094
 75-79 	14374751.645907	6385841.068651	7988910.577256
 80+ 	12883715.897639	5448690.105026	7435025.792613
Total	1347643514.682114	695402258.768851	652241255.913263
2022			
 0-4	116685204.395694	61278547.239028	55406657.156665
 5-9	117382236.512813	61789155.666644	55593080.846169
 10-14 	117771981.869441	62027644.657168	55744337.212274
 15-19 	116885260.670590	61557261.511389	55327999.159201
 20-24 	116459988.974274	61256174.795817	55203814.178458
 25-29 	112944877.598480	59253548.365638	53691329.232842
 30-34 	109304549.121642	56982392.349511	52322156.772131
 35-39 	102497127.745764	52978988.095617	49518139.650147
 40-44 	92308854.802404	47424746.664904	44884108.137499
 45-49 	81182196.353871	41430657.993047	39751538.360824
 50-54 	70960209.551202	35967143.406447	34993066.144755
 55-59 	62312525.211288	31285656.283107	31026868.928181
 60-64 	50767020.622572	25211559.778662	25555460.843909
 65-69 	39310902.388203	19194820.129984	20116082.258218
 70-74 	25638781.586122	12036438.591728	13602342.994394
 75-79 	14719721.663581	6536129.873218	8183591.790363
 80+ 	13268389.425448	5606964.103799	7661425.321649
Total	1360399828.493389	701817829.505711	658581998.987679
2023			
 0-4	116262979.879144	61033011.348109	55229968.531035
 5-9	116961847.386001	61552448.032738	55409399.353263
 10-14 	117898047.586332	62088514.402119	55809533.184213
 15-19 	116694031.783970	61462072.823444	55231958.960526
 20-24 	116679320.385246	61392550.454951	55286769.930294
 25-29 	113423790.979998	59532154.418161	53891636.561837
 30-34 	109889977.911601	57360610.791783	52529367.119818
 35-39 	103923675.293631	53745917.376025	50177757.917605
 40-44 	94077475.122431	48342894.581897	45734580.540534
 45-49 	83049407.883315	42376053.886413	40673353.996902
 50-54 	72023724.947714	36483494.116659	35540230.831055
 55-59 	63707493.255177	31959651.021187	31747842.233990
 60-64 	51965644.323700	25771640.830487	26194003.493213
 65-69 	40386205.943224	19687236.899992	20698969.043232
 70-74 	27108383.955897	12781871.533678	14326512.422218
 75-79 	15194067.654368	6752911.136320	8441156.518048
 80+ 	13643395.659518	5760719.345984	7882676.313534
Total	1372889469.951267	708083752.999949	664805716.951318
2024			
 0-4	115811565.513094	60771105.080871	55040460.432223
 5-9	116539781.086051	61312425.339158	55227355.746893
 10-14 	117890621.178714	62078171.361440	55812449.817274
 15-19 	116647585.986565	61439204.041394	55208381.945171
 20-24 	116706769.905696	61426073.691260	55280696.214436
 25-29 	113943177.158688	59829604.822961	54113572.335727
 30-34 	110403985.796340	57693362.366829	52710623.429512
 35-39 	105180874.949619	54441514.317970	50739360.631649
 40-44 	95829001.567342	49251744.639573	46577256.927769
 45-49 	84895615.730194	43315495.288185	41580120.442009
 50-54 	73657632.492696	37284861.877064	36372770.615632
 55-59 	64570272.489177	32374344.558772	32195927.930406
 60-64 	53245672.659875	26371291.038710	26874381.621165
 65-69 	41407136.739571	20147382.364370	21259754.375201
 70-74 	28517529.400478	13485778.243826	15031751.156652
 75-79 	15831530.161740	7054724.623728	8776805.538012
 80+ 	14010117.795371	5909653.142021	8100464.653350
Total	1385088870.611212	714186736.798131	670902133.813081
2025			
 0-4	115321438.223412	60488083.137817	54833355.085595
 5-9	116139081.228607	61081521.334825	55057559.893782
 10-14 	117733568.843947	61987352.595112	55746216.248834
 15-19 	116750821.583460	61492074.428526	55258747.154934
 20-24 	116553587.745378	61362020.287050	55191567.458329
 25-29 	114484719.258200	60137189.120925	54347530.137275
 30-34 	110866576.819808	57987644.937214	52878931.882594
 35-39 	106248222.336279	55056158.858769	51192063.477511
 40-44 	97553088.098845	50146619.653532	47406468.445313
 45-49 	86713392.887077	44245575.377178	42467817.509899
 50-54 	74848071.568218	37882021.369229	36966050.198989
 55-59 	65849224.695684	32986212.990718	32863011.704966
 60-64 	54681241.096950	27048332.899620	27632908.197331
 65-69 	42390804.146487	20585558.121760	21805246.024727
 70-74 	29833572.952992	14129838.171953	15703734.781039
 75-79 	16637427.662468	7444085.070302	9193342.592166
 80+ 	14375940.876514	6057370.243946	8318570.632569
Total	1396980780.024329	720117658.598476	676863121.425853
2026			
 0-4	114792209.225645	60183818.730642	54608390.495003
 5-9	115753498.327642	60856603.958174	54896894.369469
 10-14 	117447374.499830	61826317.566036	55621056.933794
 15-19 	116934019.467962	61585468.369238	55348551.098723
 20-24 	116300963.508768	61242186.653969	55058776.854798
 25-29 	115003320.992087	60431518.405784	54571802.586303
 30-34 	111298490.507763	58256032.467370	53042458.040392
 35-39 	107138555.363211	55591947.313596	51546608.049615
 40-44 	99228327.840970	51017395.872842	48210931.968128
 45-49 	88496053.719278	45163531.773083	43332521.946195
 50-54 	76742805.206414	38816554.273717	37926250.932696
 55-59 	66620698.674059	33360935.351231	33259763.322828
 60-64 	56041024.719907	27690374.264780	28350650.455127
 65-69 	43414625.607139	21048411.548871	22366214.058267
 70-74 	30945485.612160	14651822.121340	16293663.490820
 75-79 	17644911.725104	7939725.669679	9705186.055424
 80+ 	14747480.605371	6206172.812179	8541307.793192
Total	1408549845.603307	725868817.152532	682681028.450776
2027			
 0-4	114230141.297649	59861694.145893	54368447.151756
 5-9	115361607.698453	60626910.045472	54734697.652981
 10-14 	117075807.783056	61617951.698425	55457856.084631
 15-19 	117134989.236564	61686809.510597	55448179.725966
 20-24 	116052705.578658	61120290.964042	54932414.614617
 25-29 	115406931.757766	60664592.768996	54742338.988770
 30-34 	111755430.995765	58529286.549429	53226144.446336
 35-39 	107875672.731204	56052249.538514	51823423.192691
 40-44 	100796746.781864	51842695.680857	48954051.101007
 45-49 	90257392.578320	46073462.462441	44183930.115878
 50-54 	78553770.433526	39723845.321002	38829925.112523
 55-59 	67502177.893292	33784399.578666	33717778.314626
 60-64 	57474524.525325	28367817.535259	29106706.990065
 65-69 	44473546.188181	21530108.519293	22943437.668888
 70-74 	31932644.616640	15099192.147275	16833452.469366
 75-79 	18738255.209033	8477476.636465	10260778.572568
 80+ 	15168820.413193	6379176.314157	8789644.099036
Total	1419791165.718491	731437959.416784	688353206.301707
2028			
 0-4	113645358.956112	59526966.052791	54118392.903320
 5-9	114966854.019478	60394582.864442	54572271.155036
 10-14 	116661871.713839	61384772.609473	55277099.104365
 15-19 	117270844.695411	61752538.035758	55518306.659653
 20-24 	115879426.477956	61033553.267956	54845873.210000
 25-29 	115644950.006796	60809761.232883	54835188.773913
 30-34 	112251195.522081	58816399.998492	53434795.523589
 35-39 	108478819.552770	56440824.645298	52037994.907472
 40-44 	102225624.256844	52610057.982267	49615566.274577
 45-49 	92014987.859925	46982485.847531	45032502.012394
 50-54 	80388700.458165	40647495.609251	39741204.848914
 55-59 	68547051.708252	34287984.726464	34259066.981788
 60-64 	58796448.014104	28996122.671143	29800325.342961
 65-69 	45569603.335963	22029551.930375	23540051.405588
 70-74 	32847684.498236	15503567.595644	17344116.902592
 75-79 	19842282.580730	9015151.581795	10827130.998935
 80+ 	15671886.661948	6592883.463421	9079003.198527
Total	1430703590.318609	736824700.114985	693878890.203624
2029			
 0-4	113049346.505469	59185419.724396	53863926.781073
 5-9	114538990.153804	60143884.293407	54395105.860397
 10-14 	116245476.228660	61147843.596525	55097632.632135
 15-19 	117272777.401193	61746816.444823	55525960.956369
 20-24 	115848948.962253	61018163.465027	54830785.497225
 25-29 	115691380.062962	60852432.172682	54838947.890280
 30-34 	112785913.401044	59121657.320250	53664256.080794
 35-39 	109010595.689660	56784227.794247	52226367.895414
 40-44 	103487531.932709	53307532.652013	50179999.280696
 45-49 	93756547.063883	47882862.531325	45873684.532557
 50-54 	82204307.676382	41566094.019225	40638213.657157
 55-59 	70132348.161266	35058024.941422	35074323.219844
 60-64 	59620038.193463	29385195.230791	30234842.962671
 65-69 	46740087.149716	22564192.476733	24175894.672984
 70-74 	33723485.974190	15884897.333423	17838588.640768
 75-79 	20899144.777373	9520833.955623	11378310.821750
 80+ 	16277617.177705	6857900.704211	9419716.473494
Total	1441284536.511730	742027978.656122	699256557.855608
2030			
 0-4	112451049.605485	58841831.005409	53609218.600076
 5-9	114071822.695852	59871791.379904	54200031.315947
 10-14 	115849683.811505	60919614.495694	54930069.315811
 15-19 	117124954.580714	61660568.829869	55464385.750844
 20-24 	115966174.365514	61077522.686494	54888651.679020
 25-29 	115557633.826259	60797947.359993	54759686.466266
 30-34 	113341630.806150	59436517.391385	53905113.414766
 35-39 	109490867.379303	57089394.242062	52401473.137241
 40-44 	104562234.778062	53925679.521351	50636555.256710
 45-49 	95471860.013855	48769990.041172	46701869.972683
 50-54 	83993572.273577	42476465.832509	41517106.441068
 55-59 	71303901.139790	35641004.845393	35662896.294397
 60-64 	60839777.164992	29959284.036188	30880493.128804
 65-69 	48052102.919554	23167552.270969	24884550.648585
 70-74 	34573466.458079	16250985.056017	18322481.402062
 75-79 	21888571.964574	9983704.256108	11904867.708466
 80+ 	16986823.214898	7174355.752216	9812467.462681
Total	1451526126.998161	747044209.002733	704481917.995427
2031			
 0-4	111855733.819826	58499148.310115	53356585.509711
 5-9	113568443.447720	59579985.460175	53988457.987545
 10-14 	115469040.000628	60697375.838031	54771664.162596
 15-19 	116849107.283422	61504731.118741	55344376.164681
 20-24 	116162541.999223	61176988.159729	54985553.839494
 25-29 	115325203.072723	60688182.040884	54637021.031839
 30-34 	113874705.657940	59738362.408442	54136343.249498
 35-39 	109941027.381869	57369239.739560	52571787.642309
 40-44 	105462883.558351	54466854.440670	50996029.117681
 45-49 	97140096.273926	49634120.349691	47505975.924235
 50-54 	85750188.466555	43376069.617967	42374118.848588
 55-59 	73140410.293648	36537960.257094	36602450.036554
 60-64 	61586773.464315	30316224.484128	31270548.980187
 65-69 	49294136.664256	23738997.578114	25555139.086143
 70-74 	35457405.001681	16636952.483058	18820452.518623
 75-79 	22734177.747849	10362496.094134	12371681.653715
 80+ 	17817898.322017	7551701.439565	10266196.882453
Total	1461429772.455950	751875389.820097	709554382.635852
2032			
 0-4	111265023.046620	58158650.724670	53106372.321950
 5-9	113036118.890919	59272222.724491	53763896.166428
 10-14 	115081692.691767	60470135.116743	54611557.575025
 15-19 	116488794.093330	61302091.383778	55186702.709552
 20-24 	116375163.759482	61283637.727384	55091526.032098
 25-29 	115096350.997237	60576057.336006	54520293.661231
 30-34 	114293252.965184	59979339.596453	54313913.368731
 35-39 	110415650.953023	57653786.926278	52761864.026745
 40-44 	106212459.964812	54934024.993100	51278434.971712
 45-49 	98703931.617120	50454193.740723	48249737.876397
 50-54 	87487328.863808	44268690.730796	43218638.133012
 55-59 	74899317.874298	37410617.394778	37488700.479520
 60-64 	62443456.977681	30721631.295764	31721825.681917
 65-69 	50603646.575369	24341915.284873	26261731.290496
 70-74 	36371893.273602	17038473.559389	19333419.714213
 75-79 	23493411.514350	10690680.675014	12802730.839336
 80+ 	18719442.389734	7961830.180434	10757612.209300
Total	1470986936.448336	756517979.390673	714468957.057663
2033			
 0-4	110677157.051016	57819627.798125	52857529.252891
 5-9	112483242.778876	58952943.373357	53530299.405519
 10-14 	114691178.042256	60240093.876066	54451084.166190
 15-19 	116085525.598918	61074375.356449	55011150.242469
 20-24 	116522999.892621	61354895.586530	55168104.306091
 25-29 	114941398.208246	60498598.192470	54442800.015775
 30-34 	114547321.621201	60133171.740343	54414149.880858
 35-39 	110928720.445530	57952114.935890	52976605.509640
 40-44 	106830107.585177	55330987.263290	51499120.321888
 45-49 	100131311.211725	51218170.840777	48913140.370949
 50-54 	89221980.563152	45161138.577667	44060841.985485
 55-59 	76681781.829176	38299141.988830	38382639.840346
 60-64 	63454827.228840	31201813.920570	32253013.308269
 65-69 	51812630.723991	24901241.356150	26911389.367841
 70-74 	37319374.632878	17454867.605046	19864507.027832
 75-79 	24205229.059245	10990906.769590	13214322.289655
 80+ 	19656535.228502	8385299.964742	11271235.263760
Total	1480191321.701349	760969389.145891	719221932.555457
2034			
 0-4	110088543.570953	57480250.405371	52608293.165581
 5-9	111919248.780564	58627051.450964	53292197.329600
 10-14 	114267388.569728	59991605.540391	54275783.029337
 15-19 	115678565.372823	60842290.010013	54836275.362810
 20-24 	116538102.532682	61355469.259644	55182633.273038
 25-29 	114927903.080197	60491857.655434	54436045.424763
 30-34 	114611249.339512	60185536.797739	54425712.541773
 35-39 	111480637.229160	58268659.871528	53211977.357633
 40-44 	107377677.428738	55683917.495317	51693759.933422
 45-49 	101395212.850168	51914377.622477	49480835.227691
 50-54 	90941924.293264	46045804.399738	44896119.893526
 55-59 	78446680.049972	39183458.126634	39263221.923338
 60-64 	64961873.624897	31921669.234181	33040204.390715
 65-69 	52573176.857005	25249664.411332	27323512.445672
 70-74 	38331581.517506	17900406.298033	20431175.219473
 75-79 	24893211.838013	11276955.124582	13616256.713430
 80+ 	20605100.802426	8808804.657272	11796296.145155
Total	1489038077.737608	765227778.360650	723810299.376958
2035			
 0-4	109495607.600600	57138863.723273	52356743.877327
 5-9	111352096.375156	58298814.204202	53053282.170954
 10-14 	113804308.903966	59721765.942269	54082542.961698
 15-19 	115291507.896804	60618567.816976	54672940.079828
 20-24 	116403845.485847	61275879.973436	55127965.512411
 25-29 	115060740.589937	60559244.055517	54501496.534420
 30-34 	114496453.108829	60141832.829506	54354620.279322
 35-39 	112053531.144495	58594929.764027	53458601.380468
 40-44 	107874758.769401	55999598.097751	51875160.671650
 45-49 	102475743.386724	52533609.303678	49942134.083046
 50-54 	92637158.341677	46918226.535770	45718931.805906
 55-59 	80187643.025029	40060778.294381	40126864.730648
 60-64 	66098973.465576	32478640.852246	33620332.613330
 65-69 	53699321.134661	25765252.811542	27934068.323119
 70-74 	39466145.639607	18403054.745376	21063090.894231
 75-79 	25566837.404806	11554082.622022	14012754.782783
 80+ 	21561358.385260	9230176.504047	12331181.881212
Total	1497526030.658374	769293318.076019	728232712.582356
2036			
 0-4	108895299.904884	56794111.601019	52101188.303865
 5-9	110785987.048922	57970597.498617	52815389.550304
 10-14 	113305146.555895	59432296.550489	53872850.005406
 15-19 	114919621.926719	60400887.802690	54518734.124029
 20-24 	116142266.267584	61127193.216835	55015073.050749
 25-29 	115272071.193171	60666472.449461	54605598.743710
 30-34 	114283726.831881	60043472.965610	54240253.866271
 35-39 	112604008.839596	58908397.516241	53695611.323355
 40-44 	108342320.878429	56290565.673017	52051755.205412
 45-49 	103385732.036371	53078038.145707	50307693.890664
 50-54 	94287252.506460	47768919.320343	46518333.186118
 55-59 	81898871.479399	40928883.917176	40969987.562223
 60-64 	67842209.870912	33315878.295551	34526331.575360
 65-69 	54402994.449168	26091728.862114	28311265.587053
 70-74 	40539216.040130	18878197.789729	21661018.250401
 75-79 	26267344.879291	11845843.713157	14421501.166135
 80+ 	22498251.111426	9634823.016415	12863428.095011
Total	1505672321.820238	773176308.334173	732496013.486065
2037			
 0-4	108285331.556217	56445235.720652	51840095.835565
 5-9	110222330.472031	57643315.303742	52579015.168289
 10-14 	112776929.853953	59126821.656242	53650108.197711
 15-19 	114541052.660400	60178232.863056	54362819.797345
 20-24 	115796171.332576	60931726.563053	54864444.769522
 25-29 	115499214.927422	60780681.959257	54718532.968165
 30-34 	114074158.674174	59942600.416036	54131558.258138
 35-39 	113040608.675661	59161352.933057	53879255.742604
 40-44 	108833765.808698	56585900.146817	52247865.661882
 45-49 	104147373.075530	53550202.265305	50597170.810225
 50-54 	95836143.899177	48577443.495912	47258700.403266
 55-59 	83593215.460624	41791525.192233	41801690.268391
 60-64 	69517234.723197	34133258.218241	35383976.504956
 65-69 	55215171.024239	26466270.911519	28748900.112721
 70-74 	41672113.439896	19380533.798312	22291579.641584
 75-79 	26993379.606674	12149974.938481	14843404.668193
 80+ 	23424889.353589	10028907.295213	13395982.058375
Total	1513469084.544059	776873983.677126	736595100.866932
2038			
 0-4	107664181.850936	56091000.803350	51573181.047587
 5-9	109659827.709885	57316617.575643	52343210.134242
 10-14 	112227970.610021	58809679.158824	53418291.451196
 15-19 	114159065.926997	59952603.584472	54206462.342525
 20-24 	115406805.860069	60710948.209793	54695857.650275
 25-29 	115661148.289582	60859187.022325	54801961.267258
 30-34 	113937263.857187	59875584.263788	54061679.593399
 35-39 	113313425.941875	59327418.447217	53986007.494658
 40-44 	109362439.205170	56894060.037394	52468379.167776
 45-49 	104779148.670325	53953403.641278	50825745.029047
 50-54 	97252575.886555	49332104.123828	47920471.762727
 55-59 	85287229.748543	42655397.821891	42631831.926652
 60-64 	71216288.560320	34966914.523766	36249374.036554
 65-69 	56170789.610069	26909715.551819	29261074.058250
 70-74 	42721916.981798	19849181.344093	22872735.637706
 75-79 	27748514.766320	12467416.626575	15281098.139745
 80+ 	24349933.289114	10417893.895926	13932039.393189
Total	1520918526.764768	780389126.631982	740529400.132786
2039			
 0-4	107031786.780319	55730810.143148	51300976.637170
 5-9	109095432.981322	56989207.557475	52106225.423848
 10-14 	111667613.106434	58485666.424027	53181946.682407
 15-19 	113743410.003203	59708202.089401	54035207.913802
 20-24 	115013122.479561	60485267.399063	54527855.080498
 25-29 	115690278.630793	60866712.490399	54823566.140393
 30-34 	113939702.906083	59877717.060444	54061985.845640
 35-39 	113396746.793481	59392070.943083	54004675.850398
 40-44 	109928443.571673	57219035.164132	52709408.407541
 45-49 	105341472.807718	54312795.330252	51028677.477466
 50-54 	98509896.545647	50021313.931154	48488582.614493
 55-59 	86969103.022174	43513286.037197	43455816.984977
 60-64 	72902256.619106	35799463.258766	37102793.360341
 65-69 	57562620.671454	27559646.809908	30002973.861546
 70-74 	43394669.318248	20148208.544596	23246460.773652
 75-79 	28558682.170877	12810088.646205	15748593.524672
 80+ 	25276275.926080	10804012.625732	14472263.300349
Total	1528021514.334174	783723504.454982	744298009.879191
2040			
 0-4	106391231.891911	55366827.297879	51024404.594032
 5-9	108525263.715377	56659160.606878	51866103.108499
 10-14 	111103860.590753	58159047.251413	52944813.339340
 15-19 	113288161.272933	59442139.563357	53846021.709576
 20-24 	114638473.079110	60267192.669874	54371280.409236
 25-29 	115569926.474349	60793666.627352	54776259.846997
 30-34 	114086199.790367	59952159.642930	54134040.147436
 35-39 	113300400.091276	59359085.042089	53941315.049187
 40-44 	110513626.582613	57551913.226951	52961713.355662
 45-49 	105853472.563304	54634891.374321	51218581.188983
 50-54 	99588718.730805	50636124.277859	48952594.452946
 55-59 	88629153.359693	44360916.868957	44268236.490736
 60-64 	74570008.664146	36628884.119471	37941124.544675
 65-69 	58647489.637742	28082014.879748	30565474.757995
 70-74 	44393120.549143	20593598.467543	23799522.081601
 75-79 	29470180.201290	13199913.510159	16270266.691131
 80+ 	26206735.904923	11188667.708998	15018068.195925
Total	1534776023.099735	786876203.135779	747899819.963957
2041			
 0-4	105746371.049012	55002404.781739	50743966.267272
 5-9	107946293.527331	56324945.432746	51621348.094585
 10-14 	110540855.118564	57832170.219118	52708684.899446
 15-19 	112796596.763279	59156200.356957	53640396.406322
 20-24 	114278238.457794	60054501.892091	54223736.565704
 25-29 	115322005.824487	60651078.128265	54670927.696223
 30-34 	114309446.034611	60064961.284019	54244484.750592
 35-39 	113105413.644581	59270417.695204	53834995.949378
 40-44 	111075375.279954	57870819.244015	53204556.035939
 45-49 	106335774.658311	54932022.512268	51403752.146043
 50-54 	100501545.280367	51178578.209695	49322967.070672
 55-59 	90247267.337956	45188928.225841	45058339.112116
 60-64 	76214104.891717	37452941.317151	38761163.574565
 65-69 	60260379.868616	28842596.689564	31417783.179052
 70-74 	45039965.093082	20888855.604687	24151109.488395
 75-79 	30334379.258283	13570834.891422	16763544.366861
 80+ 	27147760.918827	11575786.648095	15571974.270732
Total	1541201773.006773	789858043.132877	751343729.873896
2042			
 0-4	105102989.615012	54643573.851471	50459415.763541
 5-9	107355145.110975	55984100.133856	51371044.977119
 10-14 	109979969.073090	57505969.637236	52473999.435854
 15-19 	112275477.557315	58853915.452746	53421562.104568
 20-24 	113910520.772203	59836293.847505	54074226.924698
 25-29 	114989126.228188	60461286.584429	54527839.643759
 30-34 	114547232.558717	60183699.794469	54363532.764247
 35-39 	112912461.957457	59178268.217805	53734193.739651
 40-44 	111523661.224102	58129220.062704	53394441.161398
 45-49 	106840971.485139	55232871.866145	51608099.618994
 50-54 	101269886.556506	51651086.224398	49618800.332108
 55-59 	91768898.484859	45977423.453257	45791475.031602
 60-64 	77846009.151563	38274306.611441	39571702.540122
 65-69 	61819943.855832	29590710.491247	32229233.364585
 70-74 	45793160.905905	21231161.678391	24561999.227513
 75-79 	31250624.517426	13965324.781128	17285299.736299
 80+ 	28104701.411758	11967325.214946	16137376.196811
Total	1547290780.466047	792666537.903176	754624242.562871
2043			
 0-4	104463258.380558	54292058.953590	50171199.426969
 5-9	106751039.147628	55636065.651241	51114973.496387
 10-14 	109419935.775923	57180189.856626	52239745.919297
 15-19 	111733162.513098	58539744.814047	53193417.699051
 20-24 	113538607.056998	59614765.324376	53923841.732622
 25-29 	114612478.016142	60245980.485556	54366497.530586
 30-34 	114719135.113548	60266355.478763	54452779.634784
 35-39 	112790637.777899	59119018.543693	53671619.234206
 40-44 	111809371.487791	58301580.540506	53507790.947285
 45-49 	107382261.276523	55545978.316352	51836282.960171
 50-54 	101911725.345792	52056918.273061	49854807.072731
 55-59 	93163570.755305	46714923.646320	46448647.108986
 60-64 	79480377.992625	39098083.783789	40382294.208836
 65-69 	63404404.435012	30354876.507779	33049527.927234
 70-74 	46673922.920868	21632804.428148	25041118.492721
 75-79 	32105611.880494	14335779.962421	17769831.918073
 80+ 	29086674.745143	12366468.899733	16720205.845409
Total	1553046174.621347	795301593.466000	757744581.155347
2044			
 0-4	103826702.900858	53945944.602808	49880758.298050
 5-9	106134266.216821	55281264.570052	50853001.646770
 10-14 	108857661.223130	56853558.357655	52004102.865475
 15-19 	111179025.790927	58218564.019797	52960461.771130
 20-24 	113132388.346162	59374390.762084	53757997.584077
 25-29 	114230701.349407	60025646.692154	54205054.657253
 30-34 	114758321.794165	60278393.927531	54479927.866634
 35-39 	112806091.668793	59127943.745142	53678147.923652
 40-44 	111907205.551045	58373959.038042	53533246.513003
 45-49 	107959631.800472	55875355.202523	52084276.597949
 50-54 	102485699.745899	52420329.740079	50065370.005820
 55-59 	94405038.060717	47389938.671889	47015099.388828
 60-64 	81105073.850368	39916607.007917	41188466.842450
 65-69 	64980849.219434	31119498.632624	33861350.586810
 70-74 	47913557.291665	22197931.140833	25715626.150833
 75-79 	32669704.983224	14578798.661538	18090906.321686
 80+ 	30114460.689783	12781653.298224	17332807.391559
Total	1558466380.482870	797759778.070893	760706602.411977
2045			
 0-4	103196171.590416	53606024.573353	49590147.017063
 5-9	105505851.183172	54920344.108968	50585507.074204
 10-14 	108289200.890278	56524135.288853	51765065.601426
 15-19 	110620999.758272	57894610.612715	52726389.145557
 20-24 	112685996.653670	59112383.011262	53573613.642408
 25-29 	113866988.654974	59812811.863703	54054176.791270
 30-34 	114648127.967391	60210404.587930	54437723.379461
 35-39 	112963479.707768	59208295.887622	53755183.820146
 40-44 	111828243.864223	58351619.197001	53476624.667223
 45-49 	108555402.092202	56212627.016020	52342775.076182
 50-54 	103010514.702177	52747742.305266	50262772.396911
 55-59 	95474831.404676	47994086.329876	47480745.074800
 60-64 	82710672.834975	40725647.513130	41985025.321845
 65-69 	66545069.744709	31882748.576145	34662321.168565
 70-74 	48920945.105050	22670090.998413	26250854.106637
 75-79 	33504059.291097	14937221.171057	18566838.120040
 80+ 	31222843.218025	13228075.432311	17994767.785715
Total	1563549398.663074	800038868.473624	763510530.189451
2046			
 0-4	102573712.781548	53272367.541188	49301345.240360
 5-9	104868818.172553	54556031.322690	50312786.849863
 10-14 	107711373.570484	56190307.996811	51521065.573673
 15-19 	110063036.773274	57570115.370893	52492921.402382
 20-24 	112202507.383634	58830418.791905	53372088.591729
 25-29 	113516579.278116	59605193.869406	53911385.408710
 30-34 	114410220.057913	60073301.057022	54336919.000891
 35-39 	113195976.769501	59326453.814766	53869522.954735
 40-44 	111651668.901447	58275053.768999	53376615.132447
 45-49 	109127369.573231	56536152.470689	52591217.102542
 50-54 	103506383.020573	53051233.103761	50455149.916813
 55-59 	96385394.207681	48529596.056504	47855798.151177
 60-64 	84277903.103909	41516508.699469	42761394.404441
 65-69 	68092123.529318	32642692.629103	35449430.900215
 70-74 	50355396.427648	23327262.527388	27028133.900261
 75-79 	34069404.901127	15184093.739793	18885311.161333
 80+ 	32305990.918815	13661576.226245	18644414.692570
Total	1568313859.370773	802148358.986632	766165500.384140
2047			
 0-4	101963006.120683	52947514.923561	49015491.197122
 5-9	104228069.780612	54192406.160182	50035663.620430
 10-14 	107121090.195271	55849712.996062	51271377.199210
 15-19 	109506767.656107	57246131.495524	52260636.160584
 20-24 	111689063.023637	58532164.258436	53156898.765201
 25-29 	113158122.108807	59392136.580025	53765985.528782
 30-34 	114087268.674072	59889410.714306	54197857.959766
 35-39 	113442237.374783	59450494.979994	53991742.394788
 40-44 	111476818.255968	58195373.664265	53281444.591702
 45-49 	109587145.159022	56800451.850205	52786693.308816
 50-54 	104024789.110577	53358694.360491	50666094.750086
 55-59 	97157796.997936	48999119.349944	48158677.647992
 60-64 	85755567.814561	42271320.254459	43484247.560103
 65-69 	69632291.903461	33401960.280514	36230331.622947
 70-74 	51752828.262410	23977253.285746	27775574.976664
 75-79 	34731475.624528	15471597.368349	19259878.256179
 80+ 	33439210.358579	14113315.458975	19325894.899605
Total	1572753548.421013	804089057.981038	768664490.439975
2048			
 0-4	101364829.379424	52632193.174900	48732636.204524
 5-9	103588648.395189	53833106.704081	49755541.691107
 10-14 	106517577.374890	55501713.324071	51015864.050819
 15-19 	108951021.540112	56922430.619954	52028590.920159
 20-24 	111154213.903495	58222065.762707	52932148.140787
 25-29 	112795141.033034	59175823.156363	53619317.876671
 30-34 	113720588.314010	59680335.403805	54040252.910205
 35-39 	113622648.139248	59538782.101535	54083866.037713
 40-44 	111372161.833939	58148367.386039	53223794.447900
 45-49 	109886846.927827	56980731.682584	52906115.245243
 50-54 	104579071.725472	53678672.580054	50900399.145418
 55-59 	97810211.666950	49406448.743204	48403762.923746
 60-64 	87115904.429687	42980473.816585	44135430.613102
 65-69 	71178847.717847	34165449.683491	37013398.034357
 70-74 	53174510.076033	24641929.638350	28532580.437683
 75-79 	35497962.085769	15805786.132919	19692175.952850
 80+ 	34544685.573923	14552749.584296	19991935.989627
Total	1576874870.116851	805867059.494937	771007810.621914
2049			
 0-4	100777879.745488	52324435.433319	48453444.312168
 5-9	102956255.861644	53482425.424279	49473830.437366
 10-14 	105901772.990561	55147098.443414	50754674.547147
 15-19 	108393057.350887	56597960.148763	51795097.202124
 20-24 	110607452.770510	57904982.466180	52702470.304330
 25-29 	112397942.288938	58940866.133921	53457076.155016
 30-34 	113349081.240029	59466607.298830	53882473.941199
 35-39 	113671406.120796	59557321.320832	54114084.799963
 40-44 	111403365.998422	58168817.955435	53234548.042987
 45-49 	110000893.095785	57063747.615012	52937145.480772
 50-54 	105169252.640578	54015292.081543	51153960.559035
 55-59 	98399430.259554	49774961.507511	48624468.752043
 60-64 	88334461.035170	43633716.524562	44700744.510608
 65-69 	72720264.311690	34926255.482905	37794008.828785
 70-74 	54593158.541322	25309058.207047	29284100.334275
 75-79 	36532302.640044	16257006.396465	20275296.243579
 80+ 	35471374.175657	14915308.007327	20556066.168329
Total	1580679351.067073	807485860.447346	773193490.619726
2050			
 0-4	100267974.268586	52058099.480445	48209874.788141
 5-9	102322428.925752	53136377.010658	49186051.915094
 10-14 	105275595.566858	54787088.646095	50488506.920762
 15-19 	107829413.069159	56271082.385162	51558330.683997
 20-24 	110056797.882554	57585183.614803	52471614.267751
 25-29 	111960935.846084	58684617.583388	53276318.262696
 30-34 	112996083.144210	59260819.452313	53735263.691898
 35-39 	113572404.404209	59497041.384696	54075363.019513
 40-44 	111573286.443459	58258043.661598	53315242.781861
 45-49 	109938530.176822	57051757.017210	52886773.159612
 50-54 	105772004.847875	54356031.493309	51415973.354567
 55-59 	98933838.087599	50104912.594036	48828925.493563
 60-64 	89379544.328191	44215301.829840	45164242.498351
 65-69 	74227987.677394	35670181.513406	38557806.163988
 70-74 	55983353.754070	25966864.732648	30016489.021422
 75-79 	37391033.353939	16641855.505277	20749177.848662
 80+ 	36619990.715461	15368454.085759	21251536.629702
Total	1584101202.492221	808913711.990643	775187490.501579
