1970	20682.29982	27645.30002	29479.29887	39270.09871	51154.59985	43104.69915	29559.80048	18245.69986	12319.80074	8436.001124	7095.401076	4086.799417	2895.600208	1714.900352	1135.399956	756.79875	484.3995684
1971	29961.79966	40108.40056	42720.29964	56686.7004	73882.3005	62628.5007	43243.7005	26775.89824	18090.79909	12385.3989	10443.10152	5975.399053	4215.598569	2490.701548	1645.300937	1098.900312	703.7998596
1972	33849.20105	45330.10108	48267.90021	63982.5008	83402.69993	70808.40132	48977.60195	30350.70017	20509.20059	14040.399	11846.1992	6766.800276	4768.600412	2815.400585	1858.90063	1242.298707	795.7000216
1973	32607.39948	43666.69946	46496.59873	61634.80082	80342.79899	68210.49962	47180.80158	29237.39801	19756.90098	13525.39845	11411.39842	6518.499733	4593.50045	2712.098541	1790.900488	1196.599541	766.5009911
1974	29492.10132	39494.70039	42054.10007	55746.40155	72666.60032	61693.69926	42673.30195	26443.80045	17869.40037	12233.19953	10321.29872	5895.800259	4154.499627	2452.699577	1619.801651	1082.100003	693.0992136
1975	21183.69982	28358.6011	30204.60042	40074.70043	52231.89881	44283.69878	30583.00127	18938.10147	12795.80004	8760.20095	7386.999269	4226.0009	2980.700457	1760.500169	1163.399017	776.8008084	497.3999622
1976	17753.89962	23766.99977	25314.10021	33586.6002	43775.39966	37114.09946	25631.79993	15871.89969	10724.39959	7341.899688	6191.200044	3541.998955	2498.000431	1475.299663	975.3992303	650.9007096	416.8000764
1977	15052.00024	20150.09952	21461.79999	28475.29971	37113.39949	31465.89956	21731.20033	13456.29979	9092.399635	6224.600546	5249.100311	3002.800438	2117.599322	1250.999604	827.0000733	551.7005969	353.2995302
1978	13044.5006	17462.7999	18599.50003	24677.49945	32163.50007	27269.39998	18832.70058	11661.5998	7879.600055	5394.400045	4549.000184	2602.399794	1835.099741	1083.899942	716.5996932	478.2000524	306.100092
1979	11184.70008	14973.30033	15947.80057	21159.49984	27578.1998	23381.69999	16147.79976	9999.300618	6756.200211	4625.299778	3900.499438	2231.499753	1573.600334	929.300527	614.4995322	409.7006785	262.500383
1980	9730.299713	13026.20016	13873.9002	18407.79984	23991.60011	20341.00022	14047.79952	8698.999754	5877.700263	4023.90013	3393.399729	1941.30042	1369.100084	808.59979	534.5996534	356.5994442	228.4001078
1981	8103.500163	10848.09977	11554.09977	15329.80006	19979.90003	16939.69956	11698.70024	7244.20005	4894.700158	3351.000304	2826.000575	1616.799655	1140.300166	673.3999636	444.9997745	296.9997022	190.2002935
1982	6608.300023	8847.000007	9422.899613	12502.40009	16294.50006	13815.1003	9541.000183	5908.3003	3991.899802	2732.799789	2304.900106	1318.800252	929.9001056	549.0996206	362.8000998	242.099878	155.1001476
1983	5177.499961	6931.599721	7382.700015	9794.999979	12766.10016	10823.49979	7474.800155	4628.700028	3127.300087	2141.200027	1805.900064	1033.300061	728.3999831	430.1999233	284.3000922	189.6998478	121.6002616
1984	3792.200147	5077.000205	5407.399898	7174.199937	9350.399925	7927.599906	5474.900208	3390.299876	2290.799838	1568.400064	1322.700162	756.600121	533.6998971	314.9998842	208.3998464	138.9001068	89.09975849
1985	1973.599925	2642.10003	2813.9	3733.599886	4866.099876	4125.599979	2849.299938	1764.199916	1192.200012	816.2999166	688.3000222	393.8000332	277.700023	163.9000363	108.3000684	72.4999862	46.39995367
1986	1126.099983	1507.499961	1605.500008	2130.399949	2776.499999	2353.999996	1625.700055	1006.499996	680.1999823	465.7999443	392.8000049	224.6000194	158.500031	93.50003746	61.89997482	41.3000036	26.3999573
1987	478.8999891	641.4000073	683.0999989	906.1999902	1181.000005	1001.30002	691.4999885	428.1999828	289.4999933	198.299997	167.0999913	95.50001255	67.29999665	39.59996765	26.3000084	17.50000023	11.19999607
1988	25.50000082	33.99999969	36.30000096	48.09999968	62.79999984	53.09999961	36.69999999	22.79999927	15.40000125	10.50000081	8.799998413	4.99999925	3.60000023	1.999999798	1.299999874	1.000001522	0.600001207
1989	-508.2999996	-680.6000222	-724.9000174	-961.5999788	-1253.700012	-1062.900023	-734.1000078	-454.500009	-307.1000045	-210.1999845	-177.1999957	-101.4999901	-71.40001864	-42.49998804	-27.79999732	-18.70000873	-11.90001574
1990	-769.8000204	-1030.600024	-1097.799983	-1456.40005	-1897.999994	-1609.400006	-1111.399969	-688.2999962	-465.0999691	-318.2999685	-268.5000368	-153.5999662	-108.4000434	-63.89995197	-42.50002994	-28.20001703	-17.99999704
1991	-1171.100037	-1567.799991	-1669.700009	-2215.499984	-2887.600015	-2448.099958	-1690.600007	-1047.000045	-707.5000126	-484.1999935	-408.3000157	-233.5999666	-164.7999472	-97.30003926	-64.29997562	-42.89998464	-27.40001834
1992	-1678.999947	-2247.600013	-2393.799965	-3176.200074	-4139.799995	-3509.799991	-2424.000001	-1501.100054	-1014.100054	-694.1999965	-585.6000242	-334.7999709	-236.3000273	-139.4000506	-92.20007282	-61.60003603	-39.30001896
1993	-2268.800027	-3036.999912	-3234.499993	-4291.800047	-5593.90008	-4742.800052	-3275.499855	-2028.09998	-1370.500036	-938.2999089	-791.1000962	-452.7000645	-319.2000464	-188.5000063	-124.6000333	-83.30005486	-53.20006994
1994	-2909.600029	-3895.199956	-4148.699883	-5504.399932	-7174.300109	-6082.499874	-4200.800145	-2601.199984	-1757.70008	-1203.399962	-1014.80018	-580.5000921	-409.3999764	-241.7999109	-159.8001074	-106.7000088	-68.29993999
1995	-3256.500012	-4357.899963	-4642.800059	-6165.90019	-8035.099909	-6802.799972	-4690.700037	-2902.599963	-1960.800074	-1342.499986	-1131.500143	-648.1999555	-457.6002033	-270.5000758	-178.7999286	-119.3001297	-76.3998701
1996	-4103.700047	-5492.099987	-5850.999955	-7769.899814	-10125.59994	-8572.800058	-5911.200241	-3657.7	-2470.900058	-1691.699909	-1425.800058	-816.8001889	-576.6998357	-340.799868	-225.3999375	-150.3998188	-96.39980218
1997	-5184.599828	-6938.199844	-7391.599985	-9816.300171	-12792.09995	-10830.60003	-7467.900049	-4621.000047	-3121.800068	-2137.300142	-1801.299961	-1032.100239	-728.7999349	-430.4998702	-284.5996987	-190.0000651	-121.7996779
1998	-7307.600067	-9783.100168	-10419.59979	-13824.30016	-18018.1002	-15277.19998	-10551.29997	-6533.699647	-4414.700396	-3022.199571	-2548.999787	-1457.999693	-1028.300367	-607.3001998	-401.3002451	-268.0001117	-171.7998535
1999	-10785.4999	-14444.50025	-15379.90006	-20384.7995	-26572.49933	-22563.89995	-15610.59941	-9674.099801	-6537.499608	-4475.499781	-3776.500448	-2156.600067	-1519.39989	-896.700169	-592.5000147	-395.8003964	-253.6995706
2000	-17892.2004	-23983.90042	-25519.2008	-33742.00039	-43998.79947	-37498.99967	-26050.79978	-16174.90006	-10934.60041	-7484.699681	-6325.099052	-3597.800576	-2528.299681	-1489.900026	-983.1994598	-657.3996469	-421.499864
2001	-22845.19943	-30616.10009	-32581.90104	-43107.80026	-56206.90124	-47857.19906	-33210.89885	-20610.09898	-13931.49909	-9536.500897	-8056.099843	-4587.19886	-3225.598525	-1901.900303	-1255.399827	-839.30148	-537.8001942
2002	-26959.09867	-36109.40078	-38444.39952	-50937.69914	-66402.60061	-56413.99971	-39051.10037	-24207.19944	-16359.40013	-11198.99913	-9452.400551	-5394.900191	-3799.599892	-2242.100835	-1481.100258	-989.4993478	-633.9997396
2003	-30710.39995	-41005.90098	-43725.90059	-58153.30199	-75783.40095	-64147.90066	-44205.10057	-27359.19991	-18482.49968	-12654.09933	-10664.60003	-6111.099772	-4274.899692	-2537.501542	-1675.298519	-1121.700897	-720.8993657
2004	-34709.10037	-46129.60108	-49298.40092	-65884.20077	-85826.09988	-72356.40094	-49603.49762	-30653.00109	-20698.79901	-14173.30126	-11924.99856	-6864.099242	-4740.299962	-2839.001062	-1870.900454	-1258.400467	-813.3002084
2005	-39470.50042	-52271.80014	-55974.3004	-75204.09941	-97911.19898	-82026.90011	-55803.0006	-34380.29924	-23200.09803	-15889.19871	-13332.89815	-7729.701089	-5310.598482	-3203.300394	-2111.500654	-1422.999309	-921.9995411
2006	-42192.70133	-55918.69996	-59874.60019	-80500.80141	-104784.9994	-87584.40177	-59436.9017	-36565.49947	-24668.29794	-16896.19915	-14163.79985	-8233.099901	-5699.498205	-3431.79985	-2266.600471	-1522.698091	-984.4013019
2007	-43243.20053	-57672.90032	-61605.30079	-82547.09791	-107440.4974	-89726.89986	-60895.20189	-37404.59963	-25232.10048	-17282.69818	-14482.39976	-8426.600034	-6008.301393	-3570.900615	-2373.197456	-1576.500458	-1008.499863
2008	-42638.29981	-58064.89819	-61386.70158	-79066.80101	-103552.8006	-88711.49905	-60688.8011	-36891.90196	-24437.30002	-16593.70012	-13729.50063	-8114.698466	-6289.900408	-3650.300817	-2453.701341	-1598.801552	-999.0994007
2009	-41125.40056	-58144.49768	-60265.50027	-70670.80006	-94124.90173	-86142.79942	-59981.59817	-35598.60161	-22490.10017	-14911.70083	-11893.70115	-7350.400643	-6582.299254	-3717.19905	-2533.501484	-1616.299721	-975.6987528
2010	-36919.59909	-54678.40004	-55306.19962	-56907.10111	-77711.80147	-78013.20093	-55644.70038	-32017.29809	-18946.79978	-12113.0021	-9085.298082	-6030.701482	-6446.500693	-3548.400268	-2450.701469	-1535.200339	-891.0995996
2011	-35066.99977	-54357.30143	-53719.50067	-48398.79974	-67862.89791	-74684.09891	-54508.999	-30360.50007	-16787.49956	-10288.50006	-7104.300355	-5180.101046	-6608.798512	-3568.500219	-2492.400405	-1540.198534	-862.2011819
2012	-33636.30074	-53927.59946	-52444.49967	-43928.00073	-62274.60194	-71920.40001	-53384.20042	-29008.1998	-15394.20053	-9164.401833	-5901.299637	-4629.300147	-6649.801639	-3558.299335	-2502.299181	-1538.501406	-839.8004989
2013	-32567.19818	-53142.40052	-51368.20032	-42739.59995	-60317.50024	-69694.90157	-52036.60085	-27969.60114	-14645.70036	-8604.600922	-5300.098379	-4310.599799	-6525.899446	-3493.501889	-2467.799757	-1514.400993	-822.6005043
2014	-31488.59918	-51810.29937	-50109.79992	-41978.79899	-58996.00091	-67450.69969	-50211.80076	-26986.50018	-13991.60061	-8111.301001	-4753.201979	-4008.798855	-6262.398706	-3369.201636	-2394.200835	-1460.401054	-805.1001684
2015	-31455.40037	-51872.50019	-50402.00044	-42913.30115	-60058.70123	-67428.40128	-49749.19975	-26919.90148	-13874.79924	-7958.40094	-4459.000089	-3884.799116	-6135.299018	-3325.700717	-2380.299817	-1439.099738	-815.9996897
2016	-30196.19929	-49809.09971	-48673.29906	-42202.50125	-58801.39927	-64701.39975	-47275.6986	-25851.49878	-13315.19945	-7596.401372	-4140.600083	-3677.099832	-5756.200362	-3143.299062	-2265.40003	-1358.598945	-796.7988677
2017	-28801.9001	-47625.39901	-46706.90105	-41126.69946	-56998.59953	-61592.99819	-44714.19965	-24673.8001	-12773.40065	-7312.199471	-4011.901237	-3555.499162	-5414.699721	-2968.799798	-2152.599181	-1284.300851	-776.9007398
2018	-26910.79983	-44533.69917	-43686.99961	-38795.49971	-53545.5	-57227.40026	-41537.40051	-23077.69924	-12058.99869	-6975.998762	-3934.301041	-3421.300645	-5049.699909	-2767.699935	-2011.500102	-1199.09997	-747.2006627
2019	-24508.99939	-40306.69973	-39486.80003	-35160.3996	-48446.39913	-51556.69897	-37602.80048	-21059.10085	-11136.70014	-6527.499606	-3776.700453	-3202.200417	-4608.499988	-2518.199109	-1826.600754	-1092.399866	-704.7996958
2020	-20953.80052	-34110.59895	-33341.80014	-29611.69889	-40755.70051	-43377.79917	-31928.39995	-18067.90031	-9698.700143	-5768.000594	-3415.299897	-2807.60065	-3949.701047	-2148.300292	-1550.100086	-933.0000493	-624.3005073
2021	-19069.8003	-30757.40054	-30003.7003	-26514.39994	-36380.69998	-38708.89974	-28779.50024	-16496.59986	-9008.599256	-5433.50026	-3280.300235	-2616.000266	-3593.799156	-1944.900675	-1395.699207	-845.8000254	-584.1002121
2022	-18066.2998	-29141.0002	-28435.60036	-25006.59986	-34031.29967	-35993.39944	-26937.10028	-15671.80038	-8702.199945	-5296.299515	-3233.599912	-2520.99923	-3373.300718	-1820.999959	-1304.200367	-793.1996499	-555.9005403
2023	-17689.20013	-28741.29972	-28103.80075	-24643.00028	-33174.89905	-34686.30036	-26021.90031	-15369.3997	-8673.49952	-5317.599576	-3276.399979	-2498.799901	-3247.699598	-1753.600614	-1257.999842	-765.6995093	-536.900079
2024	-17382.4993	-28416.60056	-27836.39943	-24351.99888	-32481.10045	-33568.20029	-25232.69978	-15116.80027	-8678.200364	-5375.400693	-3355.999961	-2485.099921	-3137.299552	-1694.500909	-1218.200559	-741.9005971	-519.6009698
2025	-17687.59981	-29062.30006	-28508.49918	-24897.70032	-32957.90057	-33721.29978	-25386.79957	-15392.00045	-8973.500484	-5618.500711	-3555.00026	-2556.199701	-3145.300488	-1699.900191	-1224.400214	-745.4992433	-520.9000538
2026	-17521.40031	-28907.09947	-28381.79911	-24751.09975	-32575.59954	-33121.70051	-24969.19983	-15264.99967	-8998.699619	-5684.600002	-3634.500372	-2553.799868	-3084.800814	-1668.199744	-1203.30042	-732.5001246	-509.6010348
2027	-17433.09922	-28853.59948	-28338.59952	-24683.49924	-32358.90053	-32881.09932	-24818.60041	-15220.50003	-9009.900088	-5719.299662	-3673.199322	-2554.299231	-3062.800217	-1657.000682	-1195.899532	-727.8002549	-502.8007569
2028	-17398.09991	-28915.90028	-28404.49986	-24671.09993	-32245.39965	-32846.90034	-24820.49972	-15232.19958	-9010.300375	-5725.599489	-3678.00032	-2557.899254	-3069.800394	-1660.098998	-1197.000224	-727.4008813	-499.2995381
2029	-17383.99976	-29076.00025	-28573.09966	-24682.79937	-32162.99968	-32826.3008	-24827.9994	-15260.09916	-9012.300001	-5724.299938	-3674.899797	-2563.600376	-3087.700259	-1668.100132	-1200.699919	-727.8002645	-497.0001477
2030	-17448.6002	-29404.20032	-28911.59994	-24804.29994	-32224.79951	-32939.90041	-24930.90074	-15350.49961	-9047.40022	-5740.700375	-3680.899443	-2579.899493	-3125.099907	-1685.800132	-1210.300162	-731.1999545	-496.8998291
2031	-17448.59982	-29634.70019	-29157.09954	-24830.9002	-32166.29956	-32929.79978	-24938.40004	-15378.79991	-9046.599392	-5734.800544	-3671.500153	-2584.999908	-3152.799147	-1698.000157	-1215.699527	-732.1996118	-494.9999833
2032	-17441.19987	-29838.2004	-29375.29943	-24847.99934	-32099.90076	-32915.99972	-24940.59978	-15390.40059	-9041.599208	-5731.899434	-3663.399343	-2586.400952	-3179.699663	-1709.299978	-1220.999217	-733.0993954	-492.3005799
2033	-17427.29999	-30023.09981	-29574.70027	-24858.50077	-32026.10061	-32901.60032	-24932.59924	-15378.49964	-9026.000955	-5732.099122	-3657.199307	-2582.500809	-3208.599562	-1722.099844	-1227.999572	-736.9000531	-488.0990428
2034	-17413.09991	-30217.50033	-29785.10007	-24869.70015	-31952.20039	-32890.40057	-24914.49948	-15348.49955	-8999.299989	-5732.900961	-3651.300478	-2573.499064	-3242.400561	-1739.400254	-1237.799493	-745.2999297	-482.1999044
2035	-17396.50078	-30407.09904	-29992.89932	-24876.60033	-31875.2998	-32877.70025	-24890.59963	-15309.60045	-8967.700536	-5733.199797	-3644.5996	-2562.69998	-3277.201028	-1759.299975	-1249.700461	-754.5010942	-475.6002832
2036	-17377.0996	-30580.50014	-30188.49967	-24880.39992	-31798.69937	-32862.90068	-24865.90037	-15270.90044	-8938.000213	-5732.299681	-3636.600545	-2553.800052	-3308.699947	-1781.099945	-1262.299577	-762.9996657	-469.2998147
2037	-17352.69995	-30723.19966	-30357.89978	-24876.00051	-31719.00016	-32840.8993	-24844.29981	-15241.29938	-8916.899073	-5729.29953	-3626.600275	-2549.300206	-3332.700314	-1802.899384	-1274.500517	-766.599975	-464.6000104
2038	-17324.50069	-30834.39984	-30499.79987	-24861.20038	-31631.20023	-32807.59958	-24823.80003	-15220.19963	-8903.300174	-5724.600112	-3614.900616	-2551.199403	-3349.79982	-1829.199777	-1288.399505	-765.599302	-459.6997528
2039	-17294.69948	-30928.09934	-30624.69956	-24838.09964	-31534.49982	-32764.80094	-24801.69905	-15200.30027	-8891.299982	-5719.800879	-3602.698987	-2556.700498	-3364.699858	-1861.000533	-1304.800533	-762.0991386	-453.5004079
2040	-17253.70064	-30994.50086	-30723.10095	-24795.99997	-31415.30052	-32698.40004	-24763.70038	-15171.70017	-8874.300495	-5710.800374	-3587.300468	-2562.299949	-3373.999569	-1890.499233	-1319.200834	-756.9004407	-446.4998264
2041	-17222.99956	-31080.60048	-30840.19919	-24768.80007	-31317.09972	-32653.60096	-24741.80003	-15152.69942	-8862.000607	-5704.800788	-3573.1005	-2567.400599	-3381.39971	-1913.500753	-1330.300115	-752.1000783	-439.7999772
2042	-17192.60061	-31177.29919	-30965.6999	-24745.89974	-31226.2998	-32616.40046	-24722.59933	-15133.40029	-8847.899406	-5698.099938	-3558.200259	-2568.000338	-3384.199991	-1922.200013	-1333.800843	-748.4001318	-434.0997507
2043	-17168.6006	-31306.40071	-31124.30026	-24731.70014	-31148.50105	-32589.30053	-24708.39944	-15116.40042	-8832.800353	-5690.999207	-3542.299575	-2564.399372	-3385.00027	-1920.299743	-1332.400221	-746.6008927	-428.7993842
2044	-17150.99957	-31461.9996	-31310.60062	-24722.8004	-31080.00074	-32567.3999	-24697.60045	-15102.00059	-8817.000945	-5682.899887	-3525.200322	-2558.400199	-3386.400581	-1915.899958	-1331.001002	-745.3009416	-422.8003043
2045	-17257.99974	-31847.79923	-31723.09942	-24892.69948	-31237.99959	-32786.99973	-24872.89919	-15200.99994	-8865.49952	-5715.999211	-3532.599226	-2569.501088	-3412.499437	-1923.299914	-1338.499736	-749.1997263	-419.1006525
2046	-17226.50037	-31962.40024	-31857.19985	-24874.39998	-31158.90014	-32757.80042	-24856.9	-15179.90064	-8843.099235	-5703.300041	-3511.499155	-2560.700153	-3412.800034	-1914.89992	-1335.199159	-747.200488	-411.599976
2047	-17174.9996	-32007.39998	-31910.29927	-24841.10039	-31061.20062	-32716.20002	-24832.59946	-15149.70103	-8814.39976	-5686.799671	-3487.499283	-2550.599228	-3411.799938	-1905.399487	-1331.099842	-744.2004359	-403.1996093
2048	-16848.6011	-31447.59977	-31580.59973	-24735.40027	-30930.59961	-32542.49944	-24647.8006	-15054.4994	-8762.599518	-5648.300272	-3453.699809	-2529.399825	-3360.600163	-1884.699771	-1319.39996	-735.8997463	-393.299726
2049	-16137.70001	-30087.90011	-30771.30021	-24526.19944	-30759.39985	-32165.50018	-24215.50021	-14860.79993	-8676.600618	-5577.300804	-3405.699343	-2490.299296	-3235.998952	-1847.300135	-1296.800676	-720.8997758	-381.2004647
2050	-16137.70001	-30087.90011	-30771.30021	-24526.19944	-30759.39985	-32165.50018	-24215.50021	-14860.79993	-8676.600618	-5577.300804	-3405.699343	-2490.299296	-3235.998952	-1847.300135	-1296.800676	-720.8997758	-381.2004647
