bangladesh_test	Total	Male	Female
1970			
 0-4	83836.646474	42674.644355	41162.002119
 5-9	33132.037355	16947.186887	16184.850468
 10-14 	12697.450926	6459.160117	6238.290808
 15-19 	34373.156311	17541.098136	16832.058175
 20-24 	25455.323196	13026.503942	12428.819254
 25-29 	20694.797983	10661.439815	10033.358168
 30-34 	17310.725891	9050.483816	8260.242075
 35-39 	14452.942701	7616.637582	6836.305119
 40-44 	11941.753764	6260.158901	5681.594864
 45-49 	9928.058216	5236.913221	4691.144995
 50-54 	8135.370898	4342.111464	3793.259434
 55-59 	6591.952011	3564.578064	3027.373947
 60-64 	5137.468041	2860.235624	2277.232417
 65-69 	3822.269114	2106.016751	1716.252362
 70-74 	2504.336805	1352.720052	1151.616753
 75-79 	1429.970241	772.956501	657.013741
 80+ 	954.659444	515.166693	439.492751
Total	292398.919371	150988.011923	141410.907448
1971			
 0-4	82474.985945	41960.041499	40514.944446
 5-9	33504.145228	17150.441536	16353.703692
 10-14 	12935.474466	6581.737318	6353.737149
 15-19 	34914.944337	17821.737978	17093.206360
 20-24 	25888.423894	13251.451177	12636.972717
 25-29 	21067.343207	10856.521620	10210.821586
 30-34 	17630.145278	9220.895341	8409.249938
 35-39 	14723.425800	7762.105686	6961.320114
 40-44 	12160.431498	6376.981783	5783.449715
 45-49 	10105.155280	5332.018019	4773.137262
 50-54 	8273.578430	4416.421574	3857.156856
 55-59 	6691.856139	3619.856336	3071.999803
 60-64 	5194.150891	2892.265457	2301.885433
 65-69 	3835.934913	2113.966580	1721.968333
 70-74 	2480.345376	1340.123642	1140.221734
 75-79 	1384.393410	748.721904	635.671505
 80+ 	878.397796	474.617265	403.780531
Total	294143.131888	151919.904715	142223.227173
1972			
 0-4	83860.469902	42653.645597	41206.824305
 5-9	34638.683828	17764.957667	16873.726161
 10-14 	13334.697200	6796.329237	6538.367962
 15-19 	35154.020747	18001.162284	17152.858463
 20-24 	26354.754723	13507.756855	12846.997868
 25-29 	21620.631129	11125.140458	10495.490671
 30-34 	18187.837331	9492.053211	8695.784120
 35-39 	15231.362151	8032.563488	7198.798663
 40-44 	12588.146846	6611.246427	5976.900418
 45-49 	10448.766138	5506.311274	4942.454865
 50-54 	8568.435119	4563.799591	4004.635529
 55-59 	6930.046263	3736.890818	3193.155445
 60-64 	5378.371419	2983.540104	2394.831315
 65-69 	3963.538702	2194.060821	1769.477881
 70-74 	2563.958533	1390.689541	1173.268991
 75-79 	1410.987696	763.258651	647.729045
 80+ 	872.207010	472.406026	399.800984
Total	301106.914737	155595.812049	145511.102687
1973			
 0-4	84838.848201	43133.153444	41705.694757
 5-9	35697.230741	18336.959382	17360.271358
 10-14 	13739.498679	7017.935117	6721.563562
 15-19 	35299.619717	18130.576680	17169.043037
 20-24 	26663.312248	13703.344606	12959.967642
 25-29 	22039.679276	11332.493547	10707.185729
 30-34 	18734.485044	9752.363042	8982.122003
 35-39 	15719.629314	8287.561336	7432.067978
 40-44 	13017.214592	6851.918774	6165.295818
 45-49 	10777.016993	5672.572863	5104.444130
 50-54 	8861.170572	4709.500653	4151.669919
 55-59 	7159.487860	3852.352282	3307.135578
 60-64 	5565.302688	3069.344164	2495.958524
 65-69 	4083.424022	2270.509989	1812.914032
 70-74 	2653.000879	1445.399807	1207.601072
 75-79 	1437.618718	777.121170	660.497548
 80+ 	869.759712	472.437678	397.322034
Total	307156.299256	158815.544535	148340.754721
1974			
 0-4	85747.266678	43569.970604	42177.296074
 5-9	36749.164393	18894.829442	17854.334951
 10-14 	14165.639596	7252.567133	6913.072463
 15-19 	35800.129152	18420.638589	17379.490563
 20-24 	26907.648281	13881.359335	13026.288946
 25-29 	22329.572969	11480.623861	10848.949108
 30-34 	19240.295534	9984.466936	9255.828598
 35-39 	16187.275876	8525.267354	7662.008522
 40-44 	13434.610685	7089.686194	6344.924491
 45-49 	11085.815269	5831.063741	5254.751529
 50-54 	9141.383080	4849.373822	4292.009258
 55-59 	7378.641310	3964.318535	3414.322774
 60-64 	5750.081008	3150.995490	2599.085518
 65-69 	4202.502039	2344.931216	1857.570824
 70-74 	2751.065152	1505.968175	1245.096976
 75-79 	1477.068366	798.067843	679.000524
 80+ 	879.858739	479.125402	400.733336
Total	313228.018127	162023.253673	151204.764453
1975			
 0-4	87056.174770	44207.555449	42848.619322
 5-9	37682.550032	19374.545721	18308.004311
 10-14 	14625.009610	7503.976836	7121.032774
 15-19 	36946.027937	19017.593112	17928.434825
 20-24 	27190.474686	14088.225317	13102.249369
 25-29 	22530.540964	11590.809641	10939.731323
 30-34 	19653.177924	10160.464393	9492.713531
 35-39 	16634.833535	8743.987148	7890.846387
 40-44 	13824.862476	7312.563401	6512.299075
 45-49 	11370.177246	5982.860513	5387.316733
 50-54 	9393.487837	4976.994856	4416.492981
 55-59 	7584.820507	4069.697597	3515.122910
 60-64 	5922.998959	3228.831680	2694.167279
 65-69 	4324.898929	2416.750731	1908.148198
 70-74 	2855.010683	1570.591251	1284.419433
 75-79 	1536.181562	830.753999	705.427563
 80+ 	906.440689	494.364620	412.076070
Total	320037.668347	165570.566263	154467.102084
1976			
 0-4	89764.827407	45596.094992	44168.732414
 5-9	38149.567138	19583.035312	18566.531826
 10-14 	15137.874301	7779.341945	7358.532355
 15-19 	38913.593386	19999.864890	18913.728496
 20-24 	27753.431697	14423.692096	13329.739601
 25-29 	22767.364333	11723.144140	11044.220193
 30-34 	19969.597799	10285.686729	9683.911070
 35-39 	17070.445873	8945.599966	8124.845908
 40-44 	14206.078494	7524.350031	6681.728463
 45-49 	11648.768380	6137.186745	5511.581635
 50-54 	9627.172912	5095.905945	4531.266967
 55-59 	7788.202511	4171.681201	3616.521310
 60-64 	6089.963978	3307.251301	2782.712676
 65-69 	4456.608857	2487.166446	1969.442411
 70-74 	2964.241485	1638.320714	1325.920771
 75-79 	1614.727543	875.413745	739.313798
 80+ 	949.294865	518.042071	431.252794
Total	328871.760959	170091.778269	158779.982690
1977			
 0-4	92201.736920	46827.118183	45374.618738
 5-9	38932.881257	19952.810564	18980.070693
 10-14 	15674.181073	8065.310289	7608.870784
 15-19 	41242.749785	21173.406454	20069.343331
 20-24 	28655.822636	14920.942792	13734.879844
 25-29 	23043.556393	11887.462649	11156.093744
 30-34 	20164.528171	10348.950876	9815.577295
 35-39 	17494.241846	9129.328941	8364.912905
 40-44 	14585.995701	7730.506335	6855.489366
 45-49 	11918.272981	6293.159083	5625.113899
 50-54 	9840.259849	5205.701566	4634.558283
 55-59 	7985.148172	4270.152356	3714.995816
 60-64 	6248.028406	3384.464570	2863.563836
 65-69 	4591.166737	2553.954947	2037.211790
 70-74 	3073.962357	1706.733230	1367.229127
 75-79 	1706.137908	928.161123	777.976785
 80+ 	1004.746551	548.338950	456.407601
Total	338363.416743	174926.502906	163436.913837
1978			
 0-4	94854.517774	48175.679743	46678.838031
 5-9	39712.066435	20313.619307	19398.447128
 10-14 	16223.430825	8354.997624	7868.433201
 15-19 	43590.897078	22375.164422	21215.732657
 20-24 	29956.697860	15598.449853	14358.248007
 25-29 	23424.563105	12121.609252	11302.953853
 30-34 	20242.067594	10360.165942	9881.901652
 35-39 	17902.750030	9294.005732	8608.744298
 40-44 	14977.644404	7936.657940	7040.986464
 45-49 	12189.102057	6456.150439	5732.951618
 50-54 	10038.661032	5308.373704	4730.287327
 55-59 	8178.956702	4367.289522	3811.667180
 60-64 	6399.434386	3461.252761	2938.181626
 65-69 	4726.068254	2615.537457	2110.530797
 70-74 	3179.009702	1773.294775	1405.714926
 75-79 	1803.380489	984.956836	818.423654
 80+ 	1067.204722	582.277623	484.927100
Total	348466.452451	180079.482932	168386.969519
1979			
 0-4	97547.249959	49552.967498	47994.282460
 5-9	40509.537686	20681.921810	19827.615876
 10-14 	16782.565865	8645.411587	8137.154278
 15-19 	45744.092200	23498.788475	22245.303724
 20-24 	31646.314156	16452.765556	15193.548600
 25-29 	23932.107147	12443.223524	11488.883623
 30-34 	20289.313280	10377.476866	9911.836414
 35-39 	18287.806170	9442.479519	8845.326651
 40-44 	15383.644720	8143.058861	7240.585859
 45-49 	12466.903406	6625.664701	5841.238705
 50-54 	10232.775455	5410.632294	4822.143161
 55-59 	8369.896420	4463.572075	3906.324345
 60-64 	6549.153457	3538.639756	3010.513701
 65-69 	4859.318923	2673.566279	2185.752644
 70-74 	3280.399480	1836.576676	1443.822804
 75-79 	1900.379180	1042.408952	857.970229
 80+ 	1134.626500	619.094993	515.531507
Total	358916.084003	185448.249422	173467.834581
1980			
 0-4	100209.534192	50918.754804	49290.779388
 5-9	41450.543977	21127.394975	20323.149002
 10-14 	17291.108634	8904.058389	8387.050245
 15-19 	47701.920563	24536.067527	23165.853036
 20-24 	33672.185174	17468.817048	16203.368126
 25-29 	24562.190552	12852.178477	11710.012075
 30-34 	20415.006914	10469.060453	9945.946460
 35-39 	18636.280814	9578.806370	9057.474444
 40-44 	15793.113592	8343.476852	7449.636740
 45-49 	12748.963552	6795.285899	5953.677653
 50-54 	10428.894743	5518.265872	4910.628871
 55-59 	8552.836934	4556.781163	3996.055772
 60-64 	6699.604949	3615.844778	3083.760170
 65-69 	4987.666212	2730.376265	2257.289947
 70-74 	3381.387158	1895.680652	1485.706506
 75-79 	1992.790618	1098.031334	894.759284
 80+ 	1207.074510	659.241610	547.832899
Total	369731.103087	191068.122469	178662.980618
1981			
 0-4	102845.518557	52280.655453	50564.863103
 5-9	42997.417800	21909.526778	21087.891022
 10-14 	17562.504585	9027.463840	8535.040745
 15-19 	49566.466172	25529.598512	24036.867660
 20-24 	35918.345126	18607.704080	17310.641046
 25-29 	25344.147558	13366.765969	11977.381589
 30-34 	20692.571301	10684.251139	10008.320162
 35-39 	18946.289782	9714.524270	9231.765512
 40-44 	16190.032473	8536.978229	7653.054244
 45-49 	13030.294100	6966.833189	6063.460911
 50-54 	10623.751310	5637.872485	4985.878825
 55-59 	8721.948547	4648.628231	4073.320316
 60-64 	6846.836671	3694.475524	3152.361146
 65-69 	5108.087527	2789.172412	2318.915115
 70-74 	3482.579003	1951.292785	1531.286218
 75-79 	2079.492595	1151.219363	928.273232
 80+ 	1284.843470	703.065349	581.778121
Total	381241.126575	197200.027608	184041.098967
1982			
 0-4	105451.407815	53624.191618	51827.216198
 5-9	44344.009587	22587.042929	21756.966658
 10-14 	17961.245120	9216.502967	8744.742153
 15-19 	51395.062591	26500.799418	24894.263173
 20-24 	38237.349063	19791.484782	18445.864280
 25-29 	26414.303562	14023.289113	12391.014450
 30-34 	21143.093084	11029.357368	10113.735716
 35-39 	19212.964761	9851.715213	9361.249548
 40-44 	16590.678548	8722.189640	7868.488908
 45-49 	13337.223133	7146.931774	6190.291359
 50-54 	10833.072660	5770.835674	5062.236986
 55-59 	8888.877500	4740.694982	4148.182518
 60-64 	7000.427978	3776.044330	3224.383648
 65-69 	5227.825953	2850.703784	2377.122169
 70-74 	3586.175598	2003.972575	1582.203023
 75-79 	2162.009442	1202.634333	959.375110
 80+ 	1367.087431	749.888031	617.199399
Total	393152.813828	203588.278532	189564.535296
1983			
 0-4	108047.633339	54960.093349	53087.539990
 5-9	45772.777311	23314.258331	22458.518981
 10-14 	18355.787201	9400.393646	8955.393554
 15-19 	53253.049643	27477.419603	25775.630040
 20-24 	40477.407416	20949.393460	19528.013955
 25-29 	27819.520627	14817.346432	13002.174195
 30-34 	21762.032886	11488.514835	10273.518052
 35-39 	19422.824716	9986.950660	9435.874056
 40-44 	16997.925428	8900.280812	8097.644615
 45-49 	13677.080015	7338.328410	6338.751605
 50-54 	11062.631914	5920.074240	5142.557675
 55-59 	9055.479915	4833.183995	4222.295919
 60-64 	7162.414518	3861.903943	3300.510575
 65-69 	5348.705503	2915.703538	2433.001965
 70-74 	3692.938596	2054.061634	1638.876962
 75-79 	2240.834468	1252.794688	988.039780
 80+ 	1453.353718	799.260169	654.093548
Total	405602.397214	210269.961744	195332.435469
1984			
 0-4	110643.934160	56295.893336	54348.040824
 5-9	47251.939309	24072.504450	23179.434859
 10-14 	18766.368760	9591.446715	9174.922045
 15-19 	55183.277000	28475.840404	26707.436596
 20-24 	42586.231816	22051.623390	20534.608426
 25-29 	29571.219343	15738.321923	13832.897420
 30-34 	22503.512923	12016.151752	10487.361170
 35-39 	19622.729987	10142.430376	9480.299610
 40-44 	17422.021420	9079.989886	8342.031533
 45-49 	14066.349256	7546.961791	6519.387465
 50-54 	11328.472155	6089.699380	5238.772775
 55-59 	9238.364566	4935.735762	4302.628804
 60-64 	7340.694163	3956.017432	3384.676731
 65-69 	5479.987081	2987.471271	2492.515810
 70-74 	3805.798092	2105.356250	1700.441842
 75-79 	2319.546942	1302.194987	1017.351954
 80+ 	1542.401158	850.655456	691.745702
Total	418672.848129	217238.294562	201434.553567
1985			
 0-4	113241.120373	57634.380264	55606.740109
 5-9	48778.309792	24858.036799	23920.272994
 10-14 	19264.616917	9829.064917	9435.552000
 15-19 	56982.397965	29385.139012	27597.258953
 20-24 	44600.705701	23106.685137	21494.020564
 25-29 	31650.580127	16781.331912	14869.248215
 30-34 	23341.268738	12578.753619	10762.515120
 35-39 	19890.908453	10353.822022	9537.086431
 40-44 	17867.849979	9270.945757	8596.904222
 45-49 	14523.592029	7779.379453	6744.212576
 50-54 	11650.790070	6284.050903	5366.739166
 55-59 	9460.473773	5061.854538	4398.619235
 60-64 	7544.691591	4063.111651	3481.579939
 65-69 	5634.234401	3070.244671	2563.989729
 70-74 	3928.509046	2163.028183	1765.480863
 75-79 	2403.322460	1351.613939	1051.708522
 80+ 	1633.035440	903.634229	729.401211
Total	432396.406856	224475.077006	207921.329850
1986			
 0-4	115487.944649	58791.885632	56696.059016
 5-9	50200.779995	25591.016161	24609.763834
 10-14 	20011.472926	10205.902657	9805.570270
 15-19 	57937.504740	29816.391365	28121.113375
 20-24 	46489.158872	24081.580611	22407.578261
 25-29 	33904.945215	17870.594255	16034.350959
 30-34 	24260.290008	13144.963464	11115.326544
 35-39 	20240.658201	10622.683030	9617.975171
 40-44 	18296.501714	9458.129431	8838.372283
 45-49 	15036.613683	8022.369065	7014.244618
 50-54 	12030.661630	6495.426378	5535.235252
 55-59 	9723.691430	5210.059907	4513.631523
 60-64 	7771.577863	4178.603874	3592.973989
 65-69 	5811.660234	3160.921885	2650.738349
 70-74 	4057.901279	2226.029796	1831.871483
 75-79 	2490.330045	1398.813516	1091.516529
 80+ 	1720.829161	955.717773	765.111388
Total	445472.521645	231231.088800	214241.432845
1987			
 0-4	117550.345685	59862.246061	57688.099624
 5-9	51585.321777	26304.315496	25281.006281
 10-14 	20661.431561	10532.125661	10129.305900
 15-19 	59328.583112	30474.600585	28853.982527
 20-24 	48338.747809	25031.975021	23306.772788
 25-29 	36214.937976	18978.896027	17236.041949
 30-34 	25379.910835	13765.425094	11614.485741
 35-39 	20702.683739	10961.154256	9741.529482
 40-44 	18670.666110	9638.156511	9032.509600
 45-49 	15588.329274	8271.879358	7316.449916
 50-54 	12462.684300	6727.389587	5735.294713
 55-59 	10023.748354	5380.876099	4642.872255
 60-64 	8011.446837	4301.265528	3710.181309
 65-69 	6010.048436	3260.770654	2749.277782
 70-74 	4193.911665	2294.603492	1899.308172
 75-79 	2583.451395	1445.986775	1137.464620
 80+ 	1808.639619	1008.322860	800.316759
Total	459114.888485	238239.989067	220874.899418
1988			
 0-4	119435.500758	60843.767766	58591.732992
 5-9	52920.674016	26992.735129	25927.938887
 10-14 	21339.670115	10876.459656	10463.210459
 15-19 	60688.234870	31108.413753	29579.821117
 20-24 	50182.031633	25974.605952	24207.425681
 25-29 	38439.686190	20056.276746	18383.409445
 30-34 	26771.183410	14470.807870	12300.375540
 35-39 	21298.140397	11376.436541	9921.703856
 40-44 	18951.933300	9797.664431	9154.268868
 45-49 	16158.560707	8518.628009	7639.932698
 50-54 	12935.484516	6973.835360	5961.649156
 55-59 	10354.993516	5571.028784	4783.964732
 60-64 	8254.209568	4425.202403	3829.007165
 65-69 	6224.559735	3367.395810	2857.163925
 70-74 	4333.366967	2366.641236	1966.725731
 75-79 	2682.104475	1492.699116	1189.405359
 80+ 	1896.459014	1061.469229	834.989786
Total	472866.793187	245274.067789	227592.725398
1989			
 0-4	121177.011226	61750.054770	59426.956456
 5-9	54205.815835	27656.129398	26549.686437
 10-14 	22023.644946	11226.114885	10797.530061
 15-19 	62048.905092	31737.078564	30311.826527
 20-24 	52029.618254	26910.976608	25118.641646
 25-29 	40511.518710	21078.082358	19433.436352
 30-34 	28466.907531	15287.304505	13179.603026
 35-39 	22004.187012	11849.164221	10155.022791
 40-44 	19178.455399	9957.280775	9221.174624
 45-49 	16723.610670	8757.729090	7965.881580
 50-54 	13438.353728	7228.368511	6209.985217
 55-59 	10712.220335	5774.676261	4937.544074
 60-64 	8500.103656	4551.611698	3948.491957
 65-69 	6449.411877	3478.046253	2971.365624
 70-74 	4477.157841	2441.245239	2035.912602
 75-79 	2784.958314	1539.845910	1245.112404
 80+ 	1985.460307	1114.913732	870.546576
Total	486717.340732	252338.622779	234378.717953
1990			
 0-4	122808.697355	62598.438372	60210.258983
 5-9	55435.244547	28291.443321	27143.801226
 10-14 	22701.206279	11573.683990	11127.522289
 15-19 	63596.783400	32459.193134	31137.590266
 20-24 	53663.143239	27719.117069	25944.026169
 25-29 	42434.748352	22042.327898	20392.420454
 30-34 	30444.539918	16221.733630	14222.806288
 35-39 	22789.233953	12351.003789	10438.230163
 40-44 	19435.246829	10156.447888	9278.798942
 45-49 	17259.879189	8987.952041	8271.927148
 50-54 	13966.603796	7487.292320	6479.311476
 55-59 	11094.204376	5986.842736	5107.361640
 60-64 	8758.494270	4687.063602	4071.430668
 65-69 	6679.813634	3590.810147	3089.003487
 70-74 	4629.503807	2518.857610	2110.646197
 75-79 	2890.291909	1588.861432	1301.430476
 80+ 	2077.240198	1168.375101	908.865097
Total	500664.875051	259429.444082	241235.430968
1991			
 0-4	124233.469604	63339.462589	60894.007015
 5-9	56548.059632	28867.979333	27680.080300
 10-14 	23337.648288	11900.212731	11437.435557
 15-19 	65883.638058	33581.380715	32302.257344
 20-24 	54429.187992	28034.542712	26394.645280
 25-29 	44191.658975	22931.442347	21260.216628
 30-34 	32576.236405	17232.564672	15343.671733
 35-39 	23656.095966	12870.636853	10785.459114
 40-44 	19766.828275	10415.099638	9351.728637
 45-49 	17717.530109	9197.632345	8519.897763
 50-54 	14494.974905	7735.951109	6759.023797
 55-59 	11489.383427	6197.520737	5291.862690
 60-64 	9025.876499	4828.977012	4196.899487
 65-69 	6904.567235	3699.526510	3205.040726
 70-74 	4788.209491	2596.738072	2191.471419
 75-79 	2994.701797	1639.021855	1355.679943
 80+ 	2171.331430	1221.053848	950.277583
Total	514209.398090	266289.743076	247919.655015
1992			
 0-4	125540.442990	64020.077934	61520.365057
 5-9	57595.083832	29410.491346	28184.592486
 10-14 	23952.016020	12215.401634	11736.614386
 15-19 	67782.329900	34493.271204	33289.058695
 20-24 	55535.080100	28517.593157	27017.486943
 25-29 	45885.119911	23791.734621	22093.385290
 30-34 	34761.200491	18278.739543	16482.460948
 35-39 	24721.508377	13457.036407	11264.471970
 40-44 	20216.682638	10747.806837	9468.875801
 45-49 	18096.595445	9391.223701	8705.371744
 50-54 	15037.467381	7981.266191	7056.201190
 55-59 	11915.713654	6418.009248	5497.704406
 60-64 	9314.979780	4984.541584	4330.438195
 65-69 	7129.422484	3807.976576	3321.445908
 70-74 	4958.416523	2678.650728	2279.765795
 75-79 	3100.756084	1691.111332	1409.644751
 80+ 	2269.446118	1274.256999	995.189119
Total	527812.261726	273159.189042	254653.072685
1993			
 0-4	126691.524598	64624.334343	62067.190255
 5-9	58578.712118	29917.966843	28660.745275
 10-14 	24553.202926	12524.305020	12028.897906
 15-19 	69774.097595	35468.036021	34306.061574
 20-24 	56578.121930	28951.269291	27626.852638
 25-29 	47557.170115	24637.846334	22919.323781
 30-34 	36871.489752	19304.611731	17566.878022
 35-39 	26052.765691	14135.638166	11917.127525
 40-44 	20807.420529	11160.961862	9646.458667
 45-49 	18378.343800	9561.756530	8816.587271
 50-54 	15589.613110	8222.213653	7367.399457
 55-59 	12374.081472	6649.177282	5724.904190
 60-64 	9628.540158	5155.986697	4472.553461
 65-69 	7352.140178	3915.021225	3437.118953
 70-74 	5139.877493	2765.083405	2374.794088
 75-79 	3208.257214	1744.836586	1463.420629
 80+ 	2371.668166	1328.110897	1043.557269
Total	541507.026846	280067.155884	261439.870962
1994			
 0-4	127726.417555	65168.172464	62558.245091
 5-9	59500.699308	30392.857890	29107.841419
 10-14 	25145.547200	12829.709048	12315.838153
 15-19 	71851.822067	36510.603788	35341.218280
 20-24 	57639.165070	29385.872985	28253.292085
 25-29 	49236.214341	25477.476868	23758.737473
 30-34 	38845.761917	20280.302458	18565.459459
 35-39 	27678.504400	14925.006381	12753.498019
 40-44 	21512.148323	11631.772839	9880.375484
 45-49 	18612.273129	9732.158002	8880.115127
 50-54 	16138.902156	8458.783749	7680.118407
 55-59 	12862.462913	6889.859482	5972.603431
 60-64 	9967.199990	5341.652894	4625.547096
 65-69 	7577.864966	4024.960706	3552.904260
 70-74 	5330.227859	2855.414548	2474.813311
 75-79 	3319.358757	1800.517910	1518.840847
 80+ 	2477.937840	1383.122120	1094.815721
Total	555422.507793	287088.244130	268334.263663
1995			
 0-4	128686.778861	65674.843630	63011.935231
 5-9	60364.635958	30836.390560	29528.245398
 10-14 	25721.672723	13127.905677	12593.767046
 15-19 	74005.673686	37618.304557	36387.369130
 20-24 	58935.855372	29945.230505	28990.624867
 25-29 	50731.171707	26203.529900	24527.641807
 30-34 	40684.054701	21200.333108	19483.721594
 35-39 	29573.220778	15826.385169	13746.835609
 40-44 	22294.057872	12129.317642	10164.740230
 45-49 	18881.156924	9939.370994	8941.785930
 50-54 	16662.099780	8688.468339	7973.631442
 55-59 	13375.495380	7136.706103	6238.789277
 60-64 	10329.535022	5537.014080	4792.520943
 65-69 	7814.878675	4144.031851	3670.846825
 70-74 	5525.112250	2947.969043	2577.143207
 75-79 	3437.062848	1858.574706	1578.488142
 80+ 	2587.886329	1439.799920	1148.086410
Total	569610.348868	294254.175781	275356.173087
1996			
 0-4	129634.282119	66166.384195	63467.897924
 5-9	61189.931928	31262.549692	29927.382235
 10-14 	26280.238328	13418.662647	12861.575681
 15-19 	76247.205384	38799.083226	37448.122158
 20-24 	61167.499449	31033.740399	30133.759050
 25-29 	51529.151184	26529.295483	24999.855700
 30-34 	42456.659625	22092.018158	20364.641468
 35-39 	31664.906912	16819.399514	14845.507399
 40-44 	23176.224316	12652.286323	10523.937993
 45-49 	19257.147636	10213.513272	9043.634364
 50-54 	17141.931118	8911.861487	8230.069631
 55-59 	13911.344203	7389.053556	6522.290647
 60-64 	10720.358199	5743.364607	4976.993592
 65-69 	8072.052037	4278.406679	3793.645359
 70-74 	5722.941867	3042.942183	2679.999684
 75-79 	3564.076628	1919.952924	1644.123705
 80+ 	2701.784343	1498.580627	1203.203716
Total	584437.735278	301771.094970	282666.640307
1997			
 0-4	130613.039524	66673.784558	63939.254966
 5-9	61955.348471	31657.300509	30298.047962
 10-14 	26806.844043	13693.187228	13113.656816
 15-19 	78485.064277	39986.140156	38498.924122
 20-24 	63147.787878	32002.289248	31145.498630
 25-29 	52696.689175	27040.100396	25656.588779
 30-34 	44185.222672	22962.176848	21223.045823
 35-39 	33821.738377	17848.607712	15973.130665
 40-44 	24249.038261	13237.977255	11011.061005
 45-49 	19752.864614	10558.507623	9194.356991
 50-54 	17550.641450	9119.308952	8431.332498
 55-59 	14463.541365	7641.217244	6822.324122
 60-64 	11142.537676	5961.272736	5181.264940
 65-69 	8350.227435	4427.145513	3923.081921
 70-74 	5921.786643	3138.800954	2782.985689
 75-79 	3700.684901	1985.201979	1715.482922
 80+ 	2820.236114	1559.460829	1260.775284
Total	599663.292875	309492.479739	290170.813136
1998			
 0-4	131590.916023	67180.716637	64410.199385
 5-9	62651.200378	32017.177281	30634.023096
 10-14 	27305.481350	13952.025829	13353.455521
 15-19 	80700.643577	41160.726864	39539.916712
 20-24 	65299.293213	33086.546944	32212.746269
 25-29 	53843.907331	27523.881467	26320.025864
 30-34 	45911.359278	23826.558375	22084.800902
 35-39 	35925.859549	18864.821045	17061.038504
 40-44 	25583.826593	13914.856363	11668.970230
 45-49 	20392.289283	10983.861546	9408.427737
 50-54 	17871.248702	9305.108337	8566.140365
 55-59 	15029.970564	7892.495424	7137.475140
 60-64 	11598.727536	6191.618168	5407.109368
 65-69 	8653.399992	4592.257336	4061.142656
 70-74 	6121.014294	3234.862966	2886.151328
 75-79 	3847.427266	2054.899226	1792.528040
 80+ 	2943.981433	1622.678659	1321.302774
Total	615270.546361	317405.092468	297865.453893
1999			
 0-4	132545.028721	67675.492375	64869.536345
 5-9	63290.169046	32347.269128	30942.899918
 10-14 	27776.050747	14195.251882	13580.798865
 15-19 	82843.341843	42290.879505	40552.462338
 20-24 	67540.537329	34236.339709	33304.197620
 25-29 	55021.412106	28010.088599	27011.323507
 30-34 	47648.601964	24684.612472	22963.989493
 35-39 	37909.933073	19835.879717	18074.053355
 40-44 	27204.260686	14699.257307	12505.003380
 45-49 	21135.043516	11462.875478	9672.168038
 50-54 	18144.812841	9489.198468	8655.614373
 55-59 	15591.463243	8138.684323	7452.778919
 60-64 	12079.252939	6429.510040	5649.742899
 65-69 	8975.454864	4769.164419	4206.290444
 70-74 	6323.462048	3333.956587	2989.505460
 75-79 	4002.278623	2128.265242	1874.013380
 80+ 	3074.293860	1688.662645	1385.631215
Total	631105.397449	325415.387899	305690.009550
2000			
 0-4	133448.219342	68144.188076	65304.031266
 5-9	63882.985441	32654.940511	31228.044930
 10-14 	28220.652041	14423.026324	13797.625717
 15-19 	84855.646350	43346.137655	41509.508695
 20-24 	69796.687164	35398.959408	34397.727756
 25-29 	56419.536003	28602.327782	27817.208221
 30-34 	49196.461670	25422.567533	23773.894136
 35-39 	39762.428662	20750.113338	19012.315324
 40-44 	29078.927474	15588.615819	13490.311654
 45-49 	21925.403040	11957.023786	9968.379254
 50-54 	18442.421143	9703.897597	8738.523546
 55-59 	16116.019610	8372.274491	7743.745119
 60-64 	12567.631640	6666.921554	5900.710086
 65-69 	9304.717711	4949.739968	4354.977743
 70-74 	6532.838768	3440.125273	3092.713495
 75-79 	4161.646859	2203.802719	1957.844140
 80+ 	3212.426990	1757.786423	1454.640567
Total	646924.649908	333382.448256	313542.201652
2001			
 0-4	134269.247226	68570.794649	65698.452577
 5-9	64444.412968	32942.718617	31501.694351
 10-14 	28641.338560	14638.387034	14002.951526
 15-19 	86671.469952	44291.880013	42379.589939
 20-24 	71965.609465	36501.971333	35463.638132
 25-29 	58636.462702	29635.119978	29001.342724
 30-34 	49981.467275	25714.690773	24266.776501
 35-39 	41508.954355	21610.684881	19898.269474
 40-44 	31115.394048	16550.598668	14564.795380
 45-49 	22759.430450	12452.552843	10306.877608
 50-54 	18813.707181	9969.746059	8843.961122
 55-59 	16570.155793	8583.961985	7986.193809
 60-64 	13046.021305	6893.909904	6152.111401
 65-69 	9631.397559	5127.425761	4503.971799
 70-74 	6749.757433	3554.850715	3194.906718
 75-79 	4322.907781	2280.481919	2042.425862
 80+ 	3359.146388	1830.326378	1528.820010
Total	662486.880441	341150.101508	321336.778932
2002			
 0-4	134951.707651	68926.472310	66025.235340
 5-9	64983.667825	33219.140360	31764.527465
 10-14 	29026.433218	14834.392415	14192.040803
 15-19 	88308.564771	45137.745012	43170.819758
 20-24 	73999.849080	37521.184408	36478.664672
 25-29 	60554.281859	30501.447073	30052.834786
 30-34 	51076.525685	26149.995482	24926.530203
 35-39 	43177.347846	22426.768367	20750.579479
 40-44 	33193.896233	17534.082675	15659.813558
 45-49 	23732.765861	12986.695519	10746.070342
 50-54 	19270.960259	10289.655564	8981.304695
 55-59 	16934.818932	8768.756759	8166.062173
 60-64 	13511.689976	7107.482208	6404.207769
 65-69 	9960.505315	5304.636189	4655.869126
 70-74 	6971.640198	3676.659398	3294.980800
 75-79 	4484.617824	2357.596858	2127.020966
 80+ 	3514.146539	1906.235462	1607.911078
Total	677653.419072	348648.946058	329004.473015
2003			
 0-4	135461.264671	69193.436502	66267.828169
 5-9	65485.084781	33476.345514	32008.739267
 10-14 	29365.706639	15007.569311	14358.137327
 15-19 	89812.896201	45903.128161	43909.768040
 20-24 	75893.712103	38456.009139	37437.702965
 25-29 	62570.351503	31424.733575	31145.617928
 30-34 	52105.568806	26522.114510	25583.454295
 35-39 	44799.831848	23208.946022	21590.885826
 40-44 	35204.829134	18492.787437	16712.041697
 45-49 	24926.262467	13590.332752	11335.929715
 50-54 	19833.300169	10670.186377	9163.113792
 55-59 	17198.875219	8922.770288	8276.104930
 60-64 	13967.376483	7307.648750	6659.727733
 65-69 	10298.597670	5482.756232	4815.841437
 70-74 	7198.670354	3805.526687	3393.143667
 75-79 	4645.384166	2434.277055	2211.107111
 80+ 	3677.948801	1985.891543	1692.057258
Total	692445.661014	355884.459854	336561.201160
2004			
 0-4	135707.554814	69325.000306	66382.554508
 5-9	65941.270682	33710.600613	32230.670069
 10-14 	29661.176540	15158.590208	14502.586333
 15-19 	91190.731909	46590.414023	44600.317886
 20-24 	77624.151930	39292.166802	38331.985128
 25-29 	64602.700052	32358.920698	32243.779354
 30-34 	53120.218908	26861.335677	26258.883231
 35-39 	46389.005981	23955.078494	22433.927487
 40-44 	37083.391694	19394.664078	17688.727616
 45-49 	26379.020280	14284.218041	12094.802239
 50-54 	20466.283474	11086.164140	9380.119335
 55-59 	17406.584723	9066.497309	8340.087413
 60-64 	14402.944526	7492.029805	6910.914722
 65-69 	10645.221474	5658.903476	4986.317998
 70-74 	7428.634545	3937.831283	3490.803263
 75-79 	4806.596495	2512.270141	2294.326354
 80+ 	3850.130949	2069.075401	1781.055548
Total	706705.618977	362753.760492	343951.858484
2005			
 0-4	135595.612438	69272.501875	66323.110563
 5-9	66346.050218	33918.688615	32427.361603
 10-14 	29919.854715	15291.468468	14628.386247
 15-19 	92434.201239	47192.762520	45241.438719
 20-24 	79159.400616	40006.859348	39152.541269
 25-29 	66583.286454	33259.711314	33323.575140
 30-34 	54308.994595	27272.876122	27036.118472
 35-39 	47755.088182	24556.365957	23198.722225
 40-44 	38815.021902	20226.128943	18588.892959
 45-49 	28072.766198	15070.229180	13002.537018
 50-54 	21126.858535	11503.966275	9622.892260
 55-59 	17628.610162	9231.803879	8396.806283
 60-64 	14795.075876	7655.410090	7139.665786
 65-69 	10993.184529	5827.467107	5165.717423
 70-74 	7658.639586	4068.509877	3590.129708
 75-79 	4970.946778	2594.422178	2376.524600
 80+ 	4029.387449	2155.131382	1874.256067
Total	720192.979471	369104.303130	351088.676341
2006			
 0-4	135119.364282	69033.381799	66085.982482
 5-9	66684.530137	34092.970365	32591.559772
 10-14 	30149.657515	15407.660976	14741.996540
 15-19 	93504.289225	47686.678095	45817.611130
 20-24 	80429.380420	40541.863571	39887.516849
 25-29 	68411.493138	34053.102220	34358.390918
 30-34 	56239.858563	28071.857055	28168.001508
 35-39 	48321.010529	24681.003357	23640.007172
 40-44 	40417.281571	20983.874161	19433.407410
 45-49 	29911.728750	15909.280553	14002.448197
 50-54 	21821.446244	11911.859800	9909.586444
 55-59 	17908.520399	9434.154040	8474.366358
 60-64 	15110.947779	7786.066506	7324.881273
 65-69 	11327.015908	5977.410223	5349.605684
 70-74 	7887.373792	4194.077972	3693.295820
 75-79 	5139.714422	2682.131702	2457.582719
 80+ 	4214.308477	2243.434030	1970.874447
Total	732597.921150	374690.806424	357907.114725
2007			
 0-4	134368.806081	68654.706006	65714.100075
 5-9	66930.748203	34220.154633	32710.593570
 10-14 	30361.541399	15515.224583	14846.316816
 15-19 	94425.124317	48102.446511	46322.677805
 20-24 	81507.816708	40964.496639	40543.320069
 25-29 	70068.288662	34740.645086	35327.643576
 30-34 	57855.529476	28695.462154	29160.067321
 35-39 	49170.558094	24930.421341	24240.136753
 40-44 	41930.831802	21688.362538	20242.469264
 45-49 	31801.035965	16769.390692	15031.645273
 50-54 	22652.926160	12352.789869	10300.136291
 55-59 	18270.784766	9686.507850	8584.276916
 60-64 	15345.865751	7888.940587	7456.925164
 65-69 	11654.529796	6112.812044	5541.717751
 70-74 	8119.923900	4316.902880	3803.021020
 75-79 	5311.114246	2774.114996	2536.999250
 80+ 	4403.634972	2333.433273	2070.201700
Total	744179.060298	379746.811684	364432.248614
2008			
 0-4	133565.542994	68251.775844	65313.767151
 5-9	67062.363193	34288.717263	32773.645931
 10-14 	30548.700128	15610.643330	14938.056797
 15-19 	95204.185176	48458.292172	46745.893004
 20-24 	82469.467729	41328.064921	41141.402807
 25-29 	71567.193616	35338.803479	36228.390137
 30-34 	59568.253120	29380.522968	30187.730152
 35-39 	49944.712956	25112.120383	24832.592573
 40-44 	43392.970878	22355.056854	21037.914024
 45-49 	33638.747915	17612.607385	16026.140530
 50-54 	23702.917816	12859.928129	10842.989687
 55-59 	18739.374158	9999.999213	8739.374945
 60-64 	15494.050817	7965.634168	7528.416649
 65-69 	11981.501867	6237.670071	5743.831796
 70-74 	8360.776049	4438.566280	3922.209770
 75-79 	5484.939346	2870.104867	2614.834479
 80+ 	4596.225878	2424.566513	2171.659364
Total	755321.923635	384533.073839	370788.849797
2009			
 0-4	132972.754722	67961.679341	65011.075381
 5-9	67037.320038	34277.001923	32760.318115
 10-14 	30708.112755	15692.496303	15015.616452
 15-19 	95905.778453	48794.791047	47110.987407
 20-24 	83384.314480	41695.518658	41688.795822
 25-29 	72931.858266	35877.874262	37053.984003
 30-34 	61341.030169	30116.822562	31224.207607
 35-39 	50728.347287	25283.290387	25445.056900
 40-44 	44841.769429	23000.038625	21841.730804
 45-49 	35381.639410	18423.523355	16958.116055
 50-54 	25021.768082	13463.701334	11558.066748
 55-59 	19293.806086	10359.236977	8934.569109
 60-64 	15612.556338	8046.294777	7566.261561
 65-69 	12310.412357	6358.342458	5952.069899
 70-74 	8612.852449	4559.390518	4053.461930
 75-79 	5659.592246	2967.382061	2692.210184
 80+ 	4792.615979	2517.843586	2274.772393
Total	766536.528544	389395.228173	377141.300371
2010			
 0-4	132750.196495	67867.035664	64883.160830
 5-9	66825.312775	34169.511747	32655.801028
 10-14 	30838.666328	15760.265347	15078.400981
 15-19 	96590.577635	49147.932175	47442.645460
 20-24 	84315.764728	42115.812326	42199.952402
 25-29 	74186.736331	36388.151603	37798.584728
 30-34 	63148.389858	30895.269611	32253.120247
 35-39 	51750.402782	25579.773659	26170.629122
 40-44 	46120.154006	23536.879863	22583.274143
 45-49 	37041.833552	19205.793991	17836.039561
 50-54 	26612.116891	14180.376149	12431.740741
 55-59 	19905.799411	10740.069348	9165.730063
 60-64 	15786.576610	8172.079369	7614.497241
 65-69 	12635.743112	6479.454294	6156.288819
 70-74 	8878.895701	4679.579461	4199.316241
 75-79 	5833.964949	3062.638446	2771.326503
 80+ 	4994.370715	2615.038310	2379.332406
Total	778215.501879	394595.661363	383619.840516
2011			
 0-4	132973.609201	68005.187208	64968.421994
 5-9	66449.829571	33978.540141	32471.289430
 10-14 	30944.359701	15816.257954	15128.101747
 15-19 	97362.889483	49572.838340	47790.051143
 20-24 	85385.172944	42687.540057	42697.632887
 25-29 	75400.150534	36934.674640	38465.475894
 30-34 	64990.813984	31725.534242	33265.279742
 35-39 	53665.687231	26384.708778	27280.978453
 40-44 	46711.651609	23678.516982	23033.134627
 45-49 	38697.995742	19996.763581	18701.232162
 50-54 	28432.233674	15007.911387	13424.322286
 55-59 	20611.887150	11151.776872	9460.110278
 60-64 	16091.676332	8380.591911	7711.084421
 65-69 	12958.777805	6610.329774	6348.448031
 70-74 	9165.152621	4801.673495	4363.479125
 75-79 	6010.827526	3155.458650	2855.368877
 80+ 	5203.180255	2717.524047	2485.656208
Total	791055.895364	400605.828059	390450.067305
2012			
 0-4	133562.461251	68331.815841	65230.645410
 5-9	65964.839424	33732.153335	32232.686089
 10-14 	31014.656092	15854.122056	15160.534036
 15-19 	98136.201754	50005.052118	48131.149637
 20-24 	86486.268691	43312.033162	43174.235529
 25-29 	76561.809101	37498.687611	39063.121490
 30-34 	66762.065862	32534.172511	34227.893352
 35-39 	55374.105929	27094.335107	28279.770822
 40-44 	47650.315448	23990.142448	23660.173000
 45-49 	40335.539434	20777.846690	19557.692744
 50-54 	30363.408339	15895.619905	14467.788434
 55-59 	21482.815347	11615.384934	9867.430413
 60-64 	16517.752207	8662.298818	7855.453390
 65-69 	13248.762543	6739.108687	6509.653856
 70-74 	9473.696471	4926.093255	4547.603216
 75-79 	6195.433886	3248.469118	2946.964768
 80+ 	5418.236763	2824.652328	2593.584435
Total	804548.368545	407041.987924	397506.380621
2013			
 0-4	134309.042255	68736.555638	65572.486618
 5-9	65480.175272	33487.259015	31992.916257
 10-14 	31044.727542	15871.183349	15173.544193
 15-19 	98832.637848	50395.362119	48437.275729
 20-24 	87564.321751	43944.832389	43619.489362
 25-29 	77710.277270	38092.467830	39617.809440
 30-34 	68434.516156	33302.089297	35132.426859
 35-39 	57256.081822	27919.496354	29336.585468
 40-44 	48555.438487	24264.287607	24291.150880
 45-49 	41962.391194	21544.854959	20417.536235
 50-54 	32295.656158	16798.453905	15497.202253
 55-59 	22584.619661	12154.316959	10430.302702
 60-64 	17069.645278	9017.179388	8052.465890
 65-69 	13485.440971	6859.083997	6626.356974
 70-74 	9806.906077	5055.113615	4751.792462
 75-79 	6393.109401	3344.190496	3048.918905
 80+ 	5639.722782	2936.533242	2703.189540
Total	818424.709925	413723.260159	404701.449766
2014			
 0-4	135006.962503	69110.017438	65896.945065
 5-9	65114.604297	33305.608182	31808.996115
 10-14 	31016.782426	15858.096521	15158.685905
 15-19 	99406.644791	50715.150635	48691.494156
 20-24 	88594.339756	44554.498643	44039.841113
 25-29 	78856.033021	38716.098033	40139.934987
 30-34 	69985.348207	34017.210938	35968.137269
 35-39 	59229.124268	28813.160631	30415.963637
 40-44 	49481.505484	24535.467618	24946.037866
 45-49 	43581.023300	22291.028335	21289.994965
 50-54 	34160.233445	17683.645466	16476.587980
 55-59 	23952.286361	12788.873822	11163.412539
 60-64 	17706.599544	9418.249378	8288.350165
 65-69 	13701.085379	6987.133830	6713.951549
 70-74 	10156.290879	5189.270222	4967.020657
 75-79 	6606.768277	3443.806943	3162.961334
 80+ 	5867.655366	3052.755289	2814.900077
Total	832423.287306	420480.071925	411943.215381
2015			
 0-4	135568.935486	69405.794721	66163.140765
 5-9	64938.903916	33223.820572	31715.083344
 10-14 	30912.120702	15805.266515	15106.854188
 15-19 	99856.506083	50964.188243	48892.317840
 20-24 	89570.053092	45134.132608	44435.920483
 25-29 	80012.919764	39369.707126	40643.212638
 30-34 	71413.202368	34684.798563	36728.403805
 35-39 	61228.397260	29736.413793	31491.983467
 40-44 	50636.669276	24923.378426	25713.290851
 45-49 	45013.400286	22917.436089	22095.964197
 50-54 	35941.515722	18537.691461	17403.824261
 55-59 	25581.819885	13530.450138	12051.369748
 60-64 	18388.514026	9835.010215	8553.503811
 65-69 	13959.737853	7153.588378	6806.149475
 70-74 	10504.761701	5326.885781	5177.875920
 75-79 	6838.024082	3547.742585	3290.281498
 80+ 	6102.699273	3172.874920	2929.824353
Total	846468.180777	427269.180133	419199.000644
2016			
 0-4	135956.298675	69604.668462	66351.630213
 5-9	64973.609001	33251.706396	31721.902605
 10-14 	30729.875736	15712.250159	15017.625577
 15-19 	100174.754698	51136.731876	49038.022822
 20-24 	90475.263834	45659.052599	44816.211234
 25-29 	81188.116704	40051.511161	41136.605543
 30-34 	72717.651740	35309.684883	37407.966857
 35-39 	63174.570386	30639.391864	32535.178523
 40-44 	52620.168716	25771.425300	26848.743416
 45-49 	45695.570107	23107.456416	22588.113691
 50-54 	37666.564166	19365.154732	18301.409434
 55-59 	27412.226206	14363.460141	13048.766065
 60-64 	19126.213987	10260.242555	8865.971432
 65-69 	14306.921459	7378.144095	6928.777364
 70-74 	10833.547360	5464.835710	5368.711649
 75-79 	7088.221885	3656.081653	3432.140232
 80+ 	6347.280990	3297.458632	3049.822358
Total	860486.855651	434029.256635	426457.599016
2017			
 0-4	136173.673137	69711.288351	66462.384786
 5-9	65179.152209	33367.598447	31811.553762
 10-14 	30492.018405	15590.849799	14901.168606
 15-19 	100364.672887	51239.838541	49124.834346
 20-24 	91315.223837	46140.219044	45175.004793
 25-29 	82347.609804	40734.348584	41613.261220
 30-34 	73938.350875	35919.195847	38019.155028
 35-39 	65012.426304	31490.213653	33522.212651
 40-44 	54376.202507	26507.690649	27868.511858
 45-49 	46692.411582	23447.689254	23244.722328
 50-54 	39348.796936	20167.353841	19181.443095
 55-59 	29342.911188	15249.584518	14093.326670
 60-64 	20007.471331	10727.305262	9280.166069
 65-69 	14750.497660	7663.059594	7087.438067
 70-74 	11126.355881	5598.793078	5527.562803
 75-79 	7359.683598	3769.336112	3590.347486
 80+ 	6604.960913	3428.049265	3176.911648
Total	874432.419052	440752.413838	433680.005215
2018			
 0-4	136271.572996	69754.701906	66516.871089
 5-9	65453.429315	33517.383234	31936.046081
 10-14 	30244.486640	15465.066369	14779.420271
 15-19 	100406.691172	51264.600255	49142.090918
 20-24 	92034.744647	46547.133044	45487.611603
 25-29 	83448.402428	41390.726771	42057.675657
 30-34 	75118.438255	36534.498130	38583.940126
 35-39 	66723.863390	32279.743236	34444.120154
 40-44 	56286.493322	27346.186115	28940.307208
 45-49 	47634.321065	23737.963299	23896.357766
 50-54 	41002.369258	20944.763831	20057.605427
 55-59 	31268.050765	16146.397663	15121.653102
 60-64 	21101.129440	11261.258400	9839.871040
 65-69 	15299.925376	8010.449213	7289.476164
 70-74 	11369.706572	5724.044218	5645.662354
 75-79 	7654.029033	3888.346182	3765.682851
 80+ 	6878.986169	3565.572178	3313.413991
Total	888196.639844	447378.834043	440817.805801
2019			
 0-4	136306.908490	69766.549926	66540.358564
 5-9	65693.476907	33646.660101	32046.816806
 10-14 	30041.380204	15363.199863	14678.180341
 15-19 	100234.070639	51177.655059	49056.415580
 20-24 	92602.219518	46863.735400	45738.484118
 25-29 	84472.993490	42002.589027	42470.404463
 30-34 	76270.083178	37162.402975	39107.680203
 35-39 	68291.933091	33003.435839	35288.497252
 40-44 	58271.150969	28243.875114	30027.275855
 45-49 	48580.678754	24016.971932	24563.706822
 50-54 	42635.055838	21694.727707	20940.328132
 55-59 	33120.199244	17022.363751	16097.835493
 60-64 	22443.279227	11882.605184	10560.674043
 65-69 	15921.769392	8397.169991	7524.599401
 70-74 	11594.789446	5855.697088	5739.092359
 75-79 	7963.627268	4012.063744	3951.563524
 80+ 	7170.370552	3709.044882	3461.325670
Total	901613.986210	453820.747583	447793.238627
2020			
 0-4	136270.181972	69742.846231	66527.335740
 5-9	65851.747743	33730.372407	32121.375337
 10-14 	29915.860082	15302.472898	14613.387185
 15-19 	99780.876002	50946.078099	48834.797903
 20-24 	93008.146188	47087.732300	45920.413888
 25-29 	85406.535009	42559.836154	42846.698855
 30-34 	77399.586051	37800.083403	39599.502647
 35-39 	69707.486051	33663.214916	36044.271135
 40-44 	60258.818477	29159.005949	31099.812529
 45-49 	49733.845945	24401.760064	25332.085881
 50-54 	44066.061875	22317.588650	21748.473224
 55-59 	34879.806756	17862.140139	17017.666616
 60-64 	24026.396945	12600.030304	11426.366641
 65-69 	16578.219383	8794.250032	7783.969350
 70-74 	11855.521937	6018.528594	5836.993343
 75-79 	8273.034880	4137.551000	4135.483880
 80+ 	7479.327104	3856.941517	3622.385587
Total	914491.452398	459980.432656	454511.019742
2021			
 0-4	136099.823209	69651.891966	66447.931243
 5-9	65903.154523	33756.033214	32147.121309
 10-14 	29877.334307	15287.418838	14589.915469
 15-19 	99040.140784	50566.918610	48473.222174
 20-24 	93245.046576	47216.749164	46028.297412
 25-29 	86235.215004	43045.268573	43189.946432
 30-34 	78511.302158	38448.122102	40063.180056
 35-39 	70968.153746	34266.018865	36702.134881
 40-44 	62166.223390	30041.703073	32124.520317
 45-49 	51683.828648	25230.646868	26453.181780
 50-54 	44729.850135	22498.341222	22231.508913
 55-59 	36569.641643	18668.791211	17900.850433
 60-64 	25789.647019	13398.138255	12391.508765
 65-69 	17279.713021	9195.395906	8084.317115
 70-74 	12190.532655	6229.410564	5961.122091
 75-79 	8565.738716	4261.442389	4304.296328
 80+ 	7806.928049	4008.650170	3798.277879
Total	926662.273585	465770.940989	460891.332596
2022			
 0-4	135760.116282	69474.382147	66285.734135
 5-9	65844.056156	33722.878086	32121.178070
 10-14 	29908.703387	15308.582185	14600.121201
 15-19 	98087.369790	50080.302180	48007.067610
 20-24 	93307.564704	47252.339141	46055.225563
 25-29 	86951.710260	43460.365031	43491.345229
 30-34 	79563.762806	39073.946775	40489.816031
 35-39 	72103.386177	34832.059114	37271.327063
 40-44 	63930.768108	30855.401853	33075.366255
 45-49 	53378.926369	25935.204842	27443.721527
 50-54 	45681.149070	22815.900172	22865.248898
 55-59 	38198.149243	19440.774346	18757.374896
 60-64 	27633.387924	14238.331933	13395.055991
 65-69 	18105.650872	9629.442378	8476.208494
 70-74 	12602.514310	6488.157758	6114.356551
 75-79 	8827.264245	4379.830023	4447.434223
 80+ 	8155.858191	4165.249817	3990.608374
Total	938040.337893	471153.147781	466887.190113
2023			
 0-4	135234.917571	69200.515472	66034.402099
 5-9	65701.283533	33646.015229	32055.268303
 10-14 	29965.075596	15342.072922	14623.002674
 15-19 	97082.027546	49569.134967	47512.892579
 20-24 	93188.789892	47193.009689	45995.780203
 25-29 	87511.194499	43782.134894	43729.059605
 30-34 	80520.631784	39654.400861	40866.230922
 35-39 	73161.492764	35385.475549	37776.017215
 40-44 	65537.163869	31592.548913	33944.614956
 45-49 	55199.191381	26727.771690	28471.419691
 50-54 	46555.379543	23073.423024	23481.956519
 55-59 	39778.472237	20178.250105	19600.222132
 60-64 	29456.991852	15080.976466	14376.015386
 65-69 	19120.912326	10120.081050	9000.831276
 70-74 	13098.768485	6796.471623	6302.296861
 75-79 	9046.467973	4489.405973	4557.061999
 80+ 	8528.297870	4328.233055	4200.064816
Total	948687.058720	476159.921484	472527.137236
2024			
 0-4	134504.722770	68819.228391	65685.494379
 5-9	65512.507813	33545.516937	31966.990877
 10-14 	30004.442373	15365.528130	14638.914243
 15-19 	96214.274128	49132.332751	47081.941377
 20-24 	92848.983555	47019.453031	45829.530524
 25-29 	87903.628373	44006.716284	43896.912089
 30-34 	81382.164436	40181.003728	41201.160708
 35-39 	74170.413261	35940.992855	38229.420406
 40-44 	66981.158267	32254.862178	34726.296089
 45-49 	57074.671732	27570.202475	29504.469257
 50-54 	47420.795027	23314.020407	24106.774620
 55-59 	41324.238442	20881.772681	20442.465761
 60-64 	31200.293628	15898.552571	15301.741056
 65-69 	20360.937537	10687.496144	9673.441393
 70-74 	13652.386221	7135.584710	6516.801510
 75-79 	9249.660892	4603.305227	4646.355665
 80+ 	8919.009255	4496.806780	4422.202475
Total	958724.287710	480853.375280	477870.912430
2025			
 0-4	133588.219255	68340.275952	65247.943303
 5-9	65287.238495	33426.205060	31861.033435
 10-14 	30010.126457	15370.021436	14640.105022
 15-19 	95603.315340	48831.486433	46771.828907
 20-24 	92246.488613	46710.908014	45535.580599
 25-29 	88139.351173	44141.713736	43997.637437
 30-34 	82151.555081	40652.528914	41499.026166
 35-39 	75152.262984	36503.324721	38648.938263
 40-44 	68267.660462	32850.864891	35416.795572
 45-49 	58945.687460	28426.447807	30519.239653
 50-54 	48485.412628	23656.736408	24828.676220
 55-59 	42667.021352	21458.808986	21208.212366
 60-64 	32850.381297	16679.426416	16170.954881
 65-69 	21820.586237	11340.966582	10479.619655
 70-74 	14234.336998	7482.327997	6752.009002
 75-79 	9481.844637	4742.317230	4739.527407
 80+ 	9317.649702	4668.582247	4649.067455
Total	968249.138173	485282.942828	482966.195344
2026			
 0-4	132553.024324	67799.599341	64753.424983
 5-9	65013.675396	33281.623787	31732.051608
 10-14 	29974.863858	15351.955159	14622.908700
 15-19 	95291.009993	48686.889758	46604.120235
 20-24 	91397.128116	46276.101112	45121.027004
 25-29 	88233.716943	44197.667946	44036.048996
 30-34 	82835.012433	41062.955088	41772.057345
 35-39 	76130.052091	37082.653425	39047.398666
 40-44 	69410.565903	33395.438590	36015.127313
 45-49 	60744.029513	29254.331831	31489.697682
 50-54 	50335.289238	24435.003287	25900.285951
 55-59 	43261.403767	21606.723023	21654.680744
 60-64 	34437.151457	17430.636002	17006.515456
 65-69 	23447.880011	12068.948640	11378.931371
 70-74 	14859.598990	7834.075839	7025.523151
 75-79 	9775.755030	4920.856820	4854.898210
 80+ 	9715.106359	4841.742587	4873.363771
Total	977415.263420	489527.202235	487888.061184
2027			
 0-4	131430.417167	67218.018300	64212.398867
 5-9	64688.936202	33109.757043	31579.179159
 10-14 	29901.760986	15313.409146	14588.351839
 15-19 	95230.984559	48672.504157	46558.480402
 20-24 	90382.881463	45757.832366	44625.049096
 25-29 	88195.682126	44181.732195	44013.949930
 30-34 	83440.052962	41420.298157	42019.754805
 35-39 	77075.580824	37652.767182	39422.813642
 40-44 	70451.451389	33914.236588	36537.214801
 45-49 	62418.600731	30022.871206	32395.729525
 50-54 	51950.232268	25099.875791	26850.356477
 55-59 	44152.253986	21895.865815	22256.388171
 60-64 	35975.555416	18154.138114	17821.417302
 65-69 	25155.452508	12838.816146	12316.636362
 70-74 	15601.620771	8217.909894	7383.710877
 75-79 	10134.786494	5139.489623	4995.296871
 80+ 	10106.582796	5015.696635	5090.886160
Total	986292.832648	493625.218361	492667.614287
2028			
 0-4	130261.429933	66615.364124	63646.065809
 5-9	64309.707484	32908.743332	31400.964152
 10-14 	29803.816176	15261.678009	14542.138166
 15-19 	95282.110757	48713.217174	46568.893583
 20-24 	89357.325470	45235.885849	44121.439620
 25-29 	88024.955526	44095.684606	43929.270919
 30-34 	83929.797274	41705.674460	42224.122814
 35-39 	77959.983834	38194.476290	39765.507544
 40-44 	71444.670439	34434.308140	37010.362299
 45-49 	63961.092205	30728.065322	33233.026883
 50-54 	53707.455132	25860.542938	27846.912194
 55-59 	44986.625464	22136.593745	22850.031719
 60-64 	37482.134494	18852.134148	18630.000346
 65-69 	26854.674507	13616.773384	13237.901124
 70-74 	16520.019216	8655.938381	7864.080835
 75-79 	10565.537879	5399.976354	5165.561525
 80+ 	10489.455650	5190.433587	5299.022063
Total	994940.791442	497605.489846	497335.301596
2029			
 0-4	129069.870006	66003.511767	63066.358239
 5-9	63863.889554	32672.870809	31191.018746
 10-14 	29696.429378	15205.052356	14491.377021
 15-19 	95306.996449	48736.095200	46570.901249
 20-24 	88494.724410	44800.975862	43693.748547
 25-29 	87679.384007	43918.982837	43760.401170
 30-34 	84291.569099	41913.985603	42377.583495
 35-39 	78781.920606	38698.939920	40082.980686
 40-44 	72416.769178	34969.833037	37446.936141
 45-49 	65367.781493	31371.691058	33996.090435
 50-54 	55538.653671	26679.866505	28858.787166
 55-59 	45831.389776	22371.032389	23460.357387
 60-64 	38970.474626	19525.548937	19444.925689
 65-69 	28491.511499	14378.693089	14112.818411
 70-74 	17645.187682	9165.679128	8479.508554
 75-79 	11046.909034	5687.683498	5359.225536
 80+ 	10881.680760	5375.594964	5506.085796
Total	1003375.141228	501476.036960	501899.104268
2030			
 0-4	127874.629188	65392.258032	62482.371156
 5-9	63355.538349	32405.273692	30950.264658
 10-14 	29582.464829	15145.024173	14437.440656
 15-19 	95249.126905	48711.105664	46538.021241
 20-24 	87901.136826	44507.978075	43393.158750
 25-29 	87111.259241	43627.796123	43483.463118
 30-34 	84529.564105	42049.736026	42479.828079
 35-39 	79540.176953	39162.974786	40377.202167
 40-44 	73386.068940	35523.901829	37862.167111
 45-49 	66640.898306	31960.915611	34679.982695
 50-54 	57383.703206	27521.853631	29861.849575
 55-59 	46885.804814	22712.793041	24173.011773
 60-64 	40277.848282	20085.692385	20192.155897
 65-69 	30054.233041	15114.123385	14940.109656
 70-74 	18970.825043	9754.660293	9216.164750
 75-79 	11556.558314	5984.585234	5571.973080
 80+ 	11308.660743	5584.202225	5724.458518
Total	1011608.497084	505244.874204	506363.622880
2031			
 0-4	126700.027013	64793.828702	61906.198311
 5-9	62809.863941	32120.110351	30689.753590
 10-14 	29453.727142	15077.237970	14376.489172
 15-19 	95080.500027	48624.415814	46456.084213
 20-24 	87608.638543	44372.308082	43236.330462
 25-29 	86325.157199	43225.101961	43100.055238
 30-34 	84650.624928	42119.108257	42531.516671
 35-39 	80234.195235	39577.472716	40656.722519
 40-44 	74369.585317	36103.979327	38265.605990
 45-49 	67789.018278	32507.904876	35281.113402
 50-54 	59172.253927	28343.636101	30828.617826
 55-59 	48711.727432	23480.046663	25231.680769
 60-64 	40875.994936	20241.369796	20634.625140
 65-69 	31569.579338	15828.879487	15740.699851
 70-74 	20450.103569	10412.478689	10037.624880
 75-79 	12107.969535	6288.975174	5818.994361
 80+ 	11784.860725	5823.858004	5961.002721
Total	1019693.827085	508940.711970	510753.115115
2032			
 0-4	125565.069095	64216.422706	61348.646388
 5-9	62238.635577	31824.447160	30414.188417
 10-14 	29306.244393	14999.417274	14306.827120
 15-19 	94806.368659	48480.329042	46326.039617
 20-24 	87568.285257	44366.800872	43201.484385
 25-29 	85390.043278	42747.012909	42643.030368
 30-34 	84656.483632	42125.520949	42530.962682
 35-39 	80865.318759	39947.240265	40918.078494
 40-44 	75334.272778	36681.797062	38652.475715
 45-49 	68848.253892	33035.523948	35812.729945
 50-54 	60851.067550	29113.238591	31737.828958
 55-59 	50321.268394	24144.100957	26177.167437
 60-64 	41773.134457	20539.873521	21233.260936
 65-69 	33049.952303	16523.625472	16526.326831
 70-74 	22006.898147	11111.047862	10895.850285
 75-79 	12762.358362	6622.935039	6139.423322
 80+ 	12305.578195	6092.716081	6212.862114
Total	1027649.232727	512572.049712	515077.183015
2033			
 0-4	124480.737639	63664.373673	60816.363966
 5-9	61653.334978	31524.475662	30128.859317
 10-14 	29136.283548	14909.510243	14226.773305
 15-19 	94464.705507	48300.323881	46164.381626
 20-24 	87642.843443	44418.525336	43224.318107
 25-29 	84445.880231	42266.271386	42179.608845
 30-34 	84540.951739	42067.676348	42473.275391
 35-39 	81391.940685	40250.964708	41140.975977
 40-44 	76247.096278	37236.216127	39010.880151
 45-49 	69868.124515	33568.404951	36299.719563
 50-54 	62408.678261	29825.020043	32583.658219
 55-59 	52076.528747	24904.640260	27171.888487
 60-64 	42625.115492	20797.184486	21827.931006
 65-69 	34508.618737	17198.846400	17309.772337
 70-74 	23563.594554	11820.903247	11742.691307
 75-79 	13569.663607	7004.523649	6565.139959
 80+ 	12870.065044	6390.174462	6479.890582
Total	1035494.163006	516148.034862	519346.128144
2034			
 0-4	123467.484279	63147.111944	60320.372335
 5-9	61064.430794	31224.998299	29839.432494
 10-14 	28937.092959	14804.243444	14132.849514
 15-19 	94102.399017	48109.644848	45992.754169
 20-24 	87700.525273	44457.542984	43242.982290
 25-29 	83657.813324	41868.830474	41788.982849
 30-34 	84259.769784	41923.909133	42335.860651
 35-39 	81798.530583	40481.960054	41316.570529
 40-44 	77104.300711	37757.252198	39347.048513
 45-49 	70872.695637	34119.475970	36753.219667
 50-54 	63838.855793	30479.625296	33359.230497
 55-59 	53909.985007	25725.031368	28184.953639
 60-64 	43494.754586	21052.559700	22442.194886
 65-69 	35957.162591	17854.516608	18102.645983
 70-74 	25072.585617	12520.766698	12551.818919
 75-79 	14554.909986	7447.829833	7107.080153
 80+ 	13473.859848	6711.418750	6762.441098
Total	1043267.155789	519686.717603	523580.438186
2035			
 0-4	122536.093166	62669.821791	59866.271375
 5-9	60481.225799	30929.714717	29551.511082
 10-14 	28710.313729	14684.922926	14025.390804
 15-19 	93727.217125	47912.295948	45814.921176
 20-24 	87687.339003	44455.130389	43232.208614
 25-29 	83129.457312	41608.285353	41521.171959
 30-34 	83765.431396	41670.450653	42094.980743
 35-39 	82088.731081	40644.303873	41444.427208
 40-44 	77904.623128	38241.606727	39663.016401
 45-49 	71880.147943	34691.796435	37188.351507
 50-54 	65143.521709	31083.876443	34059.645266
 55-59 	55763.363039	26570.462355	29192.900684
 60-64 	44570.172121	21412.385218	23157.786902
 65-69 	37242.600239	18407.839837	18834.760402
 70-74 	26524.108761	13201.572401	13322.536360
 75-79 	15712.705063	7958.938859	7753.766203
 80+ 	14120.098279	7053.126863	7066.971416
Total	1050987.148892	523196.530790	527790.618102
2036			
 0-4	121684.714528	62231.997229	59452.717298
 5-9	59912.480186	30641.931309	29270.548878
 10-14 	28466.353015	14557.436519	13908.916496
 15-19 	93310.045593	47692.840448	45617.205146
 20-24 	87573.263210	44396.345160	43176.918050
 25-29 	82891.160729	41499.252047	41391.908682
 30-34 	83058.379285	41308.157931	41750.221354
 35-39 	82266.448715	40742.609309	41523.839406
 40-44 	78645.157085	38679.053476	39966.103608
 45-49 	72905.300502	35291.851549	37613.448954
 50-54 	66328.769130	31648.605939	34680.163191
 55-59 	57566.571681	27398.636016	30167.935666
 60-64 	46380.082470	22173.988326	24206.094144
 65-69 	37864.109776	18584.704702	19279.405074
 70-74 	27941.965544	13868.248467	14073.717078
 75-79 	17004.099124	8529.360363	8474.738761
 80+ 	14831.829186	7420.812062	7411.017124
Total	1058630.729761	526665.830852	531964.898908
2037			
 0-4	120905.627301	61830.610322	59075.016979
 5-9	59365.288857	30364.305323	29000.983534
 10-14 	28209.782101	14424.604714	13785.177387
 15-19 	92836.197674	47442.993979	45393.203695
 20-24 	87360.153197	44283.628853	43076.524344
 25-29 	82895.653792	41515.551515	41380.102277
 30-34 	82201.962659	40870.260081	41331.702578
 35-39 	82330.849958	40778.957554	41551.892404
 40-44 	79324.916352	39073.112564	40251.803788
 45-49 	73913.455076	35890.781151	38022.673925
 50-54 	67428.066166	32195.345804	35232.720362
 55-59 	59265.960552	28177.772008	31088.188545
 60-64 	47990.840054	22841.770114	25149.069940
 65-69 	38774.545679	18898.552189	19875.993490
 70-74 	29336.639759	14520.927488	14815.712272
 75-79 	18366.719718	9136.531468	9230.188250
 80+ 	15652.110771	7830.169221	7821.941550
Total	1066158.769668	530075.874348	536082.895320
2038			
 0-4	120191.400261	61462.993277	58728.406984
 5-9	58843.429708	30098.305983	28745.123725
 10-14 	27945.189004	14288.947353	13656.241651
 15-19 	92291.895009	47155.292164	45136.602845
 20-24 	87080.557817	44135.555463	42945.002354
 25-29 	83010.153006	41586.677514	41423.475492
 30-34 	81329.773102	40426.215615	40903.557486
 35-39 	82273.413688	40750.886026	41522.527662
 40-44 	79900.379698	39401.528749	40498.850949
 45-49 	74869.964223	36466.788912	38403.175311
 50-54 	68488.519849	32747.615948	35740.903902
 55-59 	60848.392991	28901.606033	31946.786958
 60-64 	49743.738339	23602.802166	26140.936173
 65-69 	39646.471408	19175.676206	20470.795202
 70-74 	30718.493431	15159.257034	15559.236397
 75-79 	19736.449205	9756.499148	9979.950057
 80+ 	16615.939125	8293.896010	8322.043115
Total	1073534.159864	533410.543603	540123.616261
2039			
 0-4	119520.480932	61118.921705	58401.559227
 5-9	58353.084487	29847.125092	28505.959395
 10-14 	27676.651124	14152.337219	13524.313905
 15-19 	91653.032736	46818.023994	44835.008742
 20-24 	86775.648742	43974.377391	42801.271351
 25-29 	83105.433165	41644.104256	41461.328909
 30-34 	80601.188081	40058.987336	40542.200745
 35-39 	82047.424269	40635.531714	41411.892555
 40-44 	80353.023006	39656.113340	40696.909666
 45-49 	75768.398646	37008.677706	38759.720940
 50-54 	69531.337045	33317.032247	36214.304799
 55-59 	62304.992737	29569.575372	32735.417365
 60-64 	51572.280286	24421.497890	27150.782396
 65-69 	40538.134226	19452.453740	21085.680486
 70-74 	32095.769128	15782.134773	16313.634354
 75-79 	21073.228407	10371.564108	10701.664299
 80+ 	17733.932136	8817.467276	8916.464860
Total	1080704.039153	536645.925158	544058.113995
2040			
 0-4	118876.662070	60790.214668	58086.447402
 5-9	57896.249108	29612.139234	28284.109874
 10-14 	27407.481478	14016.018292	13391.463185
 15-19 	90922.171179	46434.011698	44488.159481
 20-24 	86450.506221	43802.739526	42647.766695
 25-29 	83125.863359	41658.295578	41467.567781
 30-34 	80116.004087	39820.211827	40295.792260
 35-39 	81602.259317	40407.580000	41194.679317
 40-44 	80682.923537	39839.117181	40843.806356
 45-49 	76604.314444	37511.555709	39092.758735
 50-54 	70571.488674	33905.165593	36666.323081
 55-59 	63634.416211	30186.875847	33447.540364
 60-64 	53417.857064	25263.462510	28154.394554
 65-69 	41622.460591	19826.308584	21796.152007
 70-74 	33325.235399	16312.811429	17012.423970
 75-79 	22368.122326	10973.840158	11394.282169
 80+ 	18998.208258	9400.743740	9597.464517
Total	1087622.223323	539761.091574	547861.131749
2041			
 0-4	118249.727032	60471.364627	57778.362405
 5-9	57470.553107	29392.673177	28077.879930
 10-14 	27141.371778	13881.360543	13260.011235
 15-19 	90131.535179	46021.524906	44110.010273
 20-24 	86076.661449	43605.580454	42471.080994
 25-29 	83040.514279	41613.816945	41426.697333
 30-34 	79904.187454	39724.362477	40179.824977
 35-39 	80936.115978	40066.748797	40869.367181
 40-44 	80892.128096	39954.176257	40937.951839
 45-49 	77373.054787	37964.345577	39408.709210
 50-54 	71621.909488	34517.590309	37104.319178
 55-59 	64840.521477	30763.124442	34077.397035
 60-64 	55211.361534	26087.511706	29123.849828
 65-69 	43388.799970	20570.832670	22817.967300
 70-74 	33946.401187	16501.302324	17445.098864
 75-79 	23640.706572	11567.206851	12073.499722
 80+ 	20391.909608	10039.525986	10352.383622
Total	1094257.458975	542743.048049	551514.410926
2042			
 0-4	117632.502761	60158.257886	57474.244875
 5-9	57071.928957	29187.185522	27884.743435
 10-14 	26881.625228	13749.615090	13132.010138
 15-19 	89295.110219	45589.205620	43705.904599
 20-24 	85639.627578	43374.764878	42264.862700
 25-29 	82850.166263	41512.504440	41337.661823
 30-34 	79920.362080	39746.316833	40174.045246
 35-39 	80110.087804	39645.089501	40464.998303
 40-44 	80978.872665	40002.866657	40976.006008
 45-49 	78071.785313	38369.158774	39702.626539
 50-54 	72647.247939	35125.241674	37522.006265
 55-59 	65954.945280	31318.777166	34636.168114
 60-64 	56900.024262	26862.736791	30037.287471
 65-69 	44969.269745	21229.063621	23740.206124
 70-74 	34841.827406	16819.663880	18022.163526
 75-79 	24898.827498	12151.321302	12747.506196
 80+ 	21898.698925	10727.805515	11170.893410
Total	1100562.909921	545569.575150	554993.334771
2043			
 0-4	117021.026927	59848.457709	57172.569218
 5-9	56696.992439	28994.338659	27702.653781
 10-14 	26630.242316	13621.582187	13008.660128
 15-19 	88427.566947	45145.043354	43282.523594
 20-24 	85126.522712	43103.306423	42023.216290
 25-29 	82585.916021	41372.133017	41213.783004
 30-34 	80035.784152	39817.741756	40218.042396
 35-39 	79256.072094	39211.135332	40044.936763
 40-44 	80934.697477	39982.724935	40951.972542
 45-49 	78657.400041	38704.090145	39953.309896
 50-54 	73613.160241	35706.539058	37906.621183
 55-59 	67023.902062	31876.775618	35147.126443
 60-64 	58470.742827	27582.969363	30887.773464
 65-69 	46680.804721	21973.671783	24707.132938
 70-74 	35706.509888	17107.421267	18599.088620
 75-79 	26149.740822	12725.245073	13424.495749
 80+ 	23497.441559	11457.342807	12040.098752
Total	1106514.523247	548230.518486	558284.004761
2044			
 0-4	116410.585111	59539.293927	56871.291184
 5-9	56336.454437	28809.602359	27526.852078
 10-14 	26390.468923	13498.917017	12891.551906
 15-19 	87541.868169	44694.934731	42846.933438
 20-24 	84514.982003	42780.340019	41734.641984
 25-29 	82287.824491	41214.371542	41073.452949
 30-34 	80124.614573	39871.936509	40252.678064
 35-39 	78532.513317	38847.309128	39685.204188
 40-44 	80713.416013	39871.160207	40842.255806
 45-49 	79111.733659	38961.261931	40150.471727
 50-54 	74513.230413	36250.319134	38262.911280
 55-59 	68067.999982	32448.353406	35619.646575
 60-64 	59914.238686	28247.351355	31666.887331
 65-69 	48460.232537	22771.217802	25689.014734
 70-74 	36592.856031	17397.272471	19195.583561
 75-79 	27398.999784	13287.421226	14111.578558
 80+ 	25168.565862	12219.930665	12948.635198
Total	1112080.583991	550710.993430	561369.590561
2045			
 0-4	115794.662562	59227.335306	56567.327256
 5-9	55983.940873	28629.740368	27354.200505
 10-14 	26163.732271	13382.491534	12781.240736
 15-19 	86648.885036	44242.973082	42405.911953
 20-24 	83808.041648	42408.847780	41399.193867
 25-29 	81962.007541	41042.410582	40919.596959
 30-34 	80132.604669	39880.105019	40252.499650
 35-39 	78039.417342	38605.330702	39434.086640
 40-44 	80265.035186	39643.186198	40621.848987
 45-49 	79435.018415	39142.951060	40292.067355
 50-54 	75343.065069	36751.658794	38591.406275
 55-59 	69101.815420	33034.906062	36066.909358
 60-64 	61228.499799	28860.545462	32367.954337
 65-69 	50251.575236	23589.179360	26662.395876
 70-74 	37651.735134	17773.814660	19877.920474
 75-79 	28520.828854	13771.339372	14749.489482
 80+ 	26903.480572	13011.209940	13892.270631
Total	1117234.345624	552998.025282	564236.320343
2046			
 0-4	115168.651639	58910.154542	56258.497096
 5-9	55635.812590	28452.732060	27183.080530
 10-14 	25949.525153	13272.277256	12677.247898
 15-19 	85759.159976	43792.660061	41966.499915
 20-24 	83035.173219	42004.841869	41030.331350
 25-29 	81581.288317	40841.376082	40739.912235
 30-34 	80028.912046	39826.550657	40202.361389
 35-39 	77807.340525	38499.811305	39307.529220
 40-44 	79587.973190	39298.556375	40289.416815
 45-49 	79629.328992	39252.704056	40376.624937
 50-54 	76098.402720	37199.676573	38898.726147
 55-59 	70138.002935	33641.791040	36496.211895
 60-64 	62416.698154	29431.476226	32985.221928
 65-69 	51989.133074	24388.689731	27600.443343
 70-74 	39311.378835	18474.623003	20836.755832
 75-79 	29112.373124	13960.544036	15151.829088
 80+ 	28708.706022	13832.892189	14875.813833
Total	1121957.860511	555081.357061	566876.503450
2047			
 0-4	114529.538014	58586.150805	55943.387210
 5-9	55290.052710	28277.314917	27012.737794
 10-14 	25746.930777	13168.048393	12578.882384
 15-19 	84886.978677	43350.230657	41536.748020
 20-24 	82213.357028	41579.275665	40634.081363
 25-29 	81134.602150	40605.312331	40529.289820
 30-34 	79817.373977	39714.857839	40102.516138
 35-39 	77794.701525	38507.735124	39286.966401
 40-44 	78745.146164	38870.209390	39874.936774
 45-49 	79695.465897	39293.376242	40402.089655
 50-54 	76778.719871	37597.888893	39180.830978
 55-59 	71143.431365	34241.247268	36902.184097
 60-64 	63511.003303	29980.576396	33530.426907
 65-69 	53624.140424	25141.233963	28482.906461
 70-74 	40809.486347	19102.497390	21706.988957
 75-79 	29950.768156	14266.533364	15684.234793
 80+ 	30581.215698	14681.789790	15899.425908
Total	1126252.912083	556964.278424	569288.633659
2048			
 0-4	113874.398327	58253.777018	55620.621309
 5-9	54945.320017	28102.609738	26842.710279
 10-14 	25555.006524	13069.498866	12485.507658
 15-19 	84039.864481	42918.824848	41121.039633
 20-24 	81358.034356	41140.562079	40217.472277
 25-29 	80610.813150	40328.114053	40282.699098
 30-34 	79529.567843	39562.960938	39966.606906
 35-39 	77876.220326	38562.584781	39313.635545
 40-44 	77868.876110	38426.794001	39442.082109
 45-49 	79626.489100	39263.213548	40363.275553
 50-54 	77342.105204	37924.817529	39417.287675
 55-59 	72085.665428	34812.694640	37272.970788
 60-64 	64557.704852	30530.661645	34027.043207
 65-69 	55145.110117	25841.464099	29303.646017
 70-74 	42425.953052	19808.565854	22617.387198
 75-79 	30767.016174	14549.071307	16217.944867
 80+ 	32513.297571	15552.545117	16960.752454
Total	1130121.442633	558648.760061	571472.682572
2049			
 0-4	113205.527912	57914.146901	55291.381011
 5-9	54600.621864	27927.977595	26672.644269
 10-14 	25370.393710	12975.014156	12395.379554
 15-19 	83231.814447	42505.853485	40725.960963
 20-24 	80485.868704	40697.406433	39788.462270
 25-29 	79991.615177	40001.503250	39990.111927
 30-34 	79208.138433	39394.084946	39814.053487
 35-39 	77930.846554	38600.310687	39330.535867
 40-44 	77119.389674	38051.576675	39067.812999
 45-49 	79379.510646	39141.301940	40238.208706
 50-54 	77772.391326	38173.402735	39598.988591
 55-59 	72960.571019	35346.234395	37614.336624
 60-64 	65578.606874	31093.464147	34485.142727
 65-69 	56544.763090	26489.328875	30055.434216
 70-74 	44104.563788	20563.298180	23541.265608
 75-79 	31608.461585	14837.262480	16771.199106
 80+ 	34494.780153	16438.466177	18056.313976
Total	1133587.864956	560150.633057	573437.231899
2050			
 0-4	112528.725871	57570.186321	54958.539551
 5-9	54254.711517	27752.714629	26501.996888
 10-14 	25190.820545	12883.442157	12307.378387
 15-19 	82471.637338	42116.593195	40355.044142
 20-24 	79612.608404	40257.690062	39354.918342
 25-29 	79283.836737	39631.310187	39652.526550
 30-34 	78863.529728	39214.111824	39649.417904
 35-39 	77908.479544	38594.525149	39313.954395
 40-44 	76599.062007	37797.514580	38801.547427
 45-49 	78908.205356	38904.548254	40003.657102
 50-54 	78070.331333	38345.803454	39724.527879
 55-59 	73763.008912	35836.181827	37926.827084
 60-64 	66584.714528	31668.098618	34916.615909
 65-69 	57816.348837	27086.223802	30730.125035
 70-74 	45786.109727	21332.613200	24453.496527
 75-79 	32593.397817	15196.835545	17396.562271
 80+ 	36400.595292	17274.893150	19125.702142
Total	1136636.123492	561463.285956	575172.837536
