bangladesh_test	Total	Male	Female
1970			
 0-4	72033.735182	36544.935043	35488.800139
 5-9	73064.465827	37357.104076	35707.361751
 10-14 	40527.648916	20636.633686	19891.015230
 15-19 	51248.827264	26171.535186	25077.292078
 20-24 	47278.782713	24198.597460	23080.185253
 25-29 	40094.275656	20657.180905	19437.094751
 30-34 	33723.823983	17631.716676	16092.107307
 35-39 	28098.557389	14807.479295	13291.078094
 40-44 	23142.755368	12131.875015	11010.880353
 45-49 	19184.256836	10119.205931	9065.050905
 50-54 	15683.096969	8370.356476	7312.740493
 55-59 	12684.041853	6858.666748	5825.375105
 60-64 	9871.215764	5495.500897	4375.714867
 65-69 	7336.106879	4042.023104	3294.083775
 70-74 	4802.697733	2594.157892	2208.539841
 75-79 	2740.644287	1481.412897	1259.231390
 80+ 	1828.542448	986.737548	841.804900
Total	483343.475067	250085.118835	233258.356232
1971			
 0-4	75408.008057	38246.314768	37161.693289
 5-9	75462.966612	38636.288827	36826.677786
 10-14 	42167.192461	21512.105646	20655.086815
 15-19 	53873.666964	27490.383561	26383.283403
 20-24 	49838.089723	25517.383225	24320.706498
 25-29 	41380.371883	21287.790949	20092.580933
 30-34 	34938.245212	18217.554905	16720.690307
 35-39 	29148.388514	15364.566736	13783.821778
 40-44 	24046.064964	12637.164893	11408.900071
 45-49 	19871.832333	10463.313419	9408.518915
 50-54 	16298.473841	8679.130158	7619.343683
 55-59 	13167.281598	7102.578712	6064.702887
 60-64 	10272.890023	5685.763654	4587.126370
 65-69 	7606.533794	4217.942902	3388.590892
 70-74 	5014.673057	2720.519223	2294.153834
 75-79 	2812.355172	1517.663240	1294.691932
 80+ 	1816.527517	983.780258	832.747259
Total	503123.561724	260280.245075	242843.316649
1972			
 0-4	76772.875544	38916.751878	37856.123666
 5-9	78217.309049	40108.558585	38108.750464
 10-14 	43610.057296	22297.188405	21312.868891
 15-19 	54595.662863	27925.895300	26669.767563
 20-24 	50654.393301	26001.900234	24652.493066
 25-29 	42416.028563	21796.359149	20619.669414
 30-34 	36152.897390	18802.878403	17350.018987
 35-39 	30181.182505	15903.743786	14277.438719
 40-44 	24947.105765	13136.985452	11810.120314
 45-49 	20568.160096	10818.434662	9749.725434
 50-54 	16907.430843	8984.859258	7922.571585
 55-59 	13647.289767	7343.764544	6303.525223
 60-64 	10659.840654	5869.291660	4790.548994
 65-69 	7861.423479	4376.067614	3485.355865
 70-74 	5196.119352	2831.142141	2364.977211
 75-79 	2870.588290	1549.315134	1321.273157
 80+ 	1807.551542	981.456034	826.095508
Total	517065.916299	267644.592238	249421.324061
1973			
 0-4	77952.794005	39492.775236	38460.018769
 5-9	80584.646600	41362.378554	39222.268046
 10-14 	45111.544113	23119.493026	21992.051086
 15-19 	55286.345192	28350.274886	26936.070305
 20-24 	51043.235260	26298.293250	24744.942010
 25-29 	43307.919167	22247.907723	21060.011444
 30-34 	37312.417271	19358.815316	17953.601954
 35-39 	31198.168851	16424.193667	14773.975184
 40-44 	25853.464699	13640.620522	12212.844176
 45-49 	21265.899318	11180.906187	10084.993131
 50-54 	17512.317499	9288.102622	8224.214877
 55-59 	14129.807928	7586.945990	6542.861938
 60-64 	11052.514660	6053.300893	4999.213768
 65-69 	8124.174841	4531.368307	3592.806534
 70-74 	5388.160960	2949.958027	2438.202933
 75-79 	2949.753374	1593.286845	1356.466528
 80+ 	1820.580527	990.426870	830.153657
Total	529893.744264	274469.047922	255424.696342
1974			
 0-4	80098.538406	40600.283023	39498.255383
 5-9	81922.830694	42021.315339	39901.515354
 10-14 	46763.316715	24017.627187	22745.689528
 15-19 	56483.567921	29013.734087	27469.833835
 20-24 	51417.501828	26595.235421	24822.266407
 25-29 	44053.301755	22645.216319	21408.085436
 30-34 	38306.147293	19824.541447	18481.605846
 35-39 	32189.126318	16914.593981	15274.532337
 40-44 	26745.132019	14135.172829	12609.959190
 45-49 	21944.738399	11543.485727	10401.252673
 50-54 	18090.212629	9578.478760	8511.733870
 55-59 	14605.079929	7826.844856	6778.235073
 60-64 	11440.211131	6235.996647	5204.214485
 65-69 	8398.862851	4684.687997	3714.174854
 70-74 	5597.163890	3080.162713	2517.001177
 75-79 	3065.511648	1658.473157	1407.038491
 80+ 	1869.338489	1018.024809	851.313680
Total	542990.581916	281393.874298	261596.707618
1975			
 0-4	81226.597633	41138.081690	40088.515943
 5-9	84475.013779	43313.336748	41161.677031
 10-14 	48666.226636	25045.225116	23621.001521
 15-19 	58482.060643	30061.684579	28420.376064
 20-24 	52249.587725	27113.177369	25136.410356
 25-29 	44640.895168	22989.822170	21651.072998
 30-34 	39018.018358	20136.887704	18881.130653
 35-39 	33136.631417	17359.076513	15777.554904
 40-44 	27605.048436	14610.342504	12994.705932
 45-49 	22576.107173	11894.009939	10682.097235
 50-54 	18613.318888	9843.592612	8769.726276
 55-59 	15053.712150	8054.840670	6998.871480
 60-64 	11806.106728	6410.940525	5395.166204
 65-69 	8676.747670	4831.767453	3844.980217
 70-74 	5818.182222	3218.910945	2599.271277
 75-79 	3217.880347	1745.128736	1472.751612
 80+ 	1954.842054	1064.991080	889.850975
Total	557216.977030	288831.816352	268385.160678
1976			
 0-4	84108.888867	42618.610834	41490.278033
 5-9	85964.549226	43996.752396	41967.796831
 10-14 	50403.712044	25959.881739	24443.830305
 15-19 	61499.944288	31593.621163	29906.323126
 20-24 	53969.465970	28029.346080	25940.119889
 25-29 	45332.285761	23404.825486	21927.460274
 30-34 	39468.450402	20314.264750	19154.185651
 35-39 	34053.354323	17762.568886	16290.785437
 40-44 	28453.512761	15066.269560	13387.243201
 45-49 	23189.849137	12246.400073	10943.449064
 50-54 	19094.391972	10087.124107	9007.267864
 55-59 	15490.924545	8274.728705	7216.195840
 60-64 	12156.061690	6583.515294	5572.546396
 65-69 	8964.910005	4972.494729	3992.415276
 70-74 	6044.075593	3361.150892	2682.924701
 75-79 	3401.303240	1850.757593	1550.545647
 80+ 	2070.347473	1127.688224	942.659248
Total	573666.027296	297250.000512	276416.026784
1977			
 0-4	86746.913009	43960.017698	42786.895310
 5-9	87926.305607	44921.745011	43004.560596
 10-14 	52269.594835	26930.776720	25338.818115
 15-19 	64937.221727	33349.790606	31587.431121
 20-24 	56502.975965	29335.131916	27167.844049
 25-29 	46040.658050	23852.956033	22187.702016
 30-34 	39725.661274	20395.385252	19330.276022
 35-39 	34903.247847	18112.441323	16790.806524
 40-44 	29284.540363	15500.870141	13783.670222
 45-49 	23771.006488	12588.443979	11182.562509
 50-54 	19532.821008	10314.141937	9218.679071
 55-59 	15899.809907	8480.876865	7418.933042
 60-64 	12484.289151	6748.295382	5735.993769
 65-69 	9244.153002	5103.713525	4140.439477
 70-74 	6265.138626	3498.013737	2767.124888
 75-79 	3593.790536	1963.156390	1630.634146
 80+ 	2203.540894	1200.341627	1003.199267
Total	591331.668288	306256.098143	285075.570145
1978			
 0-4	89503.078064	45364.954082	44138.123983
 5-9	90168.357531	45990.615601	44177.741931
 10-14 	53853.329078	27738.459072	26114.870006
 15-19 	68387.864925	35131.024380	33256.840545
 20-24 	59757.451683	30983.624728	28773.826955
 25-29 	46887.990233	24387.135218	22500.855015
 30-34 	39925.446451	20465.712843	19459.733609
 35-39 	35642.436075	18396.231481	17246.204594
 40-44 	30112.194073	15917.622768	14194.571305
 45-49 	24342.991237	12927.520683	11415.470553
 50-54 	19950.014905	10537.621050	9412.393855
 55-59 	16283.684363	8675.040858	7608.643505
 60-64 	12800.662812	6908.119459	5892.543353
 65-69 	9510.275763	5226.628085	4283.647678
 70-74 	6478.361055	3625.074810	2853.286245
 75-79 	3781.175359	2074.866543	1706.308816
 80+ 	2345.920460	1278.679187	1067.241272
Total	609731.234069	315628.930849	294102.303220
1979			
 0-4	92241.280087	46766.237210	45475.042877
 5-9	93398.247657	47610.851671	45787.395986
 10-14 	54401.688157	27959.401773	26442.286384
 15-19 	71628.366764	36825.553137	34802.813627
 20-24 	63514.166637	32873.801352	30640.365286
 25-29 	48039.474973	25090.774074	22948.700899
 30-34 	40221.139287	20633.527295	19587.611992
 35-39 	36255.242619	18624.667589	17630.575030
 40-44 	30938.285226	16314.212338	14624.072888
 45-49 	24928.149989	13270.875964	11657.274025
 50-54 	20363.529063	10768.042937	9595.486126
 55-59 	16648.984636	8860.430047	7788.554588
 60-64 	13114.482232	7066.770665	6047.711567
 65-69 	9766.565256	5345.450204	4421.115053
 70-74 	6687.777465	3742.826585	2944.950880
 75-79 	3960.763730	2184.137623	1776.626107
 80+ 	2498.025514	1363.241891	1134.783623
Total	628606.169293	325300.802355	303305.366938
1980			
 0-4	94921.090901	48140.324315	46780.766586
 5-9	95418.016984	48569.273013	46848.743971
 10-14 	56054.134848	28774.130169	27280.004679
 15-19 	74669.622903	38434.894939	36234.727964
 20-24 	67555.943677	34909.450941	32646.492735
 25-29 	49679.459287	26057.251875	23622.207411
 30-34 	40706.573019	20976.124815	19730.448204
 35-39 	36750.237319	18821.012706	17929.224613
 40-44 	31756.159429	16685.872473	15070.286956
 45-49 	25535.998620	13621.678969	11914.319651
 50-54 	20777.130749	11008.107303	9769.023446
 55-59 	16996.921439	9037.539836	7959.381603
 60-64 	13425.913688	7224.587361	6201.326327
 65-69 	10013.883875	5461.764754	4552.119121
 70-74 	6893.591100	3851.192183	3042.398916
 75-79 	4131.590533	2289.994510	1841.596023
 80+ 	2658.435993	1453.183737	1205.252256
Total	647944.704363	335316.383901	312628.320462
1981			
 0-4	97537.754082	49491.052496	48046.701586
 5-9	99005.311125	50400.489577	48604.821548
 10-14 	57122.839094	29259.914373	27862.924720
 15-19 	77384.731470	39869.082480	37515.648990
 20-24 	71647.436885	37006.577790	34640.859095
 25-29 	51830.428191	27300.570721	24529.857470
 30-34 	41475.786234	21563.785588	19912.000646
 35-39 	37132.435247	19014.388570	18118.046677
 40-44 	32541.535847	17035.381046	15506.154801
 45-49 	26141.592118	13975.148995	12166.443122
 50-54 	21180.468994	11267.457489	9913.011505
 55-59 	17309.105574	9206.903540	8102.202035
 60-64 	13724.683919	7382.908209	6341.775710
 65-69 	10241.961844	5579.609984	4662.351861
 70-74 	7095.279783	3950.988523	3144.291260
 75-79 	4289.848507	2390.899979	1898.948528
 80+ 	2826.824049	1548.594382	1278.229668
Total	668488.022963	346243.753742	322244.269221
1982			
 0-4	100129.394489	50827.332395	49302.062094
 5-9	102154.471375	52002.054834	50152.416541
 10-14 	58504.715155	29912.283781	28592.431374
 15-19 	80231.329105	41364.593947	38866.735158
 20-24 	75668.778189	39090.900550	36577.877640
 25-29 	54640.100847	28859.196727	25780.904120
 30-34 	42497.581491	22352.261170	20145.320321
 35-39 	37516.268440	19265.474042	18250.794398
 40-44 	33314.006588	17368.001151	15946.005438
 45-49 	26784.633308	14336.413972	12448.219335
 50-54 	21604.236952	11543.073638	10061.163313
 55-59 	17620.883649	9381.252896	8239.630753
 60-64 	14026.614282	7543.304295	6483.309987
 65-69 	10470.932290	5701.231015	4769.701275
 70-74 	7296.835948	4046.948594	3249.887353
 75-79 	4443.189742	2487.331247	1955.858495
 80+ 	2999.962442	1647.898038	1352.064404
Total	689903.934293	357729.552295	332174.381998
1983			
 0-4	102719.344350	52160.179473	50559.164877
 5-9	105414.684939	53671.038367	51743.646572
 10-14 	60098.802385	30678.742035	29420.060349
 15-19 	82962.707705	42781.882410	40180.825296
 20-24 	79509.551897	41103.508242	38406.043654
 25-29 	58055.044454	30683.551524	27371.492929
 30-34 	43759.269012	23288.234002	20471.035010
 35-39 	37969.254517	19606.738367	18362.516150
 40-44 	34043.379046	17678.679388	16364.699659
 45-49 	27477.105309	14707.389401	12769.715908
 50-54 	22062.542232	11837.907738	10224.634495
 55-59 	17946.042055	9569.730341	8376.311713
 60-64 	14331.896611	7705.955595	6625.941016
 65-69 	10709.427409	5829.006607	4880.420801
 70-74 	7498.455913	4142.327102	3356.128812
 75-79 	4596.037760	2579.664374	2016.373385
 80+ 	3175.534890	1750.175639	1425.359251
Total	712329.080484	369774.710605	342554.369879
1984			
 0-4	105309.525263	53493.696576	51815.828687
 5-9	108714.795623	55366.189537	53348.606086
 10-14 	62324.888732	31799.959800	30524.928932
 15-19 	85202.119274	43902.426591	41299.692683
 20-24 	83272.422380	43086.157510	40186.264870
 25-29 	61932.315481	32684.680423	29247.635057
 30-34 	45300.867523	24337.597074	20963.270449
 35-39 	38543.236551	20055.559613	18487.676939
 40-44 	34722.579697	17974.156096	16748.423600
 45-49 	28250.135026	15096.936989	13153.198037
 50-54 	22593.259200	12165.875098	10427.384102
 55-59 	18312.489330	9787.112987	8525.376343
 60-64 	14656.322985	7878.425506	6777.897479
 65-69 	10973.406412	5969.608061	5003.798351
 70-74 	7707.391663	4242.991732	3464.399931
 75-79 	4753.406489	2669.352440	2084.054049
 80+ 	3352.291732	1854.752485	1497.539247
Total	735921.453362	382365.478519	353555.974843
1985			
 0-4	107873.946345	54817.012685	53056.933660
 5-9	112060.576347	57087.870515	54972.705832
 10-14 	63867.259809	32547.977464	31319.282345
 15-19 	88117.666252	45373.802461	42743.863791
 20-24 	87181.561250	45150.739084	42030.822166
 25-29 	66111.951055	34783.445467	31328.505588
 30-34 	47255.499557	25528.324410	21727.175147
 35-39 	39267.063707	20619.198288	18647.865419
 40-44 	35355.540750	18265.970338	17089.570412
 45-49 	29144.758894	15519.285176	13625.473719
 50-54 	23244.168075	12546.745045	10697.423030
 55-59 	18752.985125	10048.830030	8704.155096
 60-64 	15022.685144	8071.537864	6951.147280
 65-69 	11281.576749	6131.577901	5149.998847
 70-74 	7934.826254	4355.248975	3579.577278
 75-79 	4920.565825	2759.072698	2161.493127
 80+ 	3530.868213	1961.685946	1569.182268
Total	760923.499352	395568.324345	365355.175007
1986			
 0-4	110169.717817	56000.990424	54168.727393
 5-9	115335.140436	58773.816451	56561.323985
 10-14 	66370.114332	33829.418790	32540.695542
 15-19 	89639.872643	46060.181891	43579.690752
 20-24 	90619.430899	46924.735275	43694.695624
 25-29 	70404.716890	36890.598166	33514.118724
 30-34 	49647.773389	26835.546964	22812.226425
 35-39 	40206.968973	21315.427641	18891.541332
 40-44 	35929.554203	18554.051993	17375.502210
 45-49 	30181.289159	15976.984447	14204.304712
 50-54 	24041.938760	12979.355203	11062.583558
 55-59 	19301.788726	10366.975859	8934.812867
 60-64 	15445.736068	8287.485630	7158.250438
 65-69 	11650.667208	6317.825127	5332.842081
 70-74 	8185.772001	4482.507354	3703.264647
 75-79 	5101.664084	2848.802033	2252.862051
 80+ 	3708.204431	2069.132561	1639.071869
Total	785940.350019	408513.835810	377426.514209
1987			
 0-4	112268.755813	57090.483111	55178.272702
 5-9	118483.204450	60397.398561	58085.805890
 10-14 	68549.434594	34940.096917	33609.337677
 15-19 	91585.815323	46964.377593	44621.437730
 20-24 	94152.665286	48733.765573	45418.899713
 25-29 	74604.363055	38946.880571	35657.482483
 30-34 	52545.511036	28306.729100	24238.781936
 35-39 	41285.628295	22087.440855	19198.187440
 40-44 	36455.514396	18861.293529	17594.220867
 45-49 	31266.093105	16443.204458	14822.888646
 50-54 	24932.348711	13445.027739	11487.320972
 55-59 	19918.940771	10721.595527	9197.345244
 60-64 	15898.884284	8522.250820	7376.633465
 65-69 	12053.647394	6519.402687	5534.244707
 70-74 	8453.440834	4620.098583	3833.342252
 75-79 	5292.239466	2940.383785	2351.855680
 80+ 	3887.030509	2176.653783	1710.376726
Total	811633.517321	421717.083192	389916.434130
1988			
 0-4	114197.451350	58094.915354	56102.535996
 5-9	121480.603299	61945.288489	59535.314810
 10-14 	70749.235395	36067.350558	34681.884837
 15-19 	93840.091394	48024.388912	45815.702482
 20-24 	97331.137297	50337.690513	46993.446784
 25-29 	78602.794758	40919.938796	37682.855962
 30-34 	55952.678869	29965.074738	25987.604132
 35-39 	42540.486274	22934.707745	19605.778528
 40-44 	36984.595412	19217.413160	17767.182252
 45-49 	32318.650489	16890.744708	15427.905782
 50-54 	25894.331318	13930.055203	11964.276115
 55-59 	20594.283556	11103.660025	9490.623531
 60-64 	16376.734854	8774.404448	7602.330406
 65-69 	12475.635719	6728.731477	5746.904242
 70-74 	8737.586388	4765.676028	3971.910360
 75-79 	5488.939524	3034.181145	2454.758379
 80+ 	4069.235371	2283.959368	1785.276003
Total	837634.471268	435018.180667	402616.290601
1989			
 0-4	116012.995073	59039.582036	56973.413037
 5-9	124300.147697	63404.829701	60895.317996
 10-14 	72905.571367	37174.786590	35730.784777
 15-19 	97225.894049	49710.868276	47515.025773
 20-24 	99298.957747	51248.360672	48050.597075
 25-29 	82460.888783	42850.336377	39610.552406
 30-34 	59766.767556	31788.143908	27978.623647
 35-39 	44046.053951	23875.605784	20170.448166
 40-44 	37577.028780	19651.712252	17925.316529
 45-49 	33270.180052	17302.366768	15967.813284
 50-54 	26906.036550	14419.860618	12486.175932
 55-59 	21321.560162	11506.686512	9814.873650
 60-64 	16876.966678	9043.177294	7833.789384
 65-69 	12904.522114	6939.778104	5964.744010
 70-74 	9038.092031	4917.735313	4120.356718
 75-79 	5689.370367	3130.320527	2559.049840
 80+ 	4256.211716	2390.979402	1865.232314
Total	863857.244674	448395.130136	415462.114539
1990			
 0-4	117705.353777	59921.719733	57783.634044
 5-9	126968.097780	64785.803456	62182.294324
 10-14 	75006.589578	38254.767714	36751.821864
 15-19 	99169.860902	50594.991004	48574.869898
 20-24 	102495.353478	52809.252494	49686.100984
 25-29 	86321.824121	44815.058573	41506.765548
 30-34 	63819.567607	33717.430242	30102.137365
 35-39 	45921.928136	24951.842026	20970.086109
 40-44 	38281.823366	20182.504665	18099.318700
 45-49 	34083.184259	17674.806505	16408.377755
 50-54 	27960.982753	14909.037370	13051.945382
 55-59 	22107.351834	11932.015178	10175.336656
 60-64 	17405.965256	9331.173787	8074.791469
 65-69 	13336.482042	7150.886562	6185.595479
 70-74 	9356.938593	5076.864263	4280.074330
 75-79 	5893.358087	3228.953736	2664.404351
 80+ 	4449.239599	2498.483900	1950.755699
Total	890283.901167	461835.591209	428448.309957
1991			
 0-4	119165.596947	60688.359220	58477.237728
 5-9	129453.569444	66068.957588	63384.611856
 10-14 	77023.413400	39292.361981	37731.051418
 15-19 	102694.805173	52342.106322	50352.698851
 20-24 	104059.874459	53441.568070	50618.306390
 25-29 	89554.480128	46446.802972	43107.677155
 30-34 	67884.901332	35676.651720	32208.249611
 35-39 	48175.988759	26153.445756	22022.543003
 40-44 	39168.851527	20838.876884	18329.974643
 45-49 	34705.929000	18000.825484	16705.103516
 50-54 	29023.573352	15382.574106	13640.999246
 55-59 	22930.801289	12361.355397	10569.445893
 60-64 	17963.501834	9636.939079	8326.562754
 65-69 	13757.031238	7353.345981	6403.685257
 70-74 	9691.666195	5239.264418	4452.401777
 75-79 	6097.022295	3329.649782	2767.372514
 80+ 	4648.458828	2605.710644	2042.748184
Total	915999.465201	474858.795404	441140.669796
1992			
 0-4	120496.302661	61385.199835	59111.102826
 5-9	131767.271767	67265.529188	64501.742580
 10-14 	78949.184898	40284.858431	38664.326466
 15-19 	105665.653725	53791.934945	51873.718780
 20-24 	106019.398639	54260.705395	51758.693244
 25-29 	92840.263464	48102.540913	44737.722552
 30-34 	71845.459266	37609.341260	34236.118006
 35-39 	50917.545617	27539.721886	23377.823731
 40-44 	40207.354690	21583.436175	18623.918514
 45-49 	35241.220749	18330.642866	16910.577883
 50-54 	30084.692185	15845.351045	14239.341140
 55-59 	23803.515923	12802.199324	11001.316600
 60-64 	18558.234017	9961.566698	8596.667319
 65-69 	14181.013953	7559.011543	6622.002410
 70-74 	10041.458681	5406.623882	4634.834799
 75-79 	6305.999446	3433.305391	2872.694055
 80+ 	4853.917792	2714.131625	2139.786167
Total	941778.487474	487876.100403	453902.387071
1993			
 0-4	121688.992157	62016.310963	59672.681194
 5-9	133931.090378	68378.857424	65552.232954
 10-14 	80786.364315	41232.237122	39554.127194
 15-19 	108737.077256	55312.360262	53424.716994
 20-24 	108285.131985	55227.808939	53057.323045
 25-29 	95715.005524	49521.645424	46193.360101
 30-34 	75608.751528	39469.077567	36139.673962
 35-39 	54148.845424	29121.015953	25027.829471
 40-44 	41427.352986	22410.150563	19017.202423
 45-49 	35768.812101	18701.910324	17066.901777
 50-54 	31095.016291	16284.295451	14810.720841
 55-59 	24727.423152	13254.430959	11472.992193
 60-64 	19195.470300	10306.148694	8889.321605
 65-69 	14616.380575	7774.732065	6841.648510
 70-74 	10400.860645	5577.089065	4823.771580
 75-79 	6524.408345	3540.892393	2983.515952
 80+ 	5065.368233	2824.520386	2240.847847
Total	967722.351195	500953.483551	466768.867644
1994			
 0-4	122782.732162	62585.555558	60197.176603
 5-9	135963.185352	69432.024535	66531.160817
 10-14 	82517.313319	42128.583795	40388.729525
 15-19 	111888.863869	56902.898980	54985.964889
 20-24 	111837.098036	56915.100254	54921.997782
 25-29 	97307.440320	50200.442168	47106.998152
 30-34 	79250.429409	41290.892677	37959.536731
 35-39 	57773.224025	30864.812271	26908.411754
 40-44 	42893.055607	23329.452460	19563.603147
 45-49 	36369.074803	19148.304230	17220.770573
 50-54 	32011.718932	16691.880937	15319.837995
 55-59 	25699.698487	13715.039296	11984.659191
 60-64 	19882.113987	10672.735742	9209.378245
 65-69 	15071.843201	8006.888006	7064.955195
 70-74 	10765.756254	5749.521087	5016.235167
 75-79 	6755.660703	3653.610247	3102.050455
 80+ 	5283.184846	2937.489455	2345.695391
Total	994052.393313	514225.231698	479827.161614
1995			
 0-4	123847.010126	63147.268424	60699.741702
 5-9	137807.041197	70381.682708	67425.358489
 10-14 	84157.803661	42976.755801	41181.047860
 15-19 	115110.118496	58560.924071	56549.194424
 20-24 	113988.842361	57843.347288	56145.495073
 25-29 	100260.718907	51598.570825	48662.148081
 30-34 	82912.707186	43148.722324	39763.984862
 35-39 	61629.897542	32708.376366	28921.521175
 40-44 	44711.733457	24376.138647	20335.594810
 45-49 	37091.329471	19686.453919	17404.875552
 50-54 	32803.643483	17064.140431	15739.503052
 55-59 	26716.306947	14181.061299	12535.245647
 60-64 	20625.760439	11064.237276	9561.523163
 65-69 	15554.789963	8259.535350	7295.254613
 70-74 	11133.874130	5923.383128	5210.491002
 75-79 	7001.784929	3772.531723	3229.253207
 80+ 	5508.343786	3053.351793	2454.991994
Total	1020861.706081	527746.481372	493115.224708
1996			
 0-4	124875.821720	63683.177443	61192.644277
 5-9	139510.088820	71265.682677	68244.406143
 10-14 	85764.458515	43806.318043	41958.140472
 15-19 	118435.310342	60308.960160	58126.350181
 20-24 	118271.139219	59985.440900	58285.698319
 25-29 	101901.582385	52246.879695	49654.702691
 30-34 	86129.138942	44761.049511	41368.089432
 35-39 	65583.548521	34609.992689	30973.555832
 40-44 	46922.171825	25551.716904	21370.454921
 45-49 	38036.410907	20355.904579	17680.506328
 50-54 	33463.286622	17408.022411	16055.264212
 55-59 	27776.360375	14656.170384	13120.189991
 60-64 	21429.337548	11479.434275	9949.903273
 65-69 	16081.377899	8543.878008	7537.499891
 70-74 	11503.920743	6099.651533	5404.269210
 75-79 	7266.483382	3899.091736	3367.391646
 80+ 	5741.819882	3173.106937	2568.712945
Total	1048692.257648	541834.477882	506857.779765
1997			
 0-4	125910.774145	64221.523379	61689.250767
 5-9	141109.234509	72091.764515	69017.469994
 10-14 	87282.723620	44592.280575	42690.443045
 15-19 	121731.499771	62052.956723	59678.543048
 20-24 	122127.516027	61932.011645	60195.504382
 25-29 	104069.593289	53159.380912	50910.212377
 30-34 	89465.677892	46428.925605	43036.752287
 35-39 	69478.086300	36498.283832	32979.802467
 40-44 	49613.458684	26908.020744	22705.437940
 45-49 	39141.747814	21112.408080	18029.339734
 50-54 	34055.828508	17757.610422	16298.218086
 55-59 	28846.683475	15129.110254	13717.573221
 60-64 	22287.458706	11912.230205	10375.228501
 65-69 	16647.769031	8851.019953	7796.749079
 70-74 	11881.316088	6282.413322	5598.902766
 75-79 	7545.695695	4031.810434	3513.885261
 80+ 	5986.347996	3297.493834	2688.854162
Total	1077181.411550	556259.244434	520922.167116
1998			
 0-4	126942.856675	64758.121353	62184.735322
 5-9	142600.807519	72864.933364	69735.874155
 10-14 	88707.750098	45325.006368	43382.743730
 15-19 	124977.959220	63769.137805	61208.821415
 20-24 	126203.746138	64032.825374	62170.920764
 25-29 	106639.206031	54274.924952	52364.281079
 30-34 	92448.524161	47888.099956	44560.424204
 35-39 	73221.656571	38331.235661	34890.420910
 40-44 	52794.480629	28459.256098	24335.224531
 45-49 	40430.708699	21951.164400	18479.544300
 50-54 	34654.212103	18149.370733	16504.841370
 55-59 	29879.299621	15585.074381	14294.225240
 60-64 	23201.066300	12360.407912	10840.658388
 65-69 	17258.103070	9180.070813	8078.032258
 70-74 	12272.891613	6476.769371	5796.122242
 75-79 	7835.902952	4169.070642	3666.832310
 80+ 	6244.904164	3427.667211	2817.236953
Total	1106314.075564	571003.136396	535310.939168
1999			
 0-4	127938.936766	65276.237759	62662.699007
 5-9	144028.091657	73593.856973	70434.234684
 10-14 	90047.405566	46019.658460	44027.747106
 15-19 	128106.878058	65418.335799	62688.542260
 20-24 	130340.724927	66185.165177	64155.559750
 25-29 	110513.705196	56112.416296	54401.288900
 30-34 	94190.526672	48623.583830	45566.942842
 35-39 	76870.272974	40135.227730	36735.045243
 40-44 	56369.062208	30173.054392	26196.007816
 45-49 	41941.486389	22874.631483	19066.854907
 50-54 	35320.261826	18611.332970	16708.928856
 55-59 	30822.891714	16010.544454	14812.347260
 60-64 	24153.506866	12814.188865	11339.318001
 65-69 	17905.830544	9527.073824	8378.756720
 70-74 	12681.248102	6685.873183	5995.374919
 75-79 	8134.457722	4309.823264	3824.634458
 80+ 	6519.850243	3564.650169	2955.200075
Total	1135885.137429	585935.654627	549949.482802
2000			
 0-4	128885.647163	65768.967823	63116.679340
 5-9	145427.515883	74319.017722	71108.498161
 10-14 	91262.738540	46643.775523	44618.963017
 15-19 	131060.923917	66966.978124	64093.945793
 20-24 	134428.547805	68309.474804	66119.073001
 25-29 	112996.463794	57168.738880	55827.724914
 30-34 	97258.808626	50050.683497	47208.125129
 35-39 	80538.695256	41969.757982	38568.937275
 40-44 	60173.339977	31983.667507	28189.672470
 45-49 	43748.999743	23904.216893	19844.782850
 50-54 	36078.544369	19151.119532	16927.424837
 55-59 	31633.256760	16394.213874	15239.042885
 60-64 	25120.968481	13261.885165	11859.083316
 65-69 	18578.750647	9887.142055	8691.608592
 70-74 	13103.354546	6909.596567	6193.757978
 75-79 	8439.651506	4453.612639	3986.038867
 80+ 	6812.144673	3708.963982	3103.180692
Total	1165548.351686	600851.812569	564696.539117
2001			
 0-4	129763.349347	66226.299626	63537.049721
 5-9	146752.097291	74999.780120	71752.317171
 10-14 	92384.863281	47221.126536	45163.736745
 15-19 	133749.280068	68365.386051	65383.894017
 20-24 	138336.505621	70314.272485	68022.233137
 25-29 	117422.202355	59281.025881	58141.176474
 30-34 	98922.452689	50653.315436	48269.137253
 35-39 	83684.801463	43509.318592	40175.482870
 40-44 	64029.655881	33825.194331	30204.461550
 45-49 	45848.752987	25020.332755	20828.420233
 50-54 	36985.532667	19788.992894	17196.539773
 55-59 	32273.303388	16726.553106	15546.750282
 60-64 	26073.401026	13689.879976	12383.521050
 65-69 	19254.908544	10245.465184	9009.443361
 70-74 	13537.482998	7149.164192	6388.318806
 75-79 	8746.800824	4598.629441	4148.171384
 80+ 	7122.971654	3861.106515	3261.865139
Total	1194888.362085	615475.843119	579412.518966
2002			
 0-4	130503.853703	66613.409348	63890.444354
 5-9	148037.348640	75660.274915	72377.073725
 10-14 	93441.405071	47760.624350	45680.780721
 15-19 	136191.414550	69626.324913	66565.089637
 20-24 	141974.905728	72157.258368	69817.647360
 25-29 	121305.231138	61091.549209	60213.681929
 30-34 	101030.393771	51451.848293	49578.545478
 35-39 	86884.055213	45057.835543	41826.219670
 40-44 	67803.825088	35634.735771	32169.089317
 45-49 	48347.699138	26278.483983	22069.215156
 50-54 	37981.939111	20480.312601	17501.626510
 55-59 	32818.830412	17047.537704	15771.292708
 60-64 	26988.463923	14093.149015	12895.314908
 65-69 	19935.294497	10600.548270	9334.746227
 70-74 	13976.845010	7396.964662	6579.880349
 75-79 	9058.362483	4748.340185	4310.022298
 80+ 	7450.352710	4020.157786	3430.194925
Total	1223730.220187	629719.354914	594010.865273
2003			
 0-4	131061.444742	66906.345517	64155.099225
 5-9	149261.965839	76289.893375	72972.072464
 10-14 	94410.434129	48258.615669	46151.818459
 15-19 	138458.808069	70779.132333	67679.675736
 20-24 	145326.510266	73829.980216	71496.530050
 25-29 	125261.633329	62942.199123	62319.434206
 30-34 	103453.945212	52382.144176	51071.801035
 35-39 	89658.221847	46346.927663	43311.294184
 40-44 	71404.485572	37369.013182	34035.472391
 45-49 	51273.050336	27697.485676	23575.564660
 50-54 	39087.713681	21216.460564	17871.253118
 55-59 	33341.977988	17392.034389	15949.943599
 60-64 	27828.414469	14458.423491	13369.990978
 65-69 	20627.379079	10950.614735	9676.764345
 70-74 	14422.293215	7649.895360	6772.397856
 75-79 	9375.368197	4904.963353	4470.404844
 80+ 	7792.565212	4185.086409	3607.478803
Total	1252046.211181	643559.215229	608486.995952
2004			
 0-4	131338.310856	67054.502729	64283.808127
 5-9	150399.303883	76875.235314	73524.068569
 10-14 	95306.948902	48714.296274	46592.652628
 15-19 	140578.969020	71844.470355	68734.498666
 20-24 	148349.115657	75308.276947	73040.838710
 25-29 	129121.213110	64733.583049	64387.630061
 30-34 	107073.736140	53954.822225	53118.913914
 35-39 	91128.264395	46862.682037	44265.582359
 40-44 	74879.497343	39048.470013	35831.027330
 45-49 	54552.570092	29251.201315	25301.368777
 50-54 	40356.510054	22003.466347	18353.043707
 55-59 	33904.828200	17786.794766	16118.033433
 60-64 	28557.325406	14775.078146	13782.247260
 65-69 	21329.953359	11288.832506	10041.120852
 70-74 	14876.566867	7905.631586	6970.935282
 75-79 	9698.197472	5069.798376	4628.399096
 80+ 	8148.620527	4355.433688	3793.186839
Total	1279599.931284	656832.575675	622767.355609
2005			
 0-4	131263.455404	67021.911228	64241.544176
 5-9	151402.385356	77391.994100	74010.391256
 10-14 	96153.963702	49151.068755	47002.894947
 15-19 	142481.332670	72778.202861	69703.129809
 20-24 	151035.134516	76568.029076	74467.105440
 25-29 	132783.294363	66396.022347	66387.272016
 30-34 	109223.613448	54687.022965	54536.590483
 35-39 	93829.831548	48005.762705	45824.068843
 40-44 	78336.166009	40728.850240	37607.315769
 45-49 	58039.138493	30878.530368	27160.608125
 50-54 	41886.015203	22870.334887	19015.680316
 55-59 	34533.809398	18240.153066	16293.656332
 60-64 	29143.117834	15034.628183	14108.489651
 65-69 	22034.214720	11606.940443	10427.274277
 70-74 	15342.785403	8163.323479	7179.461923
 75-79 	10026.479110	5242.950268	4783.528843
 80+ 	8517.494386	4530.862943	3986.631443
Total	1306032.231564	669296.587916	636735.643648
2006			
 0-4	130838.766661	66810.742112	64028.024549
 5-9	152195.530881	77801.210960	74394.319920
 10-14 	96913.512952	49538.077447	47375.435505
 15-19 	144082.641343	73537.524029	70545.117314
 20-24 	153323.398983	77542.908972	75780.490011
 25-29 	136113.988221	67822.811373	68291.176848
 30-34 	113166.255081	56373.844588	56792.410493
 35-39 	95053.080761	48262.805133	46790.275628
 40-44 	81216.888805	42069.804187	39147.084617
 45-49 	61550.686127	32503.066884	29047.619244
 50-54 	43685.596010	23797.681807	19887.914203
 55-59 	35279.755677	18765.254556	16514.501121
 60-64 	29548.257457	15222.727536	14325.529920
 65-69 	22715.188286	11889.435887	10825.752399
 70-74 	15812.512570	8412.547654	7399.964915
 75-79 	10361.484579	5425.673818	4935.810761
 80+ 	8897.280939	4710.748181	4186.532758
Total	1330754.825332	680486.865125	650267.960207
2007			
 0-4	130208.610432	66496.708424	63711.902008
 5-9	152621.748909	78022.291678	74599.457231
 10-14 	97618.134749	49897.864267	47720.270483
 15-19 	145477.626937	74185.652002	71291.974935
 20-24 	155322.297306	78348.351808	76973.945499
 25-29 	139093.198343	69036.812362	70056.385980
 30-34 	116519.311282	57732.925154	58786.386128
 35-39 	96670.471782	48681.860220	47988.611562
 40-44 	84119.458371	43397.053500	40722.404871
 45-49 	64994.901448	34095.002799	30899.898648
 50-54 	45881.573901	24856.670699	21024.903203
 55-59 	36106.081034	19335.033707	16771.047327
 60-64 	29871.726726	15397.018272	14474.708454
 65-69 	23372.118480	12145.285230	11226.833251
 70-74 	16290.520065	8654.317035	7636.203029
 75-79 	10698.214767	5611.628924	5086.585843
 80+ 	9288.265107	4896.820492	4391.444615
Total	1354154.259639	690791.296573	663362.963065
2008			
 0-4	129617.733427	66208.030327	63409.703100
 5-9	152591.079361	78009.237128	74581.842233
 10-14 	98254.968241	50223.795252	48031.172989
 15-19 	146688.268193	74756.713330	71931.554864
 20-24 	157148.588507	79068.277092	78080.311414
 25-29 	141755.636297	70078.530950	71677.105346
 30-34 	119934.735277	59133.576497	60801.158780
 35-39 	98594.712042	49231.692937	49363.019105
 40-44 	86585.127276	44455.618862	42129.508414
 45-49 	68295.718088	35625.958945	32669.759142
 50-54 	48510.740949	26076.446473	22434.294476
 55-59 	37042.284394	19949.084723	17093.199672
 60-64 	30195.479218	15602.841372	14592.637846
 65-69 	23978.609722	12371.295183	11607.314539
 70-74 	16785.372480	8890.248657	7895.123823
 75-79 	11036.611586	5798.149988	5238.461598
 80+ 	9689.836506	5089.954990	4599.881516
Total	1376705.501565	700569.452707	676136.048857
2009			
 0-4	129270.538000	66051.416586	63219.121414
 5-9	152122.459585	77772.531221	74349.928364
 10-14 	98802.641430	50505.348788	48297.292642
 15-19 	147799.439224	75288.886344	72510.552879
 20-24 	158935.461674	79829.273083	79106.188591
 25-29 	144152.905154	71019.677545	73133.227609
 30-34 	123321.669951	60542.425357	62779.244593
 35-39 	101769.186939	50475.439068	51293.747871
 40-44 	87795.206709	44774.056419	43021.150290
 45-49 	71540.519897	37146.331521	34394.188376
 50-54 	51531.040555	27455.215166	24075.825390
 55-59 	38162.982828	20629.103013	17533.879815
 60-64 	30606.021927	15885.376610	14720.645317
 65-69 	24525.071135	12574.676972	11950.394163
 70-74 	17307.481344	9122.830040	8184.651304
 75-79 	11379.298765	5984.102627	5395.196138
 80+ 	10101.109100	5290.416194	4810.692906
Total	1399123.034218	710347.106556	688775.927662
2010			
 0-4	129297.245653	66092.885108	63204.360545
 5-9	151310.737836	77361.732636	73949.005200
 10-14 	99218.248119	50720.034614	48498.213505
 15-19 	148898.936895	75851.493471	73047.443424
 20-24 	160706.566095	80657.432400	80049.133696
 25-29 	146386.764513	71943.831733	74442.932780
 30-34 	126649.171123	61954.788086	64694.383038
 35-39 	103634.687239	51005.414761	52629.272478
 40-44 	90312.289818	45779.888001	44532.401817
 45-49 	74879.225433	38740.127393	36139.098040
 50-54 	54839.920426	28962.217618	25877.702808
 55-59 	39585.762681	21417.814729	18167.947952
 60-64 	31156.175727	16270.002732	14886.172995
 65-69 	25012.516863	12766.033990	12246.482873
 70-74 	17869.035628	9356.633741	8512.401887
 75-79 	11730.919635	6170.029531	5560.890104
 80+ 	10521.127522	5497.779682	5023.347840
Total	1422009.331207	720548.140226	701461.190981
2011			
 0-4	129673.898553	66316.889515	63357.009038
 5-9	150387.545846	76896.975646	73490.570200
 10-14 	99469.297007	50852.550724	48616.746283
 15-19 	150039.253886	76469.686167	73569.567719
 20-24 	162643.838562	81707.232473	80936.606089
 25-29 	148650.935187	73007.879733	75643.055454
 30-34 	129971.661795	63431.112130	66540.549666
 35-39 	107577.426038	52726.921414	54850.504624
 40-44 	91565.933882	46063.777877	45502.156006
 45-49 	77859.918457	40140.141374	37719.777083
 50-54 	58354.961137	30589.522312	27765.438825
 55-59 	41378.335785	22337.872486	19040.463299
 60-64 	31949.551552	16807.121896	15142.429655
 65-69 	25461.084324	12967.818707	12493.265617
 70-74 	18484.736520	9601.506807	8883.229713
 75-79 	12096.643578	6355.160473	5741.483104
 80+ 	10951.381452	5713.317004	5238.064448
Total	1446516.403559	731985.486739	714530.916820
2012			
 0-4	130302.847319	66668.030152	63634.817167
 5-9	149601.729519	76507.517091	73094.212428
 10-14 	99452.908757	50847.565337	48605.343421
 15-19 	151137.867869	77076.001629	74061.866240
 20-24 	164633.088048	82835.756571	81797.331477
 25-29 	150883.270013	74147.944595	76735.325418
 30-34 	133110.823439	64852.543311	68258.280127
 35-39 	111125.867350	54271.902163	56853.965186
 40-44 	93330.464440	46598.497340	46731.967100
 45-49 	80973.555257	41598.100206	39375.455051
 50-54 	61923.090916	32261.652408	29661.438508
 55-59 	43612.717593	23421.836946	20190.880647
 60-64 	32890.123238	17430.579989	15459.543249
 65-69 	25908.160184	13199.343286	12708.816898
 70-74 	19134.672530	9853.521314	9281.151215
 75-79 	12482.304443	6541.278728	5941.025715
 80+ 	11391.418866	5935.354185	5456.064681
Total	1471894.909780	744047.425251	727847.484529
2013			
 0-4	131065.977684	67081.397064	63984.580620
 5-9	149104.764698	76271.184093	72833.580605
 10-14 	99130.991228	50685.038886	48445.952342
 15-19 	152112.765760	77616.680637	74496.085123
 20-24 	166576.568639	83970.946054	82605.622584
 25-29 	153125.579627	75357.252015	77768.327612
 30-34 	136040.761833	66200.672028	69840.089805
 35-39 	114860.580473	55952.003319	58908.577155
 40-44 	95475.060695	47321.556400	48153.504295
 45-49 	83717.754904	42830.067224	40887.687680
 50-54 	65438.461268	33927.925196	31510.536072
 55-59 	46307.907790	24686.192452	21621.715338
 60-64 	33974.946264	18121.301264	15853.645000
 65-69 	26399.261977	13485.779503	12913.482474
 70-74 	19783.837965	10104.305907	9679.532059
 75-79 	12898.802173	6732.784520	6166.017653
 80+ 	11844.167146	6165.042752	5679.124394
Total	1497858.190125	756510.129314	741348.060811
2014			
 0-4	131766.499602	67454.115756	64312.383845
 5-9	149002.320392	76240.878451	72761.441941
 10-14 	98561.867083	50395.128045	48166.739038
 15-19 	152894.935698	78049.318350	74845.617348
 20-24 	168423.783255	85041.503652	83382.279603
 25-29 	155396.519093	76639.712148	78756.806945
 30-34 	138739.191983	67470.169440	71269.022543
 35-39 	118603.812843	57660.968116	60942.844727
 40-44 	98878.399765	48744.783808	50133.615957
 45-49 	85228.557758	43334.139545	41894.418213
 50-54 	68930.771467	35600.239974	33330.531493
 55-59 	49401.305427	26114.287992	23287.017435
 60-64 	35239.226924	18878.107076	16361.119848
 65-69 	26977.725691	13849.073261	13128.652430
 70-74 	20400.626340	10349.020295	10051.606044
 75-79 	13354.023318	6932.813497	6421.209821
 80+ 	12313.939203	6404.417026	5909.522177
Total	1524113.505842	769158.676433	754954.829409
2015			
 0-4	132328.542122	67747.126789	64581.415333
 5-9	149285.420227	76409.889012	72875.531215
 10-14 	97847.455521	50031.356538	47816.098982
 15-19 	153474.566369	78369.707631	75104.858738
 20-24 	170167.175123	86058.541007	84108.634116
 25-29 	157625.482859	77928.646326	79696.836534
 30-34 	141266.521729	68695.224486	72571.297243
 35-39 	122261.474779	59342.502341	62918.972438
 40-44 	100983.478623	49453.267977	51530.210646
 45-49 	87999.990328	44494.278415	43505.711913
 50-54 	72499.138892	37330.970840	35168.168053
 55-59 	52779.915847	27667.349053	25112.566794
 60-64 	36775.008691	19729.128712	17045.879979
 65-69 	27666.987879	14299.074730	13367.913149
 70-74 	20963.454818	10585.862783	10377.592036
 75-79 	13854.471891	7144.219607	6710.252285
 80+ 	12805.777767	6655.629399	6150.148368
Total	1550584.863466	781942.775644	768642.087821
2016			
 0-4	132233.828456	67696.990483	64536.837973
 5-9	149587.556554	76587.269143	73000.287410
 10-14 	97103.624652	49651.395073	47452.229580
 15-19 	153737.367083	78512.200675	75225.166407
 20-24 	171553.480838	86853.236617	84700.244221
 25-29 	159651.332743	79130.322246	80521.010497
 30-34 	143511.563826	69814.239336	73697.324490
 35-39 	125572.271739	60850.191032	64722.080707
 40-44 	104819.010130	51137.509201	53681.500929
 45-49 	89193.541561	44754.453135	44439.088426
 50-54 	75436.591443	38711.324425	36725.267018
 55-59 	56190.328649	29240.097329	26950.231320
 60-64 	38522.378928	20623.261356	17899.117572
 65-69 	28457.563502	14822.937088	13634.626414
 70-74 	21408.753581	10790.572830	10618.180751
 75-79 	14369.867822	7352.340145	7017.527677
 80+ 	13296.882666	6904.885379	6391.997288
Total	1574645.944173	793433.225493	781212.718681
2017			
 0-4	132465.184755	67809.783435	64655.401320
 5-9	150198.201235	76917.184435	73281.016800
 10-14 	96610.443318	49406.670525	47203.772793
 15-19 	153852.887559	78578.624723	75274.262836
 20-24 	172909.980153	87619.357758	85290.622395
 25-29 	161792.480568	80395.340060	81397.140508
 30-34 	145837.962460	71037.073324	74800.889136
 35-39 	128817.398239	62344.472678	66472.925561
 40-44 	108437.475301	52724.914264	55712.561037
 45-49 	91048.924541	45336.609635	45712.314906
 50-54 	78623.074939	40203.775114	38419.299826
 55-59 	59753.032996	30907.006265	28846.026731
 60-64 	40749.917326	21703.410479	19046.506848
 65-69 	29419.075136	15445.462316	13973.612820
 70-74 	21883.921917	11038.886043	10845.035875
 75-79 	14946.793638	7585.722784	7361.070855
 80+ 	13841.780798	7177.901684	6663.879114
Total	1601188.534883	806232.195523	794956.339360
2018			
 0-4	132614.604632	67879.438047	64735.166584
 5-9	150809.765504	77241.308215	73568.457289
 10-14 	96349.842552	49285.367797	47064.474755
 15-19 	153687.602507	78498.141659	75189.460847
 20-24 	174063.790971	88262.097313	85801.693658
 25-29 	163817.132642	81599.193963	82217.938679
 30-34 	148127.049631	72283.440499	75843.609132
 35-39 	131806.763772	63727.987657	68078.776116
 40-44 	112207.821300	54422.053975	57785.767326
 45-49 	93245.599831	46082.769461	47162.830370
 50-54 	81411.633643	41453.310342	39958.323301
 55-59 	63251.592432	32560.184376	30691.408056
 60-64 	43402.640488	22945.931392	20456.709096
 65-69 	30497.598187	16121.736094	14375.862093
 70-74 	22391.752568	11331.958417	11059.794151
 75-79 	15527.053573	7820.093031	7706.960542
 80+ 	14423.305263	7462.421748	6960.883515
Total	1627635.549495	818977.433986	808658.115509
2019			
 0-4	132706.383887	67920.330396	64786.053491
 5-9	151277.978139	77485.357014	73792.621126
 10-14 	96338.474845	49294.612740	47043.862105
 15-19 	153200.686973	78251.211193	74949.475780
 20-24 	174985.271394	88768.026613	86217.244781
 25-29 	165695.455762	82697.642769	82997.812993
 30-34 	150404.280969	73572.655677	76831.625292
 35-39 	134531.008787	65010.863106	69520.145681
 40-44 	115961.948655	56133.254517	59828.694138
 45-49 	96661.497267	47506.313824	49155.183442
 50-54 	82961.733363	41974.949227	40986.784136
 55-59 	66718.471334	34213.988699	32504.482635
 60-64 	46426.672508	24338.182108	22088.490400
 65-69 	31733.888995	16853.761837	14880.127158
 70-74 	22975.195588	11689.989620	11285.205968
 75-79 	16084.681597	8049.431229	8035.250369
 80+ 	15048.478957	7759.132148	7289.346809
Total	1653712.109021	831519.702717	822192.406304
2020			
 0-4	132724.899445	67924.849331	64800.050114
 5-9	151578.883606	77637.873527	73941.010079
 10-14 	96531.937105	49409.556461	47122.380644
 15-19 	152361.681972	77823.702504	74537.979468
 20-24 	175637.548108	89122.585168	86514.962940
 25-29 	167413.495729	83701.750759	83711.744970
 30-34 	152590.382112	74835.769421	77754.612690
 35-39 	137039.381875	66222.723508	70816.658366
 40-44 	119597.614861	57799.123990	61798.490871
 45-49 	98767.612992	48212.797594	50554.815398
 50-54 	85729.007796	43129.419245	42599.588552
 55-59 	70246.189008	35917.204424	34328.984585
 60-64 	49710.412144	25841.189079	23869.223065
 65-69 	33211.955575	17665.817357	15546.138219
 70-74 	23649.941895	12118.735749	11531.206147
 75-79 	16600.485894	8270.487133	8329.998760
 80+ 	15723.329511	8069.485605	7653.843906
Total	1679114.759627	843703.070853	835411.688773
2021			
 0-4	132619.991781	67866.564394	64753.427387
 5-9	151714.370497	77702.013315	74012.357182
 10-14 	96804.346101	49562.935504	47241.410597
 15-19 	151236.262706	77250.347384	73985.915323
 20-24 	175959.005690	89296.260891	86662.744800
 25-29 	168861.919800	84532.776790	84329.143010
 30-34 	154679.287949	76071.531879	78607.756070
 35-39 	139386.792639	67399.555160	71987.237479
 40-44 	123034.856810	59376.939216	63657.917594
 45-49 	102762.587126	49978.540344	52784.046783
 50-54 	87114.490536	43489.842992	43624.647545
 55-59 	73305.130592	37355.807389	35949.323203
 60-64 	53129.091227	27417.391265	25711.699962
 65-69 	34958.038320	18554.953145	16403.085176
 70-74 	24461.391676	12635.484967	11825.906709
 75-79 	17060.178376	8482.657332	8577.521045
 80+ 	16448.337138	8393.274539	8055.062599
Total	1703536.078966	855366.876505	848169.202461
2022			
 0-4	132321.107338	67708.426172	64612.681167
 5-9	151705.783372	77690.033940	74015.749432
 10-14 	97067.255132	49707.415008	47359.840123
 15-19 	150003.519871	76625.252470	73378.267401
 20-24 	175820.162424	89228.363872	86591.798553
 25-29 	170067.328045	85215.823323	84851.504723
 30-34 	156666.344369	77252.514260	79413.830109
 35-39 	141586.659327	68556.108429	73030.550898
 40-44 	126175.612055	60818.274268	65357.337787
 45-49 	106290.566881	51519.132756	54771.434125
 50-54 	88914.959138	44046.493843	44868.465294
 55-59 	76417.678598	38805.800061	37611.878537
 60-64 	56560.397951	29012.952344	27547.445607
 65-69 	37061.845869	19566.947876	17494.897994
 70-74 	25357.400383	13203.721503	12153.678881
 75-79 	17504.995237	8708.644595	8796.350642
 80+ 	17211.662135	8727.619729	8484.042407
Total	1726733.278127	866393.524448	860339.753679
2023			
 0-4	131830.748161	67450.400741	64380.347420
 5-9	151546.270270	77599.123882	73947.146388
 10-14 	97260.134859	49811.488883	47448.645976
 15-19 	148860.268456	76050.415695	72809.852761
 20-24 	175153.280934	88886.607026	86266.673908
 25-29 	170997.225735	85736.917624	85260.308111
 30-34 	158478.592932	78341.685567	80136.907364
 35-39 	143691.661772	69706.276777	73985.384995
 40-44 	129011.949348	62124.794682	66887.154667
 45-49 	109925.391551	53147.164070	56778.227481
 50-54 	91015.006126	44746.299706	46268.706419
 55-59 	79107.249341	40001.928181	39105.321159
 60-64 	59907.474927	30583.564647	29323.910280
 65-69 	39547.925076	20720.595142	18827.329934
 70-74 	26345.706421	13812.385358	12533.321063
 75-79 	17972.832323	8968.443443	9004.388880
 80+ 	17992.428293	9066.110874	8926.317419
Total	1748644.146525	876754.202299	871889.944226
2024			
 0-4	131168.692343	67102.055665	64066.636678
 5-9	151222.493563	77422.610501	73799.883062
 10-14 	97319.268162	49842.959369	47476.308793
 15-19 	147991.045991	75620.826537	72370.219454
 20-24 	173990.729284	88290.060880	85700.668404
 25-29 	171632.506486	86090.525362	85541.981124
 30-34 	160098.685337	79303.203696	80795.481641
 35-39 	145738.461167	70875.564886	74862.896281
 40-44 	131542.940463	63311.000503	68231.939960
 45-49 	113505.679706	54770.694892	58734.984814
 50-54 	94281.040900	46093.314238	48187.726663
 55-59 	80555.177085	40474.200976	40080.976109
 60-64 	63204.032535	32144.352884	31059.679650
 65-69 	42366.379827	22004.757642	20361.622185
 70-74 	27465.465397	14464.540999	13000.924398
 75-79 	18497.665399	9278.505271	9219.160128
 80+ 	18773.324332	9404.518754	9368.805578
Total	1769353.587976	886493.693054	882859.894922
2025			
 0-4	130322.366675	66657.777744	63664.588931
 5-9	150753.606184	77169.467554	73584.138630
 10-14 	97258.266191	49809.779054	47448.487137
 15-19 	147474.403754	75376.496123	72097.907632
 20-24 	172420.954361	87486.101275	84934.853086
 25-29 	171957.202661	86272.790852	85684.411809
 30-34 	161529.620860	80156.215797	81373.405063
 35-39 	147665.546297	72004.042749	75661.503548
 40-44 	133830.589932	64412.425303	69418.164629
 45-49 	116940.475079	56335.863178	60604.611901
 50-54 	96241.708017	46731.678991	49510.029026
 55-59 	83179.888233	41555.879488	41624.008745
 60-64 	66544.923416	33745.190695	32799.732720
 65-69 	45415.152345	23384.933154	22030.219191
 70-74 	28795.738155	15183.830719	13611.907436
 75-79 	19092.126513	9643.788948	9448.337564
 80+ 	19546.300104	9742.686944	9803.613160
Total	1788968.868776	895668.948566	893299.920211
2026			
 0-4	129348.868881	66148.380094	63200.488786
 5-9	150119.603742	76829.078261	73290.525481
 10-14 	97098.017059	49724.136629	47373.880430
 15-19 	147234.046063	75275.776522	71958.269541
 20-24 	170665.251546	86590.545377	84074.706169
 25-29 	171951.041846	86277.391073	85673.650773
 30-34 	162694.796167	80840.899187	81853.896979
 35-39 	149494.105044	73104.895544	76389.209500
 40-44 	135952.667577	65476.503573	70476.164004
 45-49 	120170.465171	57810.359906	62360.105265
 50-54 	100043.945439	48398.854771	51645.090668
 55-59 	84439.369328	41857.887915	42581.481413
 60-64 	69423.879237	35086.989314	34336.889924
 65-69 	48584.619628	24830.417188	23754.202441
 70-74 	30368.083916	15972.039862	14396.044053
 75-79 	19795.471120	10079.403706	9716.067414
 80+ 	20306.609623	10082.154497	10224.455126
Total	1807690.841386	904385.713419	903305.127967
2027			
 0-4	128287.864568	65596.216463	62691.648105
 5-9	149297.651835	76390.618221	72907.033614
 10-14 	96876.200455	49605.988641	47270.211814
 15-19 	147180.750268	75269.409575	71911.340693
 20-24 	168996.650421	85745.628684	83251.021737
 25-29 	171517.164753	86057.778834	85459.385920
 30-34 	163643.460664	81391.838498	82251.622166
 35-39 	151239.318461	74160.177879	77079.140582
 40-44 	137941.186454	66526.257741	71414.928712
 45-49 	123116.086838	59154.719584	63961.367254
 50-54 	103394.689432	49850.507466	53544.181967
 55-59 	86116.001809	42357.768757	43758.233052
 60-64 	72359.746250	36442.660415	35917.085835
 65-69 	51767.894476	26295.688571	25472.205905
 70-74 	32263.540405	16870.813168	15392.727237
 75-79 	20569.435183	10557.915683	10011.519500
 80+ 	21085.457490	10440.741812	10644.715678
Total	1825653.099763	912714.729993	912938.369770
2028			
 0-4	127175.269870	65021.353819	62153.916051
 5-9	148321.878236	75873.447207	72448.431029
 10-14 	96593.172706	49455.470241	47137.702464
 15-19 	147208.220541	75299.771062	71908.449479
 20-24 	167604.579007	85049.143543	82555.435464
 25-29 	170620.095628	85598.189153	85021.906475
 30-34 	164367.332702	81807.338812	82559.993890
 35-39 	152850.473824	75144.197247	77706.276577
 40-44 	139867.483728	67584.953746	72282.529983
 45-49 	125787.647865	60379.550582	65408.097283
 50-54 	106869.529151	51397.689524	55471.839628
 55-59 	88102.901726	43006.776959	45096.124767
 60-64 	74901.446828	37562.501083	37338.945745
 65-69 	54884.354596	27745.210439	27139.144158
 70-74 	34507.366954	17899.333549	16608.033404
 75-79 	21425.007739	11072.516749	10352.490990
 80+ 	21906.901908	10832.713217	11074.188691
Total	1842993.663009	920730.156932	922263.506077
2029			
 0-4	126040.640423	64439.095045	61601.545378
 5-9	147225.548919	75296.815885	71928.733034
 10-14 	96225.557282	49260.343361	46965.213921
 15-19 	147147.982572	75278.788189	71869.194383
 20-24 	166637.532615	84576.076520	82061.456094
 25-29 	169308.665664	84925.924160	84382.741503
 30-34 	164859.306290	82087.923898	82771.382393
 35-39 	154321.597880	76027.668200	78293.929680
 40-44 	141777.852218	68682.867220	73094.984998
 45-49 	128194.608762	61504.176831	66690.431931
 50-54 	110319.588178	52955.182762	57364.405415
 55-59 	91244.369484	44293.264618	46951.104866
 60-64 	76268.427422	38000.656586	38267.770836
 65-69 	57972.956558	29197.081781	28775.874777
 70-74 	37057.147898	19049.648611	18007.499287
 75-79 	22398.237470	11627.614638	10770.622832
 80+ 	22787.569548	11268.477541	11519.092007
Total	1859787.589184	928471.605847	931315.983336
2030			
 0-4	124904.220346	63858.957672	61045.262674
 5-9	146005.377056	74661.427228	71343.949828
 10-14 	95784.875742	49025.877938	46758.997803
 15-19 	146953.292243	75182.146393	71771.145850
 20-24 	166115.861942	84334.909631	81780.952311
 25-29 	167673.714370	84089.399627	83584.314743
 30-34 	165106.303230	82231.082437	82875.220794
 35-39 	155658.204833	76830.788076	78827.416757
 40-44 	143615.142439	69762.934500	73852.207940
 45-49 	130401.235875	62565.050016	67836.185860
 50-54 	113659.601338	54472.269100	59187.332238
 55-59 	93153.315399	44914.446758	48238.868641
 60-64 	78804.897452	39042.735957	39762.161495
 65-69 	61127.293396	30700.197755	30427.095641
 70-74 	39824.259400	20292.881371	19531.378029
 75-79 	23557.416319	12243.930017	11313.486303
 80+ 	23726.670651	11749.191864	11977.478788
Total	1876071.682031	935958.226339	940113.455693
2031			
 0-4	123783.603742	63288.701020	60494.902722
 5-9	144717.274709	73996.876439	70720.398271
 10-14 	95261.069438	48747.024270	46514.045167
 15-19 	146622.259193	75010.426560	71611.832633
 20-24 	165891.673322	84245.949091	81645.724231
 25-29 	165927.399097	83199.454069	82727.945028
 30-34 	165082.789446	82227.660329	82855.129116
 35-39 	156781.587588	77493.254351	79288.333237
 40-44 	145396.690421	70836.775712	74559.914709
 45-49 	132481.192918	63607.360512	68873.832406
 50-54 	116830.712346	55917.003819	60913.708528
 55-59 	96869.818591	46539.521648	50330.296943
 60-64 	80046.377472	39349.419283	40696.958189
 65-69 	63866.286438	31972.193988	31894.092450
 70-74 	42711.663594	21602.254387	21109.409207
 75-79 	24931.553087	12924.165968	12007.387120
 80+ 	24742.676001	12283.314366	12459.361634
Total	1891944.627404	943241.355813	948703.271590
2032			
 0-4	122700.551125	62737.953978	59962.597147
 5-9	143389.211563	73317.296705	70071.914858
 10-14 	94640.747673	48417.993035	46222.754639
 15-19 	146178.017484	74777.204541	71400.812943
 20-24 	165836.300077	84239.436462	81596.863615
 25-29 	164321.649019	82387.275662	81934.373358
 30-34 	164685.393621	82027.493755	82657.899866
 35-39 	157732.101905	78044.806618	79687.295287
 40-44 	147131.116524	71883.600612	75247.515911
 45-49 	134460.262064	64650.889710	69809.372353
 50-54 	119750.887195	57248.719537	62502.167657
 55-59 	100174.574589	47970.324623	52204.249966
 60-64 	81719.887690	39862.365259	41857.522431
 65-69 	66681.657791	33269.456379	33412.201412
 70-74 	45625.929150	22938.120724	22687.808426
 75-79 	26587.644903	13701.951009	12885.693893
 80+ 	25824.864076	12860.590075	12964.274001
Total	1907440.796448	950335.478685	957105.317764
2033			
 0-4	121673.795659	62214.686886	59459.108773
 5-9	142042.761497	72632.320437	69410.441060
 10-14 	93942.554316	48049.951377	45892.602939
 15-19 	145643.711145	74495.933748	71147.777397
 20-24 	165829.053840	84251.140060	81577.913781
 25-29 	163016.858564	81735.548627	81281.309937
 30-34 	163868.099562	81609.324202	82258.775360
 35-39 	158492.213646	78478.888424	80013.325222
 40-44 	148761.018937	72874.430396	75886.588541
 45-49 	136402.200316	65715.307502	70686.892814
 50-54 	122424.856343	58474.926413	63949.929929
 55-59 	103620.133931	49503.586288	54116.547644
 60-64 	83707.616611	40526.064756	43181.551855
 65-69 	69144.558989	34355.873433	34788.685556
 70-74 	48496.999221	24269.152307	24227.846914
 75-79 	28547.037025	14592.928219	13954.108806
 80+ 	26993.377847	13482.736089	13510.641758
Total	1922606.847449	957262.799163	965344.048286
2034			
 0-4	120715.893833	61724.495696	58991.398137
 5-9	140707.012124	71954.734877	68752.277246
 10-14 	93184.090705	47653.468938	45530.621767
 15-19 	145048.850364	74182.901399	70865.948965
 20-24 	165708.465839	84197.510222	81510.955617
 25-29 	162140.044017	81308.208043	80831.835974
 30-34 	162667.963458	80994.431915	81673.531543
 35-39 	159046.943718	78791.808133	80255.135585
 40-44 	150274.198684	73777.305781	76496.892903
 45-49 	138347.169579	66827.710700	71519.458878
 50-54 	124856.821885	59611.982242	65244.839643
 55-59 	107058.701980	51055.145828	56003.556153
 60-64 	86803.556014	41796.397166	45007.158848
 65-69 	70519.286998	34814.077206	35705.209792
 70-74 	51362.669453	25612.133439	25750.536014
 75-79 	30774.592337	15590.630787	15183.961550
 80+ 	28287.800078	14160.267539	14127.532539
Total	1937504.061065	964053.209910	973450.851155
2035			
 0-4	119835.210268	61271.920005	58563.290262
 5-9	139405.211127	71294.310504	68110.900623
 10-14 	92363.682657	47228.937381	45134.745276
 15-19 	144412.883083	73847.817152	70565.065931
 20-24 	165455.791780	84069.521698	81386.270083
 25-29 	161702.254510	81108.936163	80593.318346
 30-34 	161165.698175	80225.925890	80939.772284
 35-39 	159378.438036	78978.480137	80399.957900
 40-44 	151672.144150	74609.888124	77062.256026
 45-49 	140235.888274	67930.705846	72305.182428
 50-54 	127106.866536	60693.984704	66412.881833
 55-59 	110405.469698	52574.931586	57830.538112
 60-64 	88755.419362	42453.521295	46301.898067
 65-69 	73016.435980	35847.198723	37169.237257
 70-74 	54310.908365	27012.467513	27298.440852
 75-79 	33197.081003	16671.620283	16525.460721
 80+ 	29765.701317	14912.820901	14852.880416
Total	1952185.084321	970732.987904	981452.096416
2036			
 0-4	119031.282839	60857.719699	58173.563141
 5-9	138153.302111	70657.666012	67495.636098
 10-14 	91515.192558	46793.779270	44721.413288
 15-19 	143696.255477	73469.843071	70226.412406
 20-24 	165081.252838	83874.599022	81206.653816
 25-29 	161553.635491	81057.187339	80496.448153
 30-34 	159560.949085	79408.292181	80152.656905
 35-39 	159456.413482	79027.236559	80429.176923
 40-44 	152873.324557	75310.886005	77562.438552
 45-49 	142081.896571	69034.065951	73047.830620
 50-54 	129243.876112	61763.784905	67480.091207
 55-59 	113600.245174	54030.674111	59569.571064
 60-64 	92428.564715	44058.960320	48369.604394
 65-69 	74297.917099	36193.782041	38104.135058
 70-74 	56890.970752	28207.961274	28683.009479
 75-79 	35733.266105	17813.833885	17919.432220
 80+ 	31468.214278	15752.071477	15716.142801
Total	1966666.559245	977312.343120	989354.216125
2037			
 0-4	118288.933260	60475.416636	57813.516624
 5-9	136975.402053	70056.430784	66918.971269
 10-14 	90653.654641	46354.960638	44298.694003
 15-19 	142853.262381	73025.478588	69827.783794
 20-24 	164618.805980	83631.727164	80987.078816
 25-29 	161566.868455	81084.089916	80482.778538
 30-34 	158092.805368	78666.130506	79426.674862
 35-39 	159174.624205	78886.491490	80288.132715
 40-44 	153912.694626	75907.088895	78005.605731
 45-49 	143889.955019	70115.615118	73774.339901
 50-54 	131289.341335	62839.048912	68450.292423
 55-59 	116559.409754	55381.390984	61178.018770
 60-64 	95725.108724	45489.015700	50236.093023
 65-69 	76002.604768	36741.109258	39261.495511
 70-74 	59559.099156	29435.190199	30123.908958
 75-79 	38305.996613	18985.094995	19320.901618
 80+ 	33433.031374	16694.902846	16738.128528
Total	1980901.597710	983769.182627	997132.415083
2038			
 0-4	117607.386931	60125.642527	57481.744403
 5-9	135874.575878	69492.230763	66382.345114
 10-14 	89788.411808	45916.100556	43872.311252
 15-19 	141897.667792	72522.263283	69375.404509
 20-24 	164073.491097	83344.258742	80729.232354
 25-29 	161624.703219	81127.482843	80497.220376
 30-34 	156912.612417	78077.554641	78835.057775
 35-39 	158482.764992	78532.825267	79949.939725
 40-44 	154768.301527	76389.731330	78378.570197
 45-49 	145599.588219	71144.952116	74454.636103
 50-54 	133302.887084	63937.785321	69365.101763
 55-59 	119284.081310	56632.993109	62651.088201
 60-64 	99163.936459	47020.608246	52143.328213
 65-69 	78008.702901	37431.699069	40577.003832
 70-74 	61915.311824	30475.910714	31439.401110
 75-79 	40857.897235	20159.945032	20697.952204
 80+ 	35682.159260	17752.196403	17929.962856
Total	1994844.479953	990084.179966	1004760.299987
2039			
 0-4	116968.655349	59799.333930	57169.321419
 5-9	134853.217227	68967.148054	65886.069173
 10-14 	88935.797261	45484.135509	43451.661752
 15-19 	140844.868791	71969.495026	68875.373765
 20-24 	163438.304265	83009.067070	80429.237195
 25-29 	161568.383339	81105.242767	80463.140572
 30-34 	156140.862744	77703.147991	78437.714753
 35-39 	157410.314933	77983.675042	79426.639891
 40-44 	155419.834730	76752.336765	78667.497965
 45-49 	147194.256355	72088.312597	75105.943758
 50-54 	135319.880417	65084.782876	70235.097541
 55-59 	121773.854181	57799.520209	63974.333972
 60-64 	102600.583537	48572.343115	54028.240422
 65-69 	81053.180505	38686.153876	42367.026629
 70-74 	63277.313328	30946.043879	32331.269448
 75-79 	43423.423261	21353.492068	22069.931194
 80+ 	38206.404651	18922.961884	19283.442767
Total	2008429.134873	996227.192657	1012201.942216
2040			
 0-4	116356.532405	59488.155174	56868.377230
 5-9	133909.087313	68481.036869	65428.050444
 10-14 	88108.176855	45064.169155	43044.007700
 15-19 	139674.401773	71358.977749	68315.424024
 20-24 	162726.719926	82632.223679	80094.496247
 25-29 	161374.780267	81006.160238	80368.620029
 30-34 	155785.337924	77544.955440	78240.382484
 35-39 	156029.382460	77277.752226	78751.630235
 40-44 	155843.612806	76986.830954	78856.781852
 45-49 	148669.882353	72960.268318	75709.614035
 50-54 	137277.287604	66221.349561	71055.938043
 55-59 	124082.810684	58912.007327	65170.803357
 60-64 	105949.240906	50094.526900	55854.714006
 65-69 	83043.703462	39380.247371	43663.456092
 70-74 	65695.522844	31953.680821	33741.842022
 75-79 	46079.877854	22605.497902	23474.379952
 80+ 	40981.335950	20199.190279	20782.145671
Total	2021587.693388	1002167.029963	1019420.663424
2041			
 0-4	115756.746448	59184.404697	56572.341751
 5-9	133036.704583	68032.136904	65004.567679
 10-14 	87312.871208	44659.255825	42653.615383
 15-19 	138430.172371	70714.859749	67715.312623
 20-24 	161896.907869	82191.946535	79704.961334
 25-29 	161049.375049	80835.093550	80214.281499
 30-34 	155698.006041	77523.598805	78174.407236
 35-39 	154529.905044	76514.589636	78015.315409
 40-44 	156004.822775	77079.206321	78925.616454
 45-49 	149941.444400	73698.028782	76243.415618
 50-54 	139184.429694	67355.210031	71829.219663
 55-59 	126274.133022	60010.327627	66263.805395
 60-64 	109148.314192	51554.655939	57593.658253
 65-69 	86636.041277	40951.068188	45684.973089
 70-74 	66997.268225	32335.577555	34661.690669
 75-79 	48420.966017	23682.926757	24738.039260
 80+ 	43967.907595	21569.090622	22398.816973
Total	2034286.015812	1007891.977524	1026394.038289
2042			
 0-4	115167.278592	58886.633874	56280.644718
 5-9	132211.323882	67608.412500	64602.911382
 10-14 	86563.920444	44276.351862	42287.568582
 15-19 	137134.472677	70049.483237	67084.989440
 20-24 	160902.009235	81665.076500	79236.932735
 25-29 	160624.054268	80609.984742	80014.069526
 30-34 	155753.497966	77571.335200	78182.162766
 35-39 	153142.967143	75814.636707	77328.330436
 40-44 	155795.080204	76976.814488	78818.265716
 45-49 	151039.768153	74326.002204	76713.765949
 50-54 	141042.382490	68462.537401	72579.845089
 55-59 	128365.420970	61109.974152	67255.446818
 60-64 	112113.380168	52911.721958	59201.658210
 65-69 	89878.683400	42361.524516	47517.158884
 70-74 	68704.851683	32909.986616	35794.865068
 75-79 	50852.132347	24794.624142	26057.508204
 80+ 	47135.335905	23020.442683	24114.893222
Total	2046426.559527	1013355.542781	1033071.016746
2043			
 0-4	114587.709002	58594.206708	55993.502294
 5-9	131425.228873	67206.354678	64218.874194
 10-14 	85859.853435	43914.976981	41944.876453
 15-19 	135807.522059	69372.798153	66434.723905
 20-24 	159760.373252	81062.741105	78697.632147
 25-29 	160100.671231	80332.530805	79768.140426
 30-34 	155837.074191	77627.417025	78209.657165
 35-39 	152017.272327	75254.653693	76762.618633
 40-44 	155162.488516	76655.361405	78507.127111
 45-49 	151940.625881	74834.228417	77106.397464
 50-54 	142789.699433	69512.364710	73277.334723
 55-59 	130413.390325	62227.665740	68185.724585
 60-64 	114843.192212	54170.294520	60672.897692
 65-69 	93251.339665	43866.013557	49385.326109
 70-74 	70686.526710	33614.177241	37072.349468
 75-79 	53017.348654	25748.815352	27268.533303
 80+ 	50462.906938	24544.087246	25918.819692
Total	2057963.222702	1018538.687337	1039424.535364
2044			
 0-4	114010.733653	58303.223172	55707.510480
 5-9	130664.323518	66818.600579	63845.722939
 10-14 	85198.816720	43574.966854	41623.849866
 15-19 	134471.718428	68694.693931	65777.024497
 20-24 	158492.785832	80397.875329	78094.910503
 25-29 	159467.620581	79997.315750	79470.304831
 30-34 	155793.606732	77611.723211	78181.883522
 35-39 	151272.444926	74894.779623	76377.665302
 40-44 	154134.833676	76131.448285	78003.385391
 45-49 	152622.524480	75215.440962	77407.083519
 50-54 	144408.699118	70470.692451	73938.006668
 55-59 	132451.463225	63386.986098	69064.477128
 60-64 	117335.186784	55342.978071	61992.208714
 65-69 	96616.249785	45387.671239	51228.578546
 70-74 	73590.203168	34815.245533	38774.957636
 75-79 	54318.652749	26212.396500	28106.256249
 80+ 	53983.810449	26156.158711	27827.651738
Total	2068833.673824	1023412.196297	1045421.477527
2045			
 0-4	113428.849991	58009.747754	55419.102237
 5-9	129917.970608	66439.523850	63478.446758
 10-14 	84578.018770	43255.559147	41322.459623
 15-19 	133141.292922	68020.491910	65120.801012
 20-24 	157081.984026	79664.184633	77417.799393
 25-29 	158739.213268	79610.887832	79128.325435
 30-34 	155600.410247	77513.262004	78087.148244
 35-39 	150918.326108	74738.244867	76180.081242
 40-44 	152782.565821	75442.863205	77339.702616
 45-49 	153061.262827	75461.357068	77599.905759
 50-54 	145894.393418	71351.128044	74543.265374
 55-59 	134416.928686	64529.905098	69887.023588
 60-64 	119640.671718	56459.120876	63181.550841
 65-69 	99890.752420	46879.126042	53011.626378
 70-74 	75574.767626	35534.108765	40040.658862
 75-79 	56559.781620	27151.246125	29408.535495
 80+ 	57754.710801	27888.476494	29866.234308
Total	2078981.900877	1027949.233714	1051032.667163
2046			
 0-4	112831.473799	57708.215348	55123.258451
 5-9	129180.615630	66065.889562	63114.726068
 10-14 	83994.245154	42955.706831	41038.538323
 15-19 	131825.538318	67352.822601	64472.715717
 20-24 	155576.787066	78886.760548	76690.026518
 25-29 	157874.602218	79151.021067	78723.581151
 30-34 	155260.695972	77335.120573	77925.575399
 35-39 	150809.941258	74706.865557	76103.075701
 40-44 	151292.061081	74687.126135	76604.934947
 45-49 	153221.083082	75557.191953	77663.891129
 50-54 	147161.759125	72091.189690	75070.569435
 55-59 	136318.280067	65663.564696	70654.715371
 60-64 	121820.256971	57556.852641	64263.404329
 65-69 	103014.805417	48309.038621	54705.766795
 70-74 	78972.181481	37021.154144	41951.027337
 75-79 	57816.678495	27544.838994	30271.839500
 80+ 	61402.396922	29538.287383	31864.109539
Total	2088373.402056	1032131.646346	1056241.755710
2047			
 0-4	112219.487132	57398.989170	54820.497962
 5-9	128446.487841	65694.405802	62752.082039
 10-14 	83432.951495	42668.244844	40764.706650
 15-19 	130549.037494	66703.450863	63845.586631
 20-24 	154007.352749	78082.541284	75924.811465
 25-29 	156834.083938	78599.275790	78234.808148
 30-34 	154810.571136	77097.739050	77712.832086
 35-39 	150829.118684	74737.078093	76092.040591
 40-44 	149895.214746	73984.924392	75910.290354
 45-49 	152998.099688	75452.604537	77545.495150
 50-54 	148243.363127	72715.815071	75527.548056
 55-59 	138158.239615	66765.241505	71392.998110
 60-64 	123891.528853	58651.376222	65240.152631
 65-69 	105908.982679	49639.093805	56269.888874
 70-74 	82062.794522	38371.245568	43691.548954
 75-79 	59442.030312	28113.387650	31328.642663
 80+ 	65254.540674	31275.614787	33978.925887
Total	2096983.884686	1035951.028434	1061032.856252
2048			
 0-4	111596.273694	57083.675529	54512.598165
 5-9	127707.670979	65320.704153	62386.966827
 10-14 	82888.617442	42390.447217	40498.170225
 15-19 	129321.196660	66076.634267	63244.562393
 20-24 	152395.840790	77261.811161	75134.029628
 25-29 	155638.692402	77968.244898	77670.447504
 30-34 	154253.843297	76803.760553	77450.082744
 35-39 	150866.011460	74770.447394	76095.564066
 40-44 	148741.933229	73413.636912	75328.296317
 45-49 	152343.300870	75124.662707	77218.638163
 50-54 	149116.778477	73215.902573	75900.875904
 55-59 	139877.850482	67805.175537	72072.674945
 60-64 	125911.265264	59759.483642	66151.781622
 65-69 	108573.189879	50874.140744	57699.049135
 70-74 	85268.346725	39805.894303	45462.452422
 75-79 	61306.856279	28794.995049	32511.861230
 80+ 	69000.358324	32937.666740	36062.691584
Total	2104808.026252	1039407.283378	1065400.742874
2049			
 0-4	110961.354342	56762.060049	54199.294293
 5-9	126960.227562	64942.537448	62017.690114
 10-14 	82354.738762	42118.789074	40235.949688
 15-19 	128153.761454	65479.014897	62674.746557
 20-24 	150777.392315	76441.749443	74335.642872
 25-29 	154315.082723	77275.169056	77039.913666
 30-34 	153585.000428	76451.368930	77133.631498
 35-39 	150773.668073	74731.594498	76042.073574
 40-44 	147956.049486	73035.530591	74920.518894
 45-49 	151288.968440	74592.187997	76696.780443
 50-54 	149764.715981	73586.253049	76178.462932
 55-59 	141462.887033	68751.523564	72711.363469
 60-64 	127914.598114	60905.436260	67009.161854
 65-69 	111007.354069	52027.386519	58979.967550
 70-74 	88465.458090	41256.659995	47208.798094
 75-79 	63960.591081	29897.423031	34063.168050
 80+ 	72163.399566	34262.093461	37901.306105
Total	2111865.247520	1042516.777866	1069348.469654
2050			
 0-4	110306.100482	56429.200867	53876.899615
 5-9	126206.040595	64560.763932	61645.276663
 10-14 	81827.840534	41851.314832	39976.525702
 15-19 	127053.335449	64915.176150	62138.159299
 20-24 	149180.003863	75635.747137	73544.256725
 25-29 	152854.265499	76519.817276	76334.448223
 30-34 	152823.805873	76050.925311	76772.880562
 35-39 	150534.183573	74612.144590	75922.038984
 40-44 	147551.241935	72855.728318	74695.513616
 45-49 	149905.871799	73892.453495	76013.418304
 50-54 	150160.471925	73815.887417	76344.584507
 55-59 	142900.417659	69611.773134	73288.644525
 60-64 	129825.153429	62022.623782	67802.529647
 65-69 	113238.045979	53112.906074	60125.139905
 70-74 	91544.739768	42661.212807	48883.526960
 75-79 	65817.601169	30588.078643	35229.522526
 80+ 	76238.683615	36040.707025	40197.976589
Total	2117967.803143	1045176.460789	1072791.342354
