Need for ART by age			
	Vietnam_test		
 	Total	Male	Female
1970			
 0-4	0.000000	0.000000	0.000000
 5-9	0.000000	0.000000	0.000000
 10-14 	0.000000	0.000000	0.000000
 15-19 	0.000000	0.000000	0.000000
 20-24 	0.000000	0.000000	0.000000
 25-29 	0.000000	0.000000	0.000000
 30-34 	0.000000	0.000000	0.000000
 35-39 	0.000000	0.000000	0.000000
 40-44 	0.000000	0.000000	0.000000
 45-49 	0.000000	0.000000	0.000000
 50-54 	0.000000	0.000000	0.000000
 55-59 	0.000000	0.000000	0.000000
 60-64 	0.000000	0.000000	0.000000
 65-69 	0.000000	0.000000	0.000000
 70-74 	0.000000	0.000000	0.000000
 75-79 	0.000000	0.000000	0.000000
 80+ 	0.000000	0.000000	0.000000
Total	0.000000	0.000000	0.000000
1971			
 0-4	0.000000	0.000000	0.000000
 5-9	0.000000	0.000000	0.000000
 10-14 	0.000000	0.000000	0.000000
 15-19 	0.000000	0.000000	0.000000
 20-24 	0.000000	0.000000	0.000000
 25-29 	0.000000	0.000000	0.000000
 30-34 	0.000000	0.000000	0.000000
 35-39 	0.000000	0.000000	0.000000
 40-44 	0.000000	0.000000	0.000000
 45-49 	0.000000	0.000000	0.000000
 50-54 	0.000000	0.000000	0.000000
 55-59 	0.000000	0.000000	0.000000
 60-64 	0.000000	0.000000	0.000000
 65-69 	0.000000	0.000000	0.000000
 70-74 	0.000000	0.000000	0.000000
 75-79 	0.000000	0.000000	0.000000
 80+ 	0.000000	0.000000	0.000000
Total	0.000000	0.000000	0.000000
1972			
 0-4	0.000000	0.000000	0.000000
 5-9	0.000000	0.000000	0.000000
 10-14 	0.000000	0.000000	0.000000
 15-19 	0.000000	0.000000	0.000000
 20-24 	0.000000	0.000000	0.000000
 25-29 	0.000000	0.000000	0.000000
 30-34 	0.000000	0.000000	0.000000
 35-39 	0.000000	0.000000	0.000000
 40-44 	0.000000	0.000000	0.000000
 45-49 	0.000000	0.000000	0.000000
 50-54 	0.000000	0.000000	0.000000
 55-59 	0.000000	0.000000	0.000000
 60-64 	0.000000	0.000000	0.000000
 65-69 	0.000000	0.000000	0.000000
 70-74 	0.000000	0.000000	0.000000
 75-79 	0.000000	0.000000	0.000000
 80+ 	0.000000	0.000000	0.000000
Total	0.000000	0.000000	0.000000
1973			
 0-4	0.000000	0.000000	0.000000
 5-9	0.000000	0.000000	0.000000
 10-14 	0.000000	0.000000	0.000000
 15-19 	0.000000	0.000000	0.000000
 20-24 	0.000000	0.000000	0.000000
 25-29 	0.000000	0.000000	0.000000
 30-34 	0.000000	0.000000	0.000000
 35-39 	0.000000	0.000000	0.000000
 40-44 	0.000000	0.000000	0.000000
 45-49 	0.000000	0.000000	0.000000
 50-54 	0.000000	0.000000	0.000000
 55-59 	0.000000	0.000000	0.000000
 60-64 	0.000000	0.000000	0.000000
 65-69 	0.000000	0.000000	0.000000
 70-74 	0.000000	0.000000	0.000000
 75-79 	0.000000	0.000000	0.000000
 80+ 	0.000000	0.000000	0.000000
Total	0.000000	0.000000	0.000000
1974			
 0-4	0.000000	0.000000	0.000000
 5-9	0.000000	0.000000	0.000000
 10-14 	0.000000	0.000000	0.000000
 15-19 	0.000000	0.000000	0.000000
 20-24 	0.000000	0.000000	0.000000
 25-29 	0.000000	0.000000	0.000000
 30-34 	0.000000	0.000000	0.000000
 35-39 	0.000000	0.000000	0.000000
 40-44 	0.000000	0.000000	0.000000
 45-49 	0.000000	0.000000	0.000000
 50-54 	0.000000	0.000000	0.000000
 55-59 	0.000000	0.000000	0.000000
 60-64 	0.000000	0.000000	0.000000
 65-69 	0.000000	0.000000	0.000000
 70-74 	0.000000	0.000000	0.000000
 75-79 	0.000000	0.000000	0.000000
 80+ 	0.000000	0.000000	0.000000
Total	0.000000	0.000000	0.000000
1975			
 0-4	0.000000	0.000000	0.000000
 5-9	0.000000	0.000000	0.000000
 10-14 	0.000000	0.000000	0.000000
 15-19 	0.000000	0.000000	0.000000
 20-24 	0.000000	0.000000	0.000000
 25-29 	0.000000	0.000000	0.000000
 30-34 	0.000000	0.000000	0.000000
 35-39 	0.000000	0.000000	0.000000
 40-44 	0.000000	0.000000	0.000000
 45-49 	0.000000	0.000000	0.000000
 50-54 	0.000000	0.000000	0.000000
 55-59 	0.000000	0.000000	0.000000
 60-64 	0.000000	0.000000	0.000000
 65-69 	0.000000	0.000000	0.000000
 70-74 	0.000000	0.000000	0.000000
 75-79 	0.000000	0.000000	0.000000
 80+ 	0.000000	0.000000	0.000000
Total	0.000000	0.000000	0.000000
1976			
 0-4	0.000000	0.000000	0.000000
 5-9	0.000000	0.000000	0.000000
 10-14 	0.000000	0.000000	0.000000
 15-19 	0.000000	0.000000	0.000000
 20-24 	0.000000	0.000000	0.000000
 25-29 	0.000000	0.000000	0.000000
 30-34 	0.000000	0.000000	0.000000
 35-39 	0.000000	0.000000	0.000000
 40-44 	0.000000	0.000000	0.000000
 45-49 	0.000000	0.000000	0.000000
 50-54 	0.000000	0.000000	0.000000
 55-59 	0.000000	0.000000	0.000000
 60-64 	0.000000	0.000000	0.000000
 65-69 	0.000000	0.000000	0.000000
 70-74 	0.000000	0.000000	0.000000
 75-79 	0.000000	0.000000	0.000000
 80+ 	0.000000	0.000000	0.000000
Total	0.000000	0.000000	0.000000
1977			
 0-4	0.000000	0.000000	0.000000
 5-9	0.000000	0.000000	0.000000
 10-14 	0.000000	0.000000	0.000000
 15-19 	0.000000	0.000000	0.000000
 20-24 	0.000000	0.000000	0.000000
 25-29 	0.000000	0.000000	0.000000
 30-34 	0.000000	0.000000	0.000000
 35-39 	0.000000	0.000000	0.000000
 40-44 	0.000000	0.000000	0.000000
 45-49 	0.000000	0.000000	0.000000
 50-54 	0.000000	0.000000	0.000000
 55-59 	0.000000	0.000000	0.000000
 60-64 	0.000000	0.000000	0.000000
 65-69 	0.000000	0.000000	0.000000
 70-74 	0.000000	0.000000	0.000000
 75-79 	0.000000	0.000000	0.000000
 80+ 	0.000000	0.000000	0.000000
Total	0.000000	0.000000	0.000000
1978			
 0-4	0.000000	0.000000	0.000000
 5-9	0.000000	0.000000	0.000000
 10-14 	0.000000	0.000000	0.000000
 15-19 	0.000000	0.000000	0.000000
 20-24 	0.000000	0.000000	0.000000
 25-29 	0.000000	0.000000	0.000000
 30-34 	0.000000	0.000000	0.000000
 35-39 	0.000000	0.000000	0.000000
 40-44 	0.000000	0.000000	0.000000
 45-49 	0.000000	0.000000	0.000000
 50-54 	0.000000	0.000000	0.000000
 55-59 	0.000000	0.000000	0.000000
 60-64 	0.000000	0.000000	0.000000
 65-69 	0.000000	0.000000	0.000000
 70-74 	0.000000	0.000000	0.000000
 75-79 	0.000000	0.000000	0.000000
 80+ 	0.000000	0.000000	0.000000
Total	0.000000	0.000000	0.000000
1979			
 0-4	0.000000	0.000000	0.000000
 5-9	0.000000	0.000000	0.000000
 10-14 	0.000000	0.000000	0.000000
 15-19 	0.000000	0.000000	0.000000
 20-24 	0.000000	0.000000	0.000000
 25-29 	0.000000	0.000000	0.000000
 30-34 	0.000000	0.000000	0.000000
 35-39 	0.000000	0.000000	0.000000
 40-44 	0.000000	0.000000	0.000000
 45-49 	0.000000	0.000000	0.000000
 50-54 	0.000000	0.000000	0.000000
 55-59 	0.000000	0.000000	0.000000
 60-64 	0.000000	0.000000	0.000000
 65-69 	0.000000	0.000000	0.000000
 70-74 	0.000000	0.000000	0.000000
 75-79 	0.000000	0.000000	0.000000
 80+ 	0.000000	0.000000	0.000000
Total	0.000000	0.000000	0.000000
1980			
 0-4	0.000000	0.000000	0.000000
 5-9	0.000000	0.000000	0.000000
 10-14 	0.000000	0.000000	0.000000
 15-19 	0.000000	0.000000	0.000000
 20-24 	0.000000	0.000000	0.000000
 25-29 	0.000000	0.000000	0.000000
 30-34 	0.000000	0.000000	0.000000
 35-39 	0.000000	0.000000	0.000000
 40-44 	0.000000	0.000000	0.000000
 45-49 	0.000000	0.000000	0.000000
 50-54 	0.000000	0.000000	0.000000
 55-59 	0.000000	0.000000	0.000000
 60-64 	0.000000	0.000000	0.000000
 65-69 	0.000000	0.000000	0.000000
 70-74 	0.000000	0.000000	0.000000
 75-79 	0.000000	0.000000	0.000000
 80+ 	0.000000	0.000000	0.000000
Total	0.000000	0.000000	0.000000
1981			
 0-4	0.000000	0.000000	0.000000
 5-9	0.000000	0.000000	0.000000
 10-14 	0.000000	0.000000	0.000000
 15-19 	0.000000	0.000000	0.000000
 20-24 	0.000000	0.000000	0.000000
 25-29 	0.000000	0.000000	0.000000
 30-34 	0.000000	0.000000	0.000000
 35-39 	0.000000	0.000000	0.000000
 40-44 	0.000000	0.000000	0.000000
 45-49 	0.000000	0.000000	0.000000
 50-54 	0.000000	0.000000	0.000000
 55-59 	0.000000	0.000000	0.000000
 60-64 	0.000000	0.000000	0.000000
 65-69 	0.000000	0.000000	0.000000
 70-74 	0.000000	0.000000	0.000000
 75-79 	0.000000	0.000000	0.000000
 80+ 	0.000000	0.000000	0.000000
Total	0.000000	0.000000	0.000000
1982			
 0-4	0.000000	0.000000	0.000000
 5-9	0.000000	0.000000	0.000000
 10-14 	0.000000	0.000000	0.000000
 15-19 	0.000000	0.000000	0.000000
 20-24 	0.000000	0.000000	0.000000
 25-29 	0.000000	0.000000	0.000000
 30-34 	0.000000	0.000000	0.000000
 35-39 	0.000000	0.000000	0.000000
 40-44 	0.000000	0.000000	0.000000
 45-49 	0.000000	0.000000	0.000000
 50-54 	0.000000	0.000000	0.000000
 55-59 	0.000000	0.000000	0.000000
 60-64 	0.000000	0.000000	0.000000
 65-69 	0.000000	0.000000	0.000000
 70-74 	0.000000	0.000000	0.000000
 75-79 	0.000000	0.000000	0.000000
 80+ 	0.000000	0.000000	0.000000
Total	0.000000	0.000000	0.000000
1983			
 0-4	0.000000	0.000000	0.000000
 5-9	0.000000	0.000000	0.000000
 10-14 	0.000000	0.000000	0.000000
 15-19 	0.000000	0.000000	0.000000
 20-24 	0.000000	0.000000	0.000000
 25-29 	0.000000	0.000000	0.000000
 30-34 	0.000000	0.000000	0.000000
 35-39 	0.000000	0.000000	0.000000
 40-44 	0.000000	0.000000	0.000000
 45-49 	0.000000	0.000000	0.000000
 50-54 	0.000000	0.000000	0.000000
 55-59 	0.000000	0.000000	0.000000
 60-64 	0.000000	0.000000	0.000000
 65-69 	0.000000	0.000000	0.000000
 70-74 	0.000000	0.000000	0.000000
 75-79 	0.000000	0.000000	0.000000
 80+ 	0.000000	0.000000	0.000000
Total	0.000000	0.000000	0.000000
1984			
 0-4	0.005415	0.002774	0.002642
 5-9	0.000000	0.000000	0.000000
 10-14 	0.000000	0.000000	0.000000
 15-19 	0.000000	0.000000	0.000000
 20-24 	0.000000	0.000000	0.000000
 25-29 	0.000000	0.000000	0.000000
 30-34 	0.000000	0.000000	0.000000
 35-39 	0.000000	0.000000	0.000000
 40-44 	0.000000	0.000000	0.000000
 45-49 	0.000000	0.000000	0.000000
 50-54 	0.000000	0.000000	0.000000
 55-59 	0.000000	0.000000	0.000000
 60-64 	0.000000	0.000000	0.000000
 65-69 	0.000000	0.000000	0.000000
 70-74 	0.000000	0.000000	0.000000
 75-79 	0.000000	0.000000	0.000000
 80+ 	0.000000	0.000000	0.000000
Total	0.005415	0.002774	0.002642
1985			
 0-4	0.015753	0.008067	0.007686
 5-9	0.000000	0.000000	0.000000
 10-14 	0.000000	0.000000	0.000000
 15-19 	0.000000	0.000000	0.000000
 20-24 	0.000000	0.000000	0.000000
 25-29 	0.000000	0.000000	0.000000
 30-34 	0.000000	0.000000	0.000000
 35-39 	0.000000	0.000000	0.000000
 40-44 	0.000000	0.000000	0.000000
 45-49 	0.000000	0.000000	0.000000
 50-54 	0.000000	0.000000	0.000000
 55-59 	0.000000	0.000000	0.000000
 60-64 	0.000000	0.000000	0.000000
 65-69 	0.000000	0.000000	0.000000
 70-74 	0.000000	0.000000	0.000000
 75-79 	0.000000	0.000000	0.000000
 80+ 	0.000000	0.000000	0.000000
Total	0.015753	0.008067	0.007686
1986			
 0-4	0.033919	0.017368	0.016552
 5-9	0.000000	0.000000	0.000000
 10-14 	0.000000	0.000000	0.000000
 15-19 	0.000105	0.000088	0.000017
 20-24 	0.000587	0.000521	0.000066
 25-29 	0.002283	0.002076	0.000207
 30-34 	0.002208	0.002035	0.000173
 35-39 	0.002225	0.002058	0.000167
 40-44 	0.001588	0.001466	0.000122
 45-49 	0.002726	0.002499	0.000227
 50-54 	0.002504	0.002279	0.000225
 55-59 	0.001602	0.001457	0.000144
 60-64 	0.001148	0.001059	0.000088
 65-69 	0.000864	0.000810	0.000054
 70-74 	0.000664	0.000609	0.000054
 75-79 	0.000323	0.000301	0.000021
 80+ 	0.000043	0.000043	0.000000
Total	0.052789	0.034669	0.018117
1987			
 0-4	0.071507	0.036614	0.034893
 5-9	0.000000	0.000000	0.000000
 10-14 	0.000000	0.000000	0.000000
 15-19 	0.000515	0.000425	0.000090
 20-24 	0.004088	0.003587	0.000501
 25-29 	0.015613	0.014095	0.001518
 30-34 	0.016504	0.015133	0.001372
 35-39 	0.015128	0.013948	0.001180
 40-44 	0.010606	0.009761	0.000845
 45-49 	0.014654	0.013390	0.001263
 50-54 	0.014003	0.012693	0.001310
 55-59 	0.009370	0.008475	0.000896
 60-64 	0.006357	0.005821	0.000535
 65-69 	0.004798	0.004471	0.000327
 70-74 	0.003619	0.003325	0.000294
 75-79 	0.001971	0.001808	0.000162
 80+ 	0.000352	0.000351	0.000001
Total	0.189085	0.143897	0.045187
1988			
 0-4	0.152540	0.078127	0.074414
 5-9	0.000000	0.000000	0.000000
 10-14 	0.000000	0.000000	0.000000
 15-19 	0.001078	0.000877	0.000201
 20-24 	0.012128	0.010504	0.001624
 25-29 	0.047177	0.042274	0.004903
 30-34 	0.053235	0.048526	0.004709
 35-39 	0.047582	0.043735	0.003847
 40-44 	0.031721	0.029087	0.002634
 45-49 	0.038326	0.034921	0.003405
 50-54 	0.036023	0.032529	0.003494
 55-59 	0.025512	0.022955	0.002557
 60-64 	0.016526	0.015034	0.001493
 65-69 	0.012585	0.011658	0.000927
 70-74 	0.009236	0.008485	0.000751
 75-79 	0.005458	0.004953	0.000505
 80+ 	0.001144	0.001125	0.000019
Total	0.490271	0.384790	0.105483
1989			
 0-4	0.325954	0.167072	0.158882
 5-9	0.000000	0.000000	0.000000
 10-14 	0.000000	0.000000	0.000000
 15-19 	0.001702	0.001380	0.000322
 20-24 	0.027179	0.023344	0.003835
 25-29 	0.109434	0.097655	0.011779
 30-34 	0.129479	0.117618	0.011860
 35-39 	0.117369	0.107757	0.009613
 40-44 	0.075050	0.068738	0.006313
 45-49 	0.082745	0.075344	0.007401
 50-54 	0.074654	0.067340	0.007313
 55-59 	0.055467	0.049821	0.005646
 60-64 	0.035224	0.031952	0.003271
 65-69 	0.026939	0.024879	0.002060
 70-74 	0.019402	0.017835	0.001567
 75-79 	0.011969	0.010827	0.001142
 80+ 	0.002756	0.002678	0.000078
Total	1.095323	0.864240	0.231082
1990			
 0-4	0.687576	0.352805	0.334772
 5-9	0.000000	0.000000	0.000000
 10-14 	0.000000	0.000000	0.000000
 15-19 	0.003544	0.002886	0.000658
 20-24 	0.055134	0.047146	0.007987
 25-29 	0.232970	0.207330	0.025640
 30-34 	0.284046	0.257414	0.026632
 35-39 	0.266594	0.244516	0.022077
 40-44 	0.167960	0.153780	0.014180
 45-49 	0.172010	0.156481	0.015528
 50-54 	0.148741	0.134032	0.014709
 55-59 	0.113680	0.101984	0.011696
 60-64 	0.073081	0.066193	0.006888
 65-69 	0.055524	0.051187	0.004337
 70-74 	0.039923	0.036668	0.003256
 75-79 	0.024846	0.022470	0.002376
 80+ 	0.006014	0.005816	0.000198
Total	2.331643	1.840708	0.490934
1991			
 0-4	1.448172	0.743932	0.704241
 5-9	0.000000	0.000000	0.000000
 10-14 	0.000000	0.000000	0.000000
 15-19 	0.007807	0.006352	0.001455
 20-24 	0.113605	0.097099	0.016506
 25-29 	0.492623	0.437918	0.054704
 30-34 	0.613809	0.555672	0.058137
 35-39 	0.599494	0.549635	0.049859
 40-44 	0.383157	0.351050	0.032107
 45-49 	0.364756	0.331697	0.033059
 50-54 	0.305677	0.275387	0.030290
 55-59 	0.235565	0.211272	0.024292
 60-64 	0.157009	0.142198	0.014811
 65-69 	0.117453	0.108241	0.009213
 70-74 	0.085435	0.078425	0.007009
 75-79 	0.052580	0.047616	0.004964
 80+ 	0.013100	0.012648	0.000452
Total	4.990242	3.949142	1.041099
1992			
 0-4	2.974163	1.529242	1.444920
 5-9	0.000000	0.000000	0.000000
 10-14 	0.000000	0.000000	0.000000
 15-19 	0.017252	0.014091	0.003161
 20-24 	0.241472	0.206701	0.034771
 25-29 	1.056055	0.939168	0.116887
 30-34 	1.336960	1.210580	0.126380
 35-39 	1.351175	1.239160	0.112015
 40-44 	0.899531	0.825541	0.073990
 45-49 	0.788296	0.717094	0.071202
 50-54 	0.646450	0.582852	0.063598
 55-59 	0.492286	0.441804	0.050482
 60-64 	0.347136	0.314675	0.032461
 65-69 	0.252483	0.232839	0.019644
 70-74 	0.188155	0.172757	0.015398
 75-79 	0.113254	0.102745	0.010509
 80+ 	0.029154	0.028154	0.000999
Total	10.733822	8.557403	2.176417
1993			
 0-4	5.883041	3.026787	2.856254
 5-9	0.000000	0.000000	0.000000
 10-14 	0.000000	0.000000	0.000000
 15-19 	0.037094	0.030382	0.006712
 20-24 	0.518965	0.445066	0.073900
 25-29 	2.277595	2.027759	0.249836
 30-34 	2.917809	2.644355	0.273454
 35-39 	3.030040	2.780461	0.249580
 40-44 	2.123850	1.952942	0.170908
 45-49 	1.722986	1.568536	0.154450
 50-54 	1.379980	1.245645	0.134335
 55-59 	1.024141	0.919968	0.104173
 60-64 	0.768791	0.697696	0.071095
 65-69 	0.543369	0.501577	0.041793
 70-74 	0.415851	0.381968	0.033883
 75-79 	0.244631	0.222281	0.022350
 80+ 	0.065139	0.062949	0.002190
Total	22.953282	18.508372	4.444913
1994			
 0-4	11.214543	5.772493	5.442051
 5-9	0.000000	0.000000	0.000000
 10-14 	0.000000	0.000000	0.000000
 15-19 	0.078448	0.064384	0.014064
 20-24 	1.114025	0.956860	0.157166
 25-29 	4.901282	4.369040	0.532242
 30-34 	6.340553	5.752520	0.588033
 35-39 	6.734354	6.183896	0.550458
 40-44 	4.949509	4.558712	0.390797
 45-49 	3.817622	3.479684	0.337938
 50-54 	2.942477	2.658882	0.283595
 55-59 	2.120274	1.906350	0.213924
 60-64 	1.673804	1.520628	0.153176
 65-69 	1.169635	1.080652	0.088984
 70-74 	0.909193	0.835448	0.073745
 75-79 	0.528746	0.480937	0.047809
 80+ 	0.143769	0.139043	0.004726
Total	48.638234	39.759529	8.878708
1995			
 0-4	20.569767	10.591894	9.977873
 5-9	0.000000	0.000000	0.000000
 10-14 	0.000000	0.000000	0.000000
 15-19 	0.163040	0.134198	0.028842
 20-24 	2.375558	2.043981	0.331576
 25-29 	10.416134	9.297190	1.118945
 30-34 	13.616897	12.368933	1.247964
 35-39 	14.735580	13.543776	1.191805
 40-44 	11.247256	10.373721	0.873535
 45-49 	8.550318	7.809344	0.740975
 50-54 	6.214055	5.621918	0.592138
 55-59 	4.355464	3.920640	0.434824
 60-64 	3.535707	3.215903	0.319805
 65-69 	2.505613	2.317282	0.188331
 70-74 	1.945000	1.788636	0.156365
 75-79 	1.136889	1.034855	0.102034
 80+ 	0.310630	0.300561	0.010068
Total	101.677908	84.362832	17.315080
1996			
 0-4	36.521798	18.812336	17.709463
 5-9	0.000000	0.000000	0.000000
 10-14 	0.000000	0.000000	0.000000
 15-19 	0.332330	0.274490	0.057840
 20-24 	4.963548	4.278456	0.685092
 25-29 	21.765329	19.453809	2.311519
 30-34 	28.754325	26.153570	2.600755
 35-39 	31.586418	29.064708	2.521709
 40-44 	24.892775	22.988737	1.904038
 45-49 	19.221426	17.600588	1.620838
 50-54 	12.966357	11.746279	1.220078
 55-59 	8.842794	7.971138	0.871656
 60-64 	7.241608	6.594679	0.646929
 65-69 	5.311572	4.917581	0.393992
 70-74 	4.063396	3.740655	0.322741
 75-79 	2.415670	2.200381	0.215289
 80+ 	0.657363	0.636132	0.021231
Total	209.536709	176.433539	33.103170
1997			
 0-4	62.540945	32.225587	30.315358
 5-9	0.000000	0.000000	0.000000
 10-14 	0.000000	0.000000	0.000000
 15-19 	0.661558	0.547434	0.114124
 20-24 	10.109548	8.726909	1.382639
 25-29 	44.530332	39.841910	4.688422
 30-34 	59.407841	54.094815	5.313026
 35-39 	65.953140	60.747872	5.205269
 40-44 	53.459372	49.414899	4.044473
 45-49 	42.901225	39.379748	3.521478
 50-54 	26.551418	24.075140	2.476278
 55-59 	17.668225	15.944845	1.723380
 60-64 	14.299912	13.032386	1.267526
 65-69 	11.074694	10.260945	0.813750
 70-74 	8.235875	7.588771	0.647104
 75-79 	5.039162	4.591140	0.448022
 80+ 	1.358627	1.314661	0.043966
Total	423.791874	361.787062	62.004815
1998			
 0-4	102.033730	52.592036	49.441694
 5-9	0.000000	0.000000	0.000000
 10-14 	0.000000	0.000000	0.000000
 15-19 	1.255706	1.036816	0.218890
 20-24 	19.861460	17.143958	2.717502
 25-29 	88.255663	78.957360	9.298302
 30-34 	118.928288	108.327140	10.601148
 35-39 	132.773171	122.328632	10.444538
 40-44 	110.365241	102.029858	8.335383
 45-49 	92.763857	85.269168	7.494689
 50-54 	53.115151	48.162504	4.952647
 55-59 	34.240582	30.898150	3.342432
 60-64 	26.977208	24.573394	2.403815
 65-69 	22.200594	20.563418	1.637176
 70-74 	16.041639	14.782410	1.259229
 75-79 	10.134624	9.225145	0.909480
 80+ 	2.732056	2.641920	0.090136
Total	831.678970	718.531909	113.147061
1999			
 0-4	156.661139	80.772496	75.888642
 5-9	0.000000	0.000000	0.000000
 10-14 	0.000000	0.000000	0.000000
 15-19 	2.189397	1.789287	0.400110
 20-24 	36.931809	31.765013	5.166797
 25-29 	166.350176	148.462092	17.888084
 30-34 	226.499676	206.007224	20.492452
 35-39 	253.068121	232.849085	20.219036
 40-44 	215.261850	198.739523	16.522327
 45-49 	187.959176	172.639955	15.319221
 50-54 	102.577442	92.852351	9.725091
 55-59 	62.734833	56.451609	6.283224
 60-64 	47.843692	43.446779	4.396913
 65-69 	41.294902	38.154837	3.140065
 70-74 	29.494878	27.126515	2.368363
 75-79 	19.088555	17.317116	1.771439
 80+ 	5.280742	5.096943	0.183799
Total	1553.236388	1353.470825	199.765563
2000			
 0-4	226.332203	116.728462	109.603741
 5-9	0.000000	0.000000	0.000000
 10-14 	0.000000	0.000000	0.000000
 15-19 	3.367220	2.691260	0.675960
 20-24 	63.461905	54.095782	9.366122
 25-29 	292.047273	259.136225	32.911049
 30-34 	401.097538	363.272058	37.825480
 35-39 	447.384255	410.131989	37.252266
 40-44 	388.380966	357.344396	31.036569
 45-49 	347.097173	317.658923	29.438250
 50-54 	187.029285	168.589243	18.440042
 55-59 	106.010759	94.759793	11.250966
 60-64 	78.214884	70.554560	7.660324
 65-69 	69.127130	63.512784	5.614346
 70-74 	50.031794	45.790164	4.241629
 75-79 	32.767373	29.520305	3.247069
 80+ 	9.593381	9.224098	0.369283
Total	2701.943139	2363.010042	338.933096
2001			
 0-4	309.648914	159.753370	149.895543
 5-9	0.000000	0.000000	0.000000
 10-14 	0.000000	0.000000	0.000000
 15-19 	4.506613	3.472989	1.033624
 20-24 	99.390094	83.420734	15.969360
 25-29 	468.892117	411.950999	56.941118
 30-34 	654.825398	588.749433	66.075965
 35-39 	725.954238	661.361281	64.592957
 40-44 	640.450032	585.878420	54.571612
 45-49 	580.189289	527.581459	52.607830
 50-54 	315.943622	282.804084	33.139537
 55-59 	163.987356	145.022447	18.964909
 60-64 	116.719246	104.173992	12.545254
 65-69 	103.457725	94.191621	9.266104
 70-74 	77.373440	70.241779	7.131661
 75-79 	50.773133	45.242659	5.530474
 80+ 	16.055481	15.340883	0.714598
Total	4328.166698	3779.186150	548.980546
2002			
 0-4	330.143637	170.380942	159.762696
 5-9	0.000000	0.000000	0.000000
 10-14 	0.000000	0.000000	0.000000
 15-19 	5.380502	3.945570	1.434932
 20-24 	141.575408	116.205420	25.369987
 25-29 	688.670415	596.652431	92.017984
 30-34 	985.054430	876.488884	108.565546
 35-39 	1084.340294	979.355223	104.985071
 40-44 	966.651077	877.279030	89.372047
 45-49 	883.515424	796.339170	87.176254
 50-54 	494.192746	438.198931	55.993815
 55-59 	233.572515	203.619622	29.952893
 60-64 	160.313739	141.054104	19.259635
 65-69 	139.465052	125.396365	14.068687
 70-74 	109.890893	98.656141	11.234753
 75-79 	71.335683	62.636987	8.698696
 80+ 	24.665347	23.355457	1.309889
Total	6318.767162	5509.564277	809.202885
2003			
 0-4	364.812877	188.467885	176.344992
 5-9	0.000000	0.000000	0.000000
 10-14 	0.000000	0.000000	0.000000
 15-19 	5.980300	4.150179	1.830121
 20-24 	185.009661	147.558831	37.450830
 25-29 	934.549801	795.551718	138.998082
 30-34 	1376.757618	1209.138461	167.619157
 35-39 	1508.243029	1347.955075	160.287954
 40-44 	1351.503036	1214.815630	136.687406
 45-49 	1244.824733	1110.353004	134.471729
 50-54 	718.524227	630.016118	88.508109
 55-59 	313.820517	269.119471	44.701046
 60-64 	205.925201	178.117130	27.808072
 65-69 	173.092468	153.285837	19.806632
 70-74 	144.636216	128.109062	16.527154
 75-79 	92.772548	80.047460	12.725088
 80+ 	34.978762	32.735550	2.243212
Total	8655.430994	7489.421411	1166.009584
2004			
 0-4	410.279676	212.431077	197.848599
 5-9	0.000000	0.000000	0.000000
 10-14 	0.000000	0.000000	0.000000
 15-19 	6.384469	4.209248	2.175221
 20-24 	224.911242	173.398915	51.512327
 25-29 	1187.549335	990.255762	197.293573
 30-34 	1809.366276	1565.409170	243.957106
 35-39 	1978.034513	1747.107402	230.927111
 40-44 	1777.268679	1580.695754	196.572925
 45-49 	1649.356030	1454.868262	194.487768
 50-54 	977.610412	846.806422	130.803990
 55-59 	408.378170	344.492889	63.885281
 60-64 	251.255937	213.263481	37.992456
 65-69 	202.962094	176.720600	26.241494
 70-74 	177.687556	155.043024	22.644532
 75-79 	114.454588	96.904156	17.550432
 80+ 	46.308001	42.739193	3.568808
Total	11221.806978	9604.345355	1617.461623
2005			
 0-4	444.606788	230.950800	213.655988
 5-9	0.274685	0.142910	0.131775
 10-14 	0.000000	0.000000	0.000000
 15-19 	6.620364	4.165598	2.454766
 20-24 	257.556936	191.212811	66.344125
 25-29 	1430.051436	1165.132615	264.918821
 30-34 	2262.774686	1926.242596	336.532090
 35-39 	2468.596736	2152.982304	315.614432
 40-44 	2227.070430	1959.079306	267.991125
 45-49 	2080.345720	1814.547253	265.798467
 50-54 	1257.601632	1075.879837	181.721794
 55-59 	521.989395	433.766604	88.222792
 60-64 	295.336062	245.796516	49.539545
 65-69 	229.282388	196.109194	33.173194
 70-74 	205.587081	176.581088	29.005993
 75-79 	136.206874	113.131870	23.075003
 80+ 	58.025781	52.724735	5.301046
Total	13881.926994	11738.446037	2143.480956
2006			
 0-4	499.095954	260.298630	238.797324
 5-9	1.558110	0.811389	0.746721
 10-14 	0.000000	0.000000	0.000000
 15-19 	6.774981	4.093246	2.681734
 20-24 	282.163495	201.444317	80.719178
 25-29 	1670.787732	1329.596204	341.191528
 30-34 	2752.729962	2307.260664	445.469298
 35-39 	3032.533331	2615.089542	417.443789
 40-44 	2750.380583	2397.301647	353.078935
 45-49 	2577.956608	2228.488171	349.468437
 50-54 	1593.810674	1350.808351	243.002323
 55-59 	674.166707	554.585356	119.581351
 60-64 	347.829799	284.757097	63.072703
 65-69 	259.015881	218.138144	40.877736
 70-74 	233.210300	197.650362	35.559938
 75-79 	161.815455	132.346785	29.468670
 80+ 	71.863424	64.307321	7.556103
Total	16915.692996	14146.977226	2768.715768
2007			
 0-4	629.690644	329.794300	299.896343
 5-9	7.376028	3.839217	3.536811
 10-14 	0.000000	0.000000	0.000000
 15-19 	7.007862	4.103138	2.904723
 20-24 	300.828087	205.740473	95.087614
 25-29 	1933.176080	1483.297464	449.878616
 30-34 	3341.197889	2723.859616	617.338273
 35-39 	3752.893927	3161.809755	591.084172
 40-44 	3435.226505	2932.437752	502.788753
 45-49 	3215.444387	2723.982594	491.461793
 50-54 	2061.016299	1706.281328	354.734971
 55-59 	907.649632	727.749875	179.899757
 60-64 	425.969847	336.870976	89.098870
 65-69 	303.369933	247.465148	55.904785
 70-74 	267.903879	220.778437	47.125442
 75-79 	199.030616	157.578055	41.452561
 80+ 	91.138319	79.078468	12.059852
Total	20878.919934	17044.666596	3834.253336
2008			
 0-4	631.403920	331.397666	300.006254
 5-9	27.851943	14.521855	13.330088
 10-14 	0.000000	0.000000	0.000000
 15-19 	7.221998	4.092354	3.129644
 20-24 	314.097364	205.978379	108.118985
 25-29 	2205.835856	1627.766436	578.069420
 30-34 	4045.497453	3194.838621	850.658832
 35-39 	4670.426985	3835.627547	834.799438
 40-44 	4335.396976	3617.159253	718.237723
 45-49 	4026.244171	3341.750525	684.493647
 50-54 	2703.951118	2184.719892	519.231226
 55-59 	1249.347449	976.148152	273.199297
 60-64 	542.459545	413.878642	128.580903
 65-69 	366.112032	288.389677	77.722355
 70-74 	311.368144	249.097064	62.271080
 75-79 	248.773626	190.650961	58.122665
 80+ 	118.816058	99.269377	19.546681
Total	25804.804638	20575.286401	5229.518238
2009			
 0-4	658.831360	345.467459	313.363901
 5-9	69.880343	36.539091	33.341253
 10-14 	0.000000	0.000000	0.000000
 15-19 	7.607679	4.158094	3.449585
 20-24 	320.800880	203.084946	117.715935
 25-29 	2481.819657	1771.598155	710.221502
 30-34 	4890.878670	3757.603775	1133.274894
 35-39 	5855.050830	4711.094837	1143.955993
 40-44 	5529.912134	4534.437788	995.474346
 45-49 	5084.600039	4161.793367	922.806672
 50-54 	3591.156711	2857.207168	733.949543
 55-59 	1735.603786	1334.813960	400.789827
 60-64 	722.365819	538.428579	183.937239
 65-69 	453.549209	347.679307	105.869902
 70-74 	368.908356	288.698778	80.209578
 75-79 	311.534909	233.739829	77.795080
 80+ 	159.300864	128.757963	30.542901
Total	32241.801246	25255.103096	6986.698151
2010			
 0-4	692.089649	362.803627	329.286021
 5-9	137.947341	72.237895	65.709446
 10-14 	0.257687	0.134678	0.123009
 15-19 	104.848421	56.710601	48.137821
 20-24 	1983.314102	1239.997170	743.316931
 25-29 	7790.500263	5451.835497	2338.664766
 30-34 	13135.615293	9938.518253	3197.097039
 35-39 	15290.792534	12160.383604	3130.408930
 40-44 	13298.687603	10801.416893	2497.270710
 45-49 	10618.666945	8611.115954	2007.550991
 50-54 	6956.712639	5483.800395	1472.912244
 55-59 	3509.554847	2678.310922	831.243924
 60-64 	1465.146573	1085.088455	380.058117
 65-69 	853.624486	647.272955	206.351531
 70-74 	677.108053	522.214818	154.893235
 75-79 	578.860816	430.552591	148.308225
 80+ 	296.645077	237.666059	58.979019
Total	77390.372329	59780.060367	17610.311959
2011			
 0-4	728.351384	381.606456	346.744928
 5-9	230.281113	120.623030	109.658083
 10-14 	1.466051	0.766951	0.699100
 15-19 	99.430914	53.532086	45.898828
 20-24 	1875.830848	1149.510582	726.320266
 25-29 	7818.300732	5350.114819	2468.185913
 30-34 	14031.643672	10407.468828	3624.174843
 35-39 	16896.951972	13248.791188	3648.160784
 40-44 	14994.912785	12052.051869	2942.860916
 45-49 	12099.890879	9747.328540	2352.562340
 50-54 	8271.385845	6493.242915	1778.142930
 55-59 	4331.273706	3289.867393	1041.406314
 60-64 	1849.497703	1361.470447	488.027256
 65-69 	976.552637	728.330504	248.222133
 70-74 	738.433727	562.790771	175.642957
 75-79 	636.354420	469.136582	167.217838
 80+ 	364.075558	284.760729	79.314829
Total	85944.633946	65701.393690	20243.240258
2012			
 0-4	770.171509	402.937125	367.234384
 5-9	346.019098	181.553299	164.465799
 10-14 	6.967273	3.635118	3.332154
 15-19 	96.717660	52.356519	44.361141
 20-24 	1763.448591	1067.052259	696.396332
 25-29 	7688.230204	5150.125707	2538.104496
 30-34 	14677.024407	10664.976233	4012.048175
 35-39 	18251.360555	14086.138321	4165.222234
 40-44 	16589.000840	13175.692015	3413.308826
 45-49 	13499.140906	10786.258364	2712.882542
 50-54 	9553.907145	7465.452001	2088.455144
 55-59 	5202.342247	3929.959317	1272.382929
 60-64 	2315.840564	1695.834218	620.006345
 65-69 	1106.174424	810.711051	295.463372
 70-74 	797.431427	599.594418	197.837008
 75-79 	676.552674	494.084921	182.467753
 80+ 	435.520323	332.715153	102.805169
Total	93775.849847	70899.076039	22876.773803
2013			
 0-4	759.504901	397.237157	362.267744
 5-9	457.933842	240.423561	217.510281
 10-14 	26.377242	13.783487	12.593755
 15-19 	96.956904	52.429918	44.526986
 20-24 	1649.730806	992.110004	657.620802
 25-29 	7452.607010	4889.349673	2563.257337
 30-34 	15049.584897	10688.739785	4360.845112
 35-39 	19342.002076	14641.624039	4700.378037
 40-44 	18051.237487	14121.563355	3929.674132
 45-49 	14802.471796	11695.552164	3106.919632
 50-54 	10738.970866	8328.595305	2410.375561
 55-59 	6099.148732	4570.498823	1528.649908
 60-64 	2850.180615	2071.149039	779.031577
 65-69 	1253.575534	901.043904	352.531630
 70-74 	854.708901	631.535841	223.173059
 75-79 	701.625278	506.023681	195.601597
 80+ 	506.288231	377.361271	128.926960
Total	100692.905118	75119.021007	25573.884110
2014			
 0-4	632.368523	330.447909	301.920614
 5-9	566.107384	297.481148	268.626236
 10-14 	66.261785	34.781937	31.479848
 15-19 	101.332500	54.446179	46.886321
 20-24 	1532.387184	920.395668	611.991515
 25-29 	7137.698303	4609.302472	2528.395831
 30-34 	15127.596609	10516.421664	4611.174945
 35-39 	20123.867613	14953.046985	5170.820628
 40-44 	19315.139773	14895.176897	4419.962875
 45-49 	15952.629023	12476.190271	3476.438751
 50-54 	11756.301107	9058.044455	2698.256653
 55-59 	6977.762210	5198.672547	1779.089664
 60-64 	3408.547349	2462.306095	946.241254
 65-69 	1432.447355	1014.665688	417.781668
 70-74 	906.897745	658.951529	247.946216
 75-79 	714.798744	510.175018	204.623726
 80+ 	568.605059	414.840010	153.765049
Total	106320.748266	78405.346472	27915.401794
2015			
 0-4	460.717154	241.016442	219.700713
 5-9	644.659640	339.231294	305.428346
 10-14 	130.742196	68.955707	61.786488
 15-19 	110.493726	58.670353	51.823373
 20-24 	1403.229406	844.527804	558.701602
 25-29 	6783.111294	4337.852931	2445.258363
 30-34 	14972.063016	10218.391937	4753.671079
 35-39 	20704.342163	15119.945668	5584.396494
 40-44 	20478.149616	15586.971170	4891.178446
 45-49 	17000.413631	13173.944705	3826.468926
 50-54 	12654.751034	9695.228211	2959.522823
 55-59 	7846.325987	5824.351465	2021.974522
 60-64 	3978.713528	2861.218306	1117.495223
 65-69 	1663.071097	1167.070493	496.000603
 70-74 	960.188781	686.493817	273.694965
 75-79 	725.448865	513.167982	212.280883
 80+ 	621.381488	445.190291	176.191197
Total	111137.802622	81182.228576	29955.574046
2016			
 0-4	334.444825	175.015823	159.429002
 5-9	678.892406	357.975830	320.916576
 10-14 	218.097348	115.449722	102.647626
 15-19 	124.625687	65.584622	59.041066
 20-24 	1268.198906	765.628972	502.569934
 25-29 	6380.466339	4061.685213	2318.781126
 30-34 	14542.230380	9773.579587	4768.650794
 35-39 	20915.066441	15028.438865	5886.627576
 40-44 	21247.308193	15972.979978	5274.328216
 45-49 	17856.490995	13721.348094	4135.142901
 50-54 	13341.806655	10169.108930	3172.697726
 55-59 	8615.877383	6383.630250	2232.247133
 60-64 	4524.972274	3243.957364	1281.014910
 65-69 	1932.512745	1349.068606	583.444139
 70-74 	1010.288744	711.267160	299.021584
 75-79 	729.196441	511.583089	217.613351
 80+ 	660.234772	465.724800	194.509972
Total	114380.710534	82872.026905	31508.683632
2017			
 0-4	202.030356	105.889654	96.140702
 5-9	660.550866	349.345233	311.205632
 10-14 	327.360325	173.978392	153.381933
 15-19 	129.311463	67.871988	61.439475
 20-24 	1131.618572	684.544278	447.074294
 25-29 	5901.752007	3757.119821	2144.632186
 30-34 	13747.212414	9135.464313	4611.748101
 35-39 	20536.343801	14543.786340	5992.557461
 40-44 	21372.897374	15885.054515	5487.842859
 45-49 	18294.504462	13949.904450	4344.600012
 50-54 	13665.825690	10375.332631	3290.493059
 55-59 	9157.361717	6785.338717	2372.023000
 60-64 	4984.212809	3569.559411	1414.653398
 65-69 	2215.985177	1544.892705	671.092472
 70-74 	1046.911080	726.702374	320.208707
 75-79 	720.704251	502.041103	218.663148
 80+ 	678.002629	472.152152	205.850476
Total	114772.584993	82628.978077	32143.606915
2018			
 0-4	113.538799	59.382391	54.156408
 5-9	606.607119	321.978799	284.628320
 10-14 	432.999164	230.697156	202.302008
 15-19 	144.157959	75.689950	68.468010
 20-24 	1005.634458	608.530725	397.103732
 25-29 	5391.183461	3442.716112	1948.467349
 30-34 	12733.099321	8402.200854	4330.898468
 35-39 	19726.094005	13787.860089	5938.233916
 40-44 	20995.485326	15432.979678	5562.505648
 45-49 	18419.404539	13937.700885	4481.703655
 50-54 	13722.974682	10383.882212	3339.092470
 55-59 	9497.810309	7042.972016	2454.838293
 60-64 	5371.646057	3848.970315	1522.675742
 65-69 	2502.322420	1745.392530	756.929890
 70-74 	1086.941148	745.463641	341.477508
 75-79 	707.192685	488.919405	218.273280
 80+ 	680.226537	468.542885	211.683652
Total	113137.317989	81023.879643	32113.438349
2019			
 0-4	85.229859	44.400999	40.828860
 5-9	486.351913	259.125073	227.226840
 10-14 	534.972467	285.732101	249.240366
 15-19 	172.645945	90.945119	81.700826
 20-24 	903.392435	545.185445	358.206989
 25-29 	4878.941501	3125.946414	1752.995087
 30-34 	11653.043527	7655.585862	3997.457665
 35-39 	18657.996380	12871.474979	5786.521401
 40-44 	20297.496227	14735.775768	5561.720459
 45-49 	18348.360363	13756.951401	4591.408963
 50-54 	13614.430142	10254.793171	3359.636971
 55-59 	9691.248788	7182.849132	2508.399656
 60-64 	5716.546189	4098.085900	1618.460290
 65-69 	2778.380480	1937.162820	841.217660
 70-74 	1151.187577	781.853500	369.334077
 75-79 	694.633974	475.165249	219.468725
 80+ 	674.194219	459.378409	214.815810
Total	110339.051986	78560.411342	31778.640645
2020			
 0-4	74.922670	38.947449	35.975221
 5-9	351.983341	188.250937	163.732404
 10-14 	609.090769	326.111040	282.979729
 15-19 	220.258038	116.290061	103.967977
 20-24 	829.481756	498.763732	330.718024
 25-29 	4388.401816	2817.720172	1570.681644
 30-34 	10625.321275	6961.903122	3663.418152
 35-39 	17475.327479	11900.949620	5574.377859
 40-44 	19464.752821	13932.280806	5532.472015
 45-49 	18170.248362	13477.787417	4692.460945
 50-54 	13435.523930	10055.449309	3380.074621
 55-59 	9794.343866	7243.303968	2551.039898
 60-64 	6042.916837	4333.311381	1709.605456
 65-69 	3043.165492	2118.638946	924.526546
 70-74 	1252.301982	844.810060	407.491922
 75-79 	688.400606	464.482834	223.917771
 80+ 	665.685869	448.502436	217.183434
Total	107132.126909	75767.503290	31364.623618
2021			
 0-4	67.689421	35.120207	32.569213
 5-9	235.516729	126.254928	109.261801
 10-14 	641.268745	344.312587	296.956158
 15-19 	284.187989	150.889739	133.298250
 20-24 	785.609274	471.226053	314.383222
 25-29 	3932.665396	2530.186965	1402.478431
 30-34 	9719.299163	6364.844726	3354.454438
 35-39 	16277.865137	10959.620659	5318.244478
 40-44 	18620.665894	13128.257473	5492.408421
 45-49 	17856.058098	13088.744837	4767.313261
 50-54 	13324.657899	9896.716629	3427.941270
 55-59 	9847.291782	7257.397332	2589.894450
 60-64 	6357.349015	4561.597549	1795.751467
 65-69 	3311.390512	2302.258051	1009.132461
 70-74 	1390.917701	934.853594	456.064107
 75-79 	692.272392	460.094476	232.177916
 80+ 	657.945417	438.228774	219.716643
Total	104002.650564	73050.604579	30952.045987
2022			
 0-4	63.208766	32.748711	30.460054
 5-9	141.964743	75.987960	65.976783
 10-14 	624.075608	336.089278	287.986330
 15-19 	373.354563	199.427936	173.926626
 20-24 	755.884680	453.913948	301.970732
 25-29 	3523.035776	2272.187754	1250.848022
 30-34 	8942.114558	5865.301445	3076.813113
 35-39 	15115.082659	10088.171047	5026.911611
 40-44 	17785.199604	12351.261009	5433.938595
 45-49 	17435.145921	12623.337784	4811.808138
 50-54 	13279.016859	9776.971414	3502.045445
 55-59 	9868.731731	7244.263637	2624.468094
 60-64 	6647.405081	4774.115186	1873.289895
 65-69 	3586.909575	2492.194812	1094.714763
 70-74 	1567.546055	1052.647241	514.898814
 75-79 	705.798255	462.092928	243.705326
 80+ 	652.558925	429.641331	222.917594
Total	101067.033359	70530.353421	30536.679935
2023			
 0-4	58.603950	30.316836	28.287114
 5-9	73.021127	38.796129	34.224997
 10-14 	573.298343	309.785300	263.513043
 15-19 	459.253949	246.249857	213.004092
 20-24 	746.317346	448.840813	297.476533
 25-29 	3178.929358	2056.465840	1122.463518
 30-34 	8254.892564	5433.028415	2821.864149
 35-39 	14020.617644	9308.496847	4712.120797
 40-44 	16941.875975	11599.738772	5342.137202
 45-49 	16921.825834	12096.187631	4825.638203
 50-54 	13263.985205	9674.186092	3589.799113
 55-59 	9866.251501	7211.052411	2655.199091
 60-64 	6894.972141	4955.637037	1939.335104
 65-69 	3867.436436	2687.998678	1179.437759
 70-74 	1770.420516	1189.552419	580.868098
 75-79 	734.271039	474.719076	259.551963
 80+ 	649.520148	422.615231	226.904916
Total	98275.493076	68183.667384	30091.825692
2024			
 0-4	53.934340	27.858655	26.075685
 5-9	51.336059	27.039985	24.296073
 10-14 	459.848581	249.354860	210.493721
 15-19 	543.588644	292.293562	251.295081
 20-24 	759.648884	457.262395	302.386489
 25-29 	2917.723512	1893.906744	1023.816768
 30-34 	7613.580171	5035.482032	2578.098139
 35-39 	13025.816414	8634.367075	4391.449338
 40-44 	16081.448297	10874.841211	5206.607087
 45-49 	16345.873349	11532.261178	4813.612172
 50-54 	13246.422008	9565.919069	3680.502939
 55-59 	9839.021579	7156.969199	2682.052380
 60-64 	7090.678978	5097.281259	1993.397718
 65-69 	4150.837752	2889.032225	1261.805526
 70-74 	1982.651295	1333.265389	649.385905
 75-79 	786.055603	504.162310	281.893293
 80+ 	648.867214	417.056553	231.810661
Total	95597.332680	65988.353701	29608.978975
2025			
 0-4	49.359563	25.454900	23.904663
 5-9	46.486593	24.438282	22.048311
 10-14 	332.994779	181.143803	151.850976
 15-19 	606.404865	326.727261	279.677604
 20-24 	798.119430	479.579899	318.539531
 25-29 	2740.348417	1786.150877	954.197540
 30-34 	6995.372615	4653.886679	2341.485935
 35-39 	12148.180097	8068.863400	4079.316697
 40-44 	15196.847481	10175.790485	5021.056996
 45-49 	15750.538130	10965.754680	4784.783449
 50-54 	13193.991925	9431.094208	3762.897717
 55-59 	9792.965879	7084.647815	2708.318064
 60-64 	7233.666210	5196.602598	2037.063611
 65-69 	4431.379691	3091.385157	1339.994534
 70-74 	2193.897165	1476.592000	717.305165
 75-79 	865.625835	553.533058	312.092776
 80+ 	651.420766	413.486926	237.933841
Total	93027.599441	63935.132028	29092.467410
2026			
 0-4	45.074039	23.206996	21.867043
 5-9	42.380330	22.261192	20.119137
 10-14 	223.051328	121.420175	101.631153
 15-19 	636.557050	343.570616	292.986435
 20-24 	856.910408	513.428817	343.481591
 25-29 	2639.232460	1727.639023	911.593437
 30-34 	6400.442829	4285.872745	2114.570084
 35-39 	11391.365990	7604.555137	3786.810853
 40-44 	14304.632652	9513.798442	4790.834209
 45-49 	15161.793691	10419.909918	4741.883773
 50-54 	13032.909506	9216.452390	3816.457116
 55-59 	9787.754186	7037.702091	2750.052095
 60-64 	7328.611849	5256.298495	2072.313353
 65-69 	4698.549157	3287.534460	1411.014697
 70-74 	2406.994083	1622.146565	784.847519
 75-79 	970.911896	621.174638	349.737258
 80+ 	658.311864	412.705049	245.606815
Total	90585.483318	62029.676749	28555.806568
2027			
 0-4	44.296987	22.773338	21.523650
 5-9	39.212305	20.592596	18.619708
 10-14 	134.530966	73.053570	61.477396
 15-19 	625.782718	338.126789	287.655929
 20-24 	940.890073	560.994154	379.895919
 25-29 	2584.865641	1699.559764	885.305877
 30-34 	5856.118275	3947.626566	1908.491709
 35-39 	10738.886269	7221.035326	3517.850942
 40-44 	13438.896109	8909.615084	4529.281025
 45-49 	14575.521562	9896.714836	4678.806727
 50-54 	12778.305263	8936.837403	3841.467860
 55-59 	9814.107782	7006.080706	2808.027076
 60-64 	7386.858413	5286.368560	2100.489852
 65-69 	4940.856486	3467.996880	1472.859605
 70-74 	2623.056832	1771.069736	851.987096
 75-79 	1101.887513	707.084877	394.802636
 80+ 	669.951584	414.976392	254.975192
Total	88294.024778	60280.506577	28013.518199
2028			
 0-4	46.905914	24.103015	22.802899
 5-9	35.293068	18.525998	16.767070
 10-14 	69.183116	37.246892	31.936224
 15-19 	579.066773	313.474725	265.592048
 20-24 	1022.978333	607.456104	415.522229
 25-29 	2568.772401	1694.540900	874.231501
 30-34 	5403.125992	3666.052169	1737.073823
 35-39 	10145.004793	6879.521873	3265.482920
 40-44 	12638.977444	8385.240170	4253.737274
 45-49 	13985.956278	9397.033811	4588.922467
 50-54 	12452.042557	8609.191039	3842.851518
 55-59 	9855.526211	6979.426106	2876.100104
 60-64 	7421.589333	5296.626352	2124.962981
 65-69 	5149.392131	3624.136434	1525.255697
 70-74 	2842.272056	1924.016417	918.255639
 75-79 	1251.316019	806.105701	445.210318
 80+ 	690.754502	423.411159	267.343343
Total	86158.156921	58686.108865	27472.048055
2029			
 0-4	42.884990	22.036942	20.848048
 5-9	31.785394	16.666657	15.118737
 10-14 	48.653817	25.931658	22.722159
 15-19 	472.814692	256.472811	216.341881
 20-24 	1102.817279	652.379519	450.437761
 25-29 	2589.948064	1712.073343	877.874722
 30-34 	5067.265357	3458.796600	1608.468757
 35-39 	9560.205424	6541.211905	3018.993518
 40-44 	11934.538116	7953.348430	3981.189685
 45-49 	13392.589355	8924.440506	4468.148849
 50-54 	12082.548266	8255.870032	3826.678235
 55-59 	9894.418730	6946.325013	2948.093717
 60-64 	7436.880719	5289.703250	2147.177468
 65-69 	5320.117328	3751.255817	1568.861511
 70-74 	3064.383514	2081.323534	983.059980
 75-79 	1408.166876	910.474871	497.692005
 80+ 	726.543687	442.074939	284.468748
Total	84176.561608	57240.385827	26936.175781
2030			
 0-4	44.401637	22.787000	21.614637
 5-9	28.794608	15.070987	13.723620
 10-14 	44.033079	23.436529	20.596550
 15-19 	357.523362	194.222944	163.300418
 20-24 	1162.552081	685.988404	476.563676
 25-29 	2645.960618	1750.234074	895.726544
 30-34 	4851.453095	3329.858987	1521.594108
 35-39 	8961.419849	6186.146822	2775.273027
 40-44 	11335.557228	7612.583310	3722.973917
 45-49 	12793.735213	8480.151788	4313.583425
 50-54 	11704.667265	7903.643438	3801.023827
 55-59 	9909.554175	6893.813299	3015.740876
 60-64 	7439.523655	5269.327846	2170.195809
 65-69 	5453.601026	3848.365110	1605.235917
 70-74 	3285.798341	2240.601433	1045.196908
 75-79 	1565.546694	1015.554460	549.992234
 80+ 	780.471482	473.105641	307.365841
Total	82364.593408	55944.892072	26419.701334
2031			
 0-4	44.305959	22.739992	21.565966
 5-9	27.120956	14.155071	12.965886
 10-14 	40.118043	21.350065	18.767978
 15-19 	255.230556	138.816082	116.414474
 20-24 	1191.995773	702.831267	489.164506
 25-29 	2728.552646	1804.533829	924.018817
 30-34 	4743.238322	3271.214677	1472.023645
 35-39 	8354.643172	5816.353512	2538.289660
 40-44 	10836.664792	7350.471370	3486.193422
 45-49 	12201.582228	8071.841144	4129.741084
 50-54 	11336.962764	7568.980160	3767.982604
 55-59 	9844.626232	6782.332131	3062.294101
 60-64 	7474.992017	5268.168402	2206.823614
 65-69 	5553.163137	3917.345633	1635.817504
 70-74 	3498.859638	2396.534975	1102.324663
 75-79 	1725.426885	1123.110158	602.316727
 80+ 	851.275107	515.560745	335.714362
Total	80708.758227	54786.339213	25922.419013
2032			
 0-4	44.200357	22.688653	21.511704
 5-9	27.367609	14.237019	13.130591
 10-14 	37.112237	19.750704	17.361533
 15-19 	168.361275	91.867212	76.494063
 20-24 	1184.445100	699.274430	485.170670
 25-29 	2835.153457	1872.387104	962.766353
 30-34 	4703.920840	3257.577018	1446.343822
 35-39 	7782.004853	5460.064179	2321.940675
 40-44 	10415.133891	7143.450543	3271.683348
 45-49 	11638.388723	7712.116373	3926.272350
 50-54 	10974.488491	7252.186582	3722.301909
 55-59 	9708.653082	6621.235471	3087.417611
 60-64 	7535.849020	5278.394024	2257.454996
 65-69 	5626.512108	3965.070294	1661.441814
 70-74 	3695.002177	2542.210808	1152.791369
 75-79 	1888.535899	1233.861400	654.674499
 80+ 	938.679341	569.267864	369.411477
Total	79203.808460	53755.639678	25448.168784
2033			
 0-4	43.837043	22.502377	21.334666
 5-9	28.668414	14.884296	13.784118
 10-14 	33.400234	17.768420	15.631814
 15-19 	107.716507	58.969395	48.747112
 20-24 	1143.861201	677.976124	465.885077
 25-29 	2938.292532	1937.847373	1000.445159
 30-34 	4712.974373	3274.003881	1438.970492
 35-39 	7302.173408	5159.130204	2143.043204
 40-44 	10018.931508	6949.049610	3069.881897
 45-49 	11129.826310	7414.126456	3715.699854
 50-54 	10610.834928	6952.694572	3658.140356
 55-59 	9516.212910	6421.594647	3094.618263
 60-64 	7608.775245	5291.798960	2316.976285
 65-69 	5682.708490	3998.122183	1684.586306
 70-74 	3867.571765	2671.265273	1196.306492
 75-79 	2054.690988	1348.029543	706.661445
 80+ 	1040.422311	632.625670	407.796641
Total	77840.898167	52842.388984	24998.509181
2034			
 0-4	43.586567	22.373925	21.212642
 5-9	29.951975	15.539775	14.412200
 10-14 	30.082754	15.983167	14.099587
 15-19 	88.254449	48.323194	39.931255
 20-24 	1051.722839	628.803225	422.919614
 25-29 	3033.427348	1997.193770	1036.233577
 30-34 	4767.601155	3319.515936	1448.085219
 35-39 	6951.514174	4940.621785	2010.892390
 40-44 	9594.568720	6725.990759	2868.577961
 45-49 	10695.336480	7184.899270	3510.437210
 50-54 	10243.404683	6671.777449	3571.627234
 55-59 	9288.008090	6199.451259	3088.556831
 60-64 	7679.550879	5299.298404	2380.252474
 65-69 	5723.947582	4017.700892	1706.246690
 70-74 	4013.466522	2780.130620	1233.335902
 75-79 	2223.274393	1465.548064	757.726328
 80+ 	1153.002715	703.177214	449.825501
Total	76610.701325	52036.328708	24574.372615
2035			
 0-4	43.413828	22.284883	21.128945
 5-9	31.313549	16.251136	15.062413
 10-14 	27.260255	14.450119	12.810136
 15-19 	82.236610	45.068600	37.168010
 20-24 	950.099946	574.140248	375.959697
 25-29 	3101.768443	2039.572786	1062.195657
 30-34 	4863.410197	3391.141296	1472.268901
 35-39 	6739.068304	4813.932662	1925.135642
 40-44 	9120.914993	6456.534149	2664.380844
 45-49 	10339.066645	7020.737471	3318.329173
 50-54 	9868.672164	6408.947908	3459.724256
 55-59 	9050.615122	5974.975130	3075.639992
 60-64 	7731.130623	5290.666122	2440.464501
 65-69 	5754.574020	4025.829436	1728.744584
 70-74 	4132.862819	2867.823046	1265.039773
 75-79 	2391.440403	1584.567639	806.872765
 80+ 	1274.320872	779.537927	494.782945
Total	75502.168793	51326.460558	24175.708234
2036			
 0-4	43.240893	22.196005	21.044888
 5-9	32.233840	16.741026	15.492815
 10-14 	25.683267	13.570064	12.113203
 15-19 	77.428207	42.469667	34.958540
 20-24 	859.118706	524.816809	334.301897
 25-29 	3133.333613	2059.521294	1073.812319
 30-34 	4988.855517	3481.854659	1507.000857
 35-39 	6651.386754	4770.826978	1880.559776
 40-44 	8611.146998	6149.117826	2462.029172
 45-49 	10052.355499	6908.660949	3143.694550
 50-54 	9494.145680	6168.789823	3325.355857
 55-59 	8818.078424	5760.673214	3057.405210
 60-64 	7719.014304	5235.058132	2483.956172
 65-69 	5809.386662	4047.134214	1762.252448
 70-74 	4227.753104	2935.321820	1292.431284
 75-79 	2553.745822	1701.409124	852.336698
 80+ 	1405.464594	862.654837	542.809757
Total	74502.371884	50700.816441	23801.555443
2037			
 0-4	43.026269	22.085727	20.940543
 5-9	32.325688	16.798672	15.527016
 10-14 	25.912019	13.647586	12.264433
 15-19 	73.825634	40.499497	33.326136
 20-24 	780.105577	481.675987	298.429590
 25-29 	3123.983405	2055.294669	1068.688736
 30-34 	5134.754268	3584.125091	1550.629177
 35-39 	6643.295375	4780.798001	1862.497374
 40-44 	8118.902701	5842.187658	2276.715043
 45-49 	9811.967211	6826.228742	2985.738469
 50-54 	9135.895256	5960.168664	3175.726592
 55-59 	8586.147985	5556.761771	3029.386214
 60-64 	7649.406753	5139.103547	2510.303206
 65-69 	5882.713138	4075.662630	1807.050507
 70-74 	4303.302440	2987.219833	1316.082607
 75-79 	2704.249225	1811.341685	892.907540
 80+ 	1547.209219	953.198386	594.010834
Total	73597.022163	50146.798146	23450.224017
2038			
 0-4	42.771019	21.954525	20.816494
 5-9	32.147235	16.704282	15.442953
 10-14 	27.130614	14.269897	12.860717
 15-19 	69.721819	38.254642	31.467177
 20-24 	720.789569	448.619130	272.170439
 25-29 	3079.919285	2031.286353	1048.632931
 30-34 	5271.499828	3679.170775	1592.329053
 35-39 	6687.462121	4824.120173	1863.341948
 40-44 	7708.582232	5583.398613	2125.183618
 45-49 	9568.186556	6733.461870	2834.724685
 50-54 	8813.476866	5792.954826	3020.522040
 55-59 	8349.512675	5362.865932	2986.646744
 60-64 	7533.334328	5011.086735	2522.247593
 65-69 	5964.228510	4105.169795	1859.058715
 70-74 	4365.751534	3027.876223	1337.875311
 75-79 	2838.399861	1910.005942	928.393919
 80+ 	1698.244706	1050.483796	647.760910
Total	72771.158758	49651.683509	23119.475247
2039			
 0-4	42.512508	21.821637	20.690871
 5-9	32.040186	16.648599	15.391587
 10-14 	28.333028	14.901679	13.431349
 15-19 	65.808024	36.105195	29.702828
 20-24 	694.228055	432.819669	261.408386
 25-29 	2987.560640	1980.374006	1007.186635
 30-34 	5390.332288	3759.763587	1630.568701
 35-39 	6780.953179	4900.132973	1880.820207
 40-44 	7414.456981	5399.101349	2015.355632
 45-49 	9268.937854	6590.497516	2678.440339
 50-54 	8541.930888	5672.550167	2869.380721
 55-59 	8105.844160	5179.996927	2925.847233
 60-64 	7386.910047	4863.413992	2523.496055
 65-69 	6042.876701	4128.755329	1914.121372
 70-74 	4416.162758	3057.644451	1358.518307
 75-79 	2954.095688	1994.945003	959.150684
 80+ 	1856.089696	1153.042080	703.047615
Total	72009.072681	49202.514159	22806.558522
2040			
 0-4	42.200443	21.661426	20.539017
 5-9	31.946422	16.600122	15.346300
 10-14 	29.609103	15.588631	14.020472
 15-19 	62.277865	34.153040	28.124825
 20-24 	677.642749	422.315890	255.326859
 25-29 	2883.569983	1921.943685	961.626298
 30-34 	5471.912703	3814.163800	1657.748903
 35-39 	6918.052642	5005.091693	1912.960948
 40-44 	7246.513061	5299.437667	1947.075394
 45-49 	8893.399780	6380.509767	2512.890013
 50-54 	8323.676161	5595.555937	2728.120224
 55-59 	7852.030916	5007.735988	2844.294928
 60-64 	7231.229860	4711.986233	2519.243628
 65-69 	6105.686000	4138.930418	1966.755582
 70-74 	4457.122489	3077.366453	1379.756035
 75-79 	3051.462965	2065.427661	986.035304
 80+ 	2017.748106	1258.962234	758.785872
Total	71296.081248	48787.430645	22508.650602
2041			
 0-4	41.926168	21.520387	20.405781
 5-9	31.822932	16.537249	15.285683
 10-14 	30.468361	16.062108	14.406252
 15-19 	59.786408	32.752286	27.034122
 20-24 	660.873647	411.665556	249.208091
 25-29 	2785.838180	1865.408996	920.429184
 30-34 	5506.541972	3837.165929	1669.376043
 35-39 	7084.994232	5130.000718	1954.993513
 40-44 	7193.400374	5277.593734	1915.806640
 45-49 	8456.890698	6114.363700	2342.526998
 50-54 	8151.031105	5551.273386	2599.757719
 55-59 	7593.682552	4849.566753	2744.115799
 60-64 	7077.547463	4566.811060	2510.736403
 65-69 	6118.075120	4112.071417	2006.003703
 70-74 	4515.458777	3105.847741	1409.611036
 75-79 	3131.784883	2122.023326	1009.761557
 80+ 	2180.716677	1366.742780	813.973897
Total	70620.839549	48397.407126	22223.432421
2042			
 0-4	41.661644	21.384492	20.277152
 5-9	31.626556	16.436699	15.189857
 10-14 	30.548492	16.119342	14.429151
 15-19 	58.726738	32.119621	26.607118
 20-24 	644.366993	401.106774	243.260219
 25-29 	2694.274964	1810.607309	883.667655
 30-34 	5493.065534	3829.493521	1663.572014
 35-39 	7267.681928	5263.335137	2004.346790
 40-44 	7213.996162	5305.399574	1908.596588
 45-49 	8016.845602	5834.415645	2182.429957
 50-54 	8004.746194	5521.546322	2483.199872
 55-59 	7343.307687	4712.370804	2630.936883
 60-64 	6922.433585	4428.170426	2494.263159
 65-69 	6084.754423	4053.300625	2031.453798
 70-74 	4587.091258	3138.811161	1448.280097
 75-79 	3198.479489	2167.764435	1030.715054
 80+ 	2342.111190	1474.109883	868.001308
Total	69975.718439	48026.491770	21949.226672
2043			
 0-4	41.352656	21.225863	20.126793
 5-9	31.372192	16.305607	15.066584
 10-14 	30.378896	16.029070	14.349825
 15-19 	58.539269	31.969065	26.570204
 20-24 	627.201015	390.169007	237.032008
 25-29 	2612.191560	1759.156590	853.034970
 30-34 	5442.798299	3799.040186	1643.758113
 35-39 	7434.103074	5383.354744	2050.748331
 40-44 	7282.315875	5364.194932	1918.120943
 45-49 	7643.170250	5593.098158	2050.072092
 50-54 	7842.731115	5473.061842	2369.669273
 55-59 	7116.317535	4603.875833	2512.441702
 60-64 	6761.453232	4295.780154	2465.673078
 65-69 	6014.330189	3969.093047	2045.237141
 70-74 	4664.237322	3171.684446	1492.552876
 75-79 	3255.714861	2205.439999	1050.274862
 80+ 	2498.723656	1578.255550	920.468106
Total	69356.930996	47671.734093	21685.196901
2044			
 0-4	41.025606	21.057749	19.967857
 5-9	31.086880	16.157894	14.928986
 10-14 	30.276524	15.976006	14.300518
 15-19 	58.631569	31.978310	26.653259
 20-24 	610.492879	379.479253	231.013626
 25-29 	2552.495987	1718.434375	834.061613
 30-34 	5344.991306	3740.620707	1604.370599
 35-39 	7571.666098	5479.638759	2092.027339
 40-44 	7395.267482	5453.309391	1941.958091
 45-49 	7374.697705	5420.189711	1954.507994
 50-54 	7622.909868	5374.126053	2248.783815
 55-59 	6924.846763	4528.485209	2396.361554
 60-64 	6592.525849	4170.387027	2422.138822
 65-69 	5919.382063	3869.097374	2050.284688
 70-74 	4738.541717	3199.386465	1539.155252
 75-79 	3303.771481	2234.895770	1068.875711
 80+ 	2648.221202	1677.158467	971.062736
Total	68760.830979	47330.378520	21430.452460
2045			
 0-4	40.668437	20.874208	19.794229
 5-9	30.794159	16.005756	14.788402
 10-14 	30.187109	15.929741	14.257368
 15-19 	58.936080	32.119285	26.816795
 20-24 	594.820060	369.378284	225.441776
 25-29 	2497.311751	1679.509816	817.801935
 30-34 	5231.351574	3671.024122	1560.327453
 35-39 	7660.722896	5539.848799	2120.874097
 40-44 	7546.692335	5568.584590	1978.107745
 45-49 	7223.109445	5326.630422	1896.479023
 50-54 	7332.053140	5214.235557	2117.817583
 55-59 	6771.156871	4483.808492	2287.348379
 60-64 	6412.895431	4051.546058	2361.349372
 65-69 	5816.554461	3765.762770	2050.791691
 70-74 	4800.505301	3216.678055	1583.827246
 75-79 	3343.922142	2256.185170	1087.736972
 80+ 	2789.356996	1769.615595	1019.741402
Total	68181.038188	46997.736720	21183.301468
2046			
 0-4	40.245294	20.656902	19.588392
 5-9	30.519395	15.862481	14.656914
 10-14 	30.069740	15.869637	14.200103
 15-19 	59.084238	32.192173	26.892064
 20-24 	581.026104	360.352539	220.673565
 25-29 	2439.318633	1638.823966	800.494666
 30-34 	5117.201376	3598.193531	1519.007845
 35-39 	7692.876453	5559.780665	2133.095788
 40-44 	7722.750248	5700.508280	2022.241968
 45-49 	7177.702729	5305.748428	1871.954301
 50-54 	6987.456567	5006.077424	1981.379143
 55-59 	6649.650884	4461.827565	2187.823319
 60-64 	6226.767500	3941.859478	2284.908023
 65-69 	5714.794758	3667.000673	2047.794085
 70-74 	4823.814585	3205.951910	1617.862675
 75-79 	3396.594848	2283.415328	1113.179520
 80+ 	2921.792989	1855.433541	1066.359448
Total	67611.666341	46669.554521	20942.111819
2047			
 0-4	39.727884	20.391191	19.336693
 5-9	30.268881	15.731721	14.537160
 10-14 	29.883936	15.773202	14.110733
 15-19 	58.734597	32.007088	26.727509
 20-24 	569.680869	352.736944	216.943924
 25-29 	2380.626056	1597.716917	782.909139
 30-34 	5001.293049	3521.247355	1480.045694
 35-39 	7670.547119	5543.164284	2127.382835
 40-44 	7908.367257	5836.496398	2071.870859
 45-49 	7200.109167	5331.005364	1869.103803
 50-54 	6641.030010	4787.933366	1853.096643
 55-59 	6545.550568	4448.655938	2096.894630
 60-64 	6044.046726	3846.722618	2197.324108
 65-69 	5611.394617	3573.098278	2038.296339
 70-74 	4812.245065	3171.315255	1640.929810
 75-79 	3459.043708	2313.667360	1145.376348
 80+ 	3046.188678	1935.414637	1110.774042
Total	67048.738187	46343.077916	20705.660269
2048			
 0-4	39.223000	20.131828	19.091172
 5-9	30.023199	15.603698	14.419501
 10-14 	29.643944	15.647382	13.996562
 15-19 	58.292038	31.764105	26.527933
 20-24 	560.453706	346.447806	214.005900
 25-29 	2322.177895	1556.898924	765.278971
 30-34 	4885.702369	3441.357643	1444.344727
 35-39 	7608.817794	5500.997654	2107.820140
 40-44 	8073.182711	5955.326855	2117.855855
 45-49 	7266.346916	5385.275400	1881.071516
 50-54 	6349.907895	4602.246228	1747.661667
 55-59 	6425.585495	4418.292377	2007.293118
 60-64 	5877.293135	3772.428571	2104.864564
 65-69 	5502.817009	3483.878512	2018.938497
 70-74 	4772.691235	3117.949392	1654.741843
 75-79 	3525.646165	2343.756948	1181.889217
 80+ 	3163.391427	2009.695969	1153.695458
Total	66491.195933	46017.699292	20473.496641
2049			
 0-4	38.718887	19.873071	18.845815
 5-9	29.768035	15.470945	14.297090
 10-14 	29.375326	15.505693	13.869633
 15-19 	58.001840	31.606428	26.395412
 20-24 	553.056735	341.429097	211.627637
 25-29 	2266.633728	1518.040051	748.593677
 30-34 	4783.884615	3366.724247	1417.160369
 35-39 	7501.183187	5430.967971	2070.215216
 40-44 	8204.925858	6046.913218	2158.012640
 45-49 	7374.717418	5468.837491	1905.879927
 50-54 	6142.419970	4470.343766	1672.076204
 55-59 	6256.157220	4345.796274	1910.360946
 60-64 	5736.746048	3722.843950	2013.902097
 65-69 	5387.454241	3400.000380	1987.453862
 70-74 	4715.056567	3053.367955	1661.688611
 75-79 	3590.186456	2370.040729	1220.145727
 80+ 	3271.968485	2076.807300	1195.161186
Total	65940.254616	45694.568566	20245.686049
2050			
 0-4	38.178826	19.595864	18.582962
 5-9	29.489626	15.326377	14.163249
 10-14 	29.099859	15.359681	13.740179
 15-19 	57.799519	31.497760	26.301759
 20-24 	547.510934	337.729206	209.781728
 25-29 	2215.905735	1482.398656	733.507079
 30-34 	4682.701279	3291.539448	1391.161832
 35-39 	7376.405422	5348.456036	2027.949387
 40-44 	8286.839026	6100.924648	2185.914377
 45-49 	7519.767879	5578.047938	1941.719941
 50-54 	6027.965894	4400.768609	1627.197285
 55-59 	6026.344914	4222.563010	1803.781904
 60-64 	5624.129959	3695.987697	1928.142262
 65-69 	5262.355519	3320.549876	1941.805643
 70-74 	4651.396988	2986.445105	1664.951884
 75-79 	3644.742106	2388.171631	1256.570475
 80+ 	3370.898884	2135.257281	1235.641602
Total	65391.532369	45370.618823	20020.913548
