Year	CD4500	CD4350_500	CD4250_349	CD4200_249	CD4100_199	CD450_99	CD450
1970	0	0	0	0	0	0	0
1971	0	0	0	0	0	0	0
1972	0	0	0	0	0	0	0
1973	0	0	0	0	0	0	0
1974	0	0	0	0	0	0	0
1975	0	0	0	0	0	0	0
1976	0	0	0	0	0	0	0
1977	0	0	0	0	0	0	0
1978	0	0	0	0	0	0	0
1979	0	0	0	0	0	0	0
1980	0	0	0	0	0	0	0
1981	0	0	0	0	0	0	0
1982	0	0	0	0	0	0	0
1983	0	0	0	0	0	0	0
1984	1.817543	1.17722	0	0	0	0	0
1985	3.415102	2.291025	0.257003	0.048275	0.015846	0.001899	0.000404
1986	6.741296	4.581549	0.644077	0.163512	0.089373	0.017794	0.008374
1987	13.620453	9.296984	1.360869	0.374253	0.24312	0.056218	0.034257
1988	29.830833	20.324888	2.791536	0.78383	0.541178	0.13171	0.088387
1989	67.059185	45.633042	5.999236	1.663886	1.150398	0.282335	0.194529
1990	146.983228	100.163918	13.321367	3.650492	2.485798	0.605051	0.413975
1991	322.894206	220.28728	29.339914	8.050956	5.460568	1.321865	0.893335
1992	691.939791	473.150055	64.596988	17.742356	12.02701	2.905535	1.94988
1993	1455.980334	998.056298	139.769464	38.645236	26.359009	6.377584	4.265848
1994	2993.411309	2057.624023	297.136549	82.799177	57.017395	13.855063	9.277142
1995	5922.893342	4086.138561	618.40297	173.968788	121.277953	29.656335	19.941214
1996	10948.91365	7596.863592	1245.809605	355.399254	252.204544	62.25735	42.199461
1997	18061.64163	12656.51254	2373.250443	692.898691	506.21498	126.903857	87.264601
1998	26300.22396	18689.05964	4125.788181	1252.086831	959.379371	246.568205	173.756798
1999	34577.05894	24974.40184	6446.354536	2056.017833	1677.806057	445.808203	325.667996
2000	42265.42568	31043.60202	9142.115923	3068.405109	2680.496365	738.719292	563.442069
2001	49306.19582	36782.47442	11996.03061	4214.827393	3928.392583	1121.073003	893.623958
2002	54955.54712	41640.3322	14865.41619	5422.672892	5341.336097	1569.97931	1300.362801
2003	59981.19955	46044.17898	17544.82739	6614.66116	6827.71385	2055.773467	1755.736787
2004	63870.1285	49629.75598	20014.61682	7740.682862	8295.46182	2545.979695	2226.823085
2005	66610.18339	52349.63509	22181.38679	8765.687569	9375.119265	2851.981919	2408.178157
2006	67840.18046	53937.72085	23981.19248	9655.371585	9937.939186	2919.363331	2258.302862
2007	67567.22428	54362.61297	25323.22544	10376.87902	10175.71088	2855.786256	1976.605114
2008	66811.43546	54276.01615	26150.14701	10898.8595	10390.31852	2557.480389	1272.905554
2009	65653.98257	53759.6293	26581.41684	11229.95986	10496.31177	2415.421814	870.524203
2010	64258.57037	52949.46068	23685.40025	9778.784315	11221.79139	1962.316624	435.583066
2011	62681.0447	51913.62262	22429.26579	9039.227208	10873.42005	2129.557333	756.718063
2012	60866.86259	50634.51504	21388.18014	8494.908445	9555.912305	2082.041126	1060.490354
2013	58651.0679	49016.32964	21045.11485	8352.192773	8761.850206	2382.584339	1697.095139
2014	56280.36745	47227.80958	19821.17007	7822.046743	7681.643825	2168.989643	1759.069187
2015	54179.52977	45564.2951	21796.03971	8917.783323	10198.94772	3249.533032	3005.995585
2016	52065.17242	43862.80723	22479.08735	9568.556278	11842.81853	3951.708398	3958.684827
2017	49893.39695	42107.12745	22187.58207	9707.081344	12648.38365	4331.461397	4541.333317
2018	47896.19562	40452.89513	20885.92606	9362.00168	12666.90013	4414.49468	4764.828056
2019	46097.62559	38924.59856	19315.87349	8771.813104	12205.45516	4309.057803	4748.11785
2020	44465.56257	37508.38289	18298.15463	8285.113619	11635.60097	4137.352802	4626.672791
2021	43111.70513	36284.55542	17982.93744	8047.467076	11196.57799	3979.901497	4477.167017
2022	41996.14301	35235.10683	17536.09198	7862.593046	10874.20123	3854.803513	4333.982167
2023	41082.26299	34341.495	17054.50688	7666.387825	10594.72994	3753.700147	4218.776373
2024	40333.84689	33581.53173	16599.87669	7469.587683	10325.67925	3660.446301	4120.665917
2025	39722.07987	32935.79765	16186.8509	7284.391902	10065.94612	3570.327579	4028.7548
2026	39221.83619	32386.70489	15813.1104	7113.621843	9819.936039	3484.159992	3940.324861
2027	38812.78922	31920.03448	15475.42065	6957.506214	9590.687154	3403.030363	3856.341467
2028	38477.99373	31523.56447	15174.12129	6816.101122	9380.024141	3327.901668	3778.12902
2029	38199.97447	31184.50241	14895.52003	6684.176408	9184.101836	3258.351231	3705.811731
2030	37968.39553	30897.75323	14645.55241	6562.277715	9002.595954	3194.48627	3640.700105
2031	37773.57415	30657.48096	14424.6016	6451.928026	8837.164807	3136.55196	3583.3378
2032	37605.11014	30455.21671	14227.59081	6351.837452	8687.164418	3084.447405	3533.164906
2033	37452.00468	30280.09279	14051.7451	6261.38939	8551.918428	3037.871254	3489.500394
2034	37304.28884	30121.09941	13893.90283	6180.004304	8430.740773	2996.450072	3451.616403
2035	37154.11521	29969.87477	13750.38022	6106.42786	8322.321598	2959.739327	3419.064769
2036	36995.20021	29819.64612	13618.45064	6039.508897	8225.00904	2927.089739	3390.926823
2037	36822.39118	29665.20878	13495.85908	5978.189202	8136.925679	2897.68203	3365.950384
2038	36632.19918	29503.09019	13380.72569	5921.653123	8056.436521	2870.709423	3342.60266
2039	36423.09358	29332.42492	13272.46812	5869.575523	7982.176353	2845.238573	3318.13596
2040	36194.12788	29153.4234	13170.65605	5821.413037	7912.403369	2820.278303	3290.182675
2041	35944.94496	28965.79544	13074.33289	5776.670326	7846.224676	2795.43236	3257.988123
2042	35675.29273	28767.8249	12981.58325	5734.630831	7783.312188	2770.856593	3222.348247
2043	35384.5202	28555.50054	12889.23089	5694.194536	7723.58999	2747.159306	3185.737311
2044	35075.21476	28327.35484	12794.51769	5654.134982	7666.417566	2724.641067	3150.290419
2045	34754.55992	28087.23109	12696.69613	5613.674862	7610.547046	2702.967379	3116.382239
2046	34431.87634	27840.99022	12596.08408	5572.522828	7555.134265	2681.86733	3084.145636
2047	34116.59088	27594.93144	12493.73152	5530.784421	7499.847466	2661.218138	3053.694719
2048	33813.19058	27352.00901	12390.89819	5488.792745	7444.776255	2641.046455	3025.214197
2049	33521.46991	27112.12642	12288.31155	5446.827065	7390.175948	2621.458297	2998.97955
2050	33240.17555	26874.87581	12185.18793	5404.516208	7335.599084	2602.299744	2974.867463
