Vietnam_test	Total	Male	Female
1970			
 0-4	0.000000	0.000000	0.000000
 5-9	0.000000	0.000000	0.000000
 10-14 	0.000000	0.000000	0.000000
 15-19 	0.000000	0.000000	0.000000
 20-24 	0.000000	0.000000	0.000000
 25-29 	0.000000	0.000000	0.000000
 30-34 	0.000000	0.000000	0.000000
 35-39 	0.000000	0.000000	0.000000
 40-44 	0.000000	0.000000	0.000000
 45-49 	0.000000	0.000000	0.000000
 50-54 	0.000000	0.000000	0.000000
 55-59 	0.000000	0.000000	0.000000
 60-64 	0.000000	0.000000	0.000000
 65-69 	0.000000	0.000000	0.000000
 70-74 	0.000000	0.000000	0.000000
 75-79 	0.000000	0.000000	0.000000
 80+ 	0.000000	0.000000	0.000000
Total	0.000000	0.000000	0.000000
1971			
 0-4	0.000000	0.000000	0.000000
 5-9	0.000000	0.000000	0.000000
 10-14 	0.000000	0.000000	0.000000
 15-19 	0.000000	0.000000	0.000000
 20-24 	0.000000	0.000000	0.000000
 25-29 	0.000000	0.000000	0.000000
 30-34 	0.000000	0.000000	0.000000
 35-39 	0.000000	0.000000	0.000000
 40-44 	0.000000	0.000000	0.000000
 45-49 	0.000000	0.000000	0.000000
 50-54 	0.000000	0.000000	0.000000
 55-59 	0.000000	0.000000	0.000000
 60-64 	0.000000	0.000000	0.000000
 65-69 	0.000000	0.000000	0.000000
 70-74 	0.000000	0.000000	0.000000
 75-79 	0.000000	0.000000	0.000000
 80+ 	0.000000	0.000000	0.000000
Total	0.000000	0.000000	0.000000
1972			
 0-4	0.000000	0.000000	0.000000
 5-9	0.000000	0.000000	0.000000
 10-14 	0.000000	0.000000	0.000000
 15-19 	0.000000	0.000000	0.000000
 20-24 	0.000000	0.000000	0.000000
 25-29 	0.000000	0.000000	0.000000
 30-34 	0.000000	0.000000	0.000000
 35-39 	0.000000	0.000000	0.000000
 40-44 	0.000000	0.000000	0.000000
 45-49 	0.000000	0.000000	0.000000
 50-54 	0.000000	0.000000	0.000000
 55-59 	0.000000	0.000000	0.000000
 60-64 	0.000000	0.000000	0.000000
 65-69 	0.000000	0.000000	0.000000
 70-74 	0.000000	0.000000	0.000000
 75-79 	0.000000	0.000000	0.000000
 80+ 	0.000000	0.000000	0.000000
Total	0.000000	0.000000	0.000000
1973			
 0-4	0.000000	0.000000	0.000000
 5-9	0.000000	0.000000	0.000000
 10-14 	0.000000	0.000000	0.000000
 15-19 	0.000000	0.000000	0.000000
 20-24 	0.000000	0.000000	0.000000
 25-29 	0.000000	0.000000	0.000000
 30-34 	0.000000	0.000000	0.000000
 35-39 	0.000000	0.000000	0.000000
 40-44 	0.000000	0.000000	0.000000
 45-49 	0.000000	0.000000	0.000000
 50-54 	0.000000	0.000000	0.000000
 55-59 	0.000000	0.000000	0.000000
 60-64 	0.000000	0.000000	0.000000
 65-69 	0.000000	0.000000	0.000000
 70-74 	0.000000	0.000000	0.000000
 75-79 	0.000000	0.000000	0.000000
 80+ 	0.000000	0.000000	0.000000
Total	0.000000	0.000000	0.000000
1974			
 0-4	0.000000	0.000000	0.000000
 5-9	0.000000	0.000000	0.000000
 10-14 	0.000000	0.000000	0.000000
 15-19 	0.000000	0.000000	0.000000
 20-24 	0.000000	0.000000	0.000000
 25-29 	0.000000	0.000000	0.000000
 30-34 	0.000000	0.000000	0.000000
 35-39 	0.000000	0.000000	0.000000
 40-44 	0.000000	0.000000	0.000000
 45-49 	0.000000	0.000000	0.000000
 50-54 	0.000000	0.000000	0.000000
 55-59 	0.000000	0.000000	0.000000
 60-64 	0.000000	0.000000	0.000000
 65-69 	0.000000	0.000000	0.000000
 70-74 	0.000000	0.000000	0.000000
 75-79 	0.000000	0.000000	0.000000
 80+ 	0.000000	0.000000	0.000000
Total	0.000000	0.000000	0.000000
1975			
 0-4	0.000000	0.000000	0.000000
 5-9	0.000000	0.000000	0.000000
 10-14 	0.000000	0.000000	0.000000
 15-19 	0.000000	0.000000	0.000000
 20-24 	0.000000	0.000000	0.000000
 25-29 	0.000000	0.000000	0.000000
 30-34 	0.000000	0.000000	0.000000
 35-39 	0.000000	0.000000	0.000000
 40-44 	0.000000	0.000000	0.000000
 45-49 	0.000000	0.000000	0.000000
 50-54 	0.000000	0.000000	0.000000
 55-59 	0.000000	0.000000	0.000000
 60-64 	0.000000	0.000000	0.000000
 65-69 	0.000000	0.000000	0.000000
 70-74 	0.000000	0.000000	0.000000
 75-79 	0.000000	0.000000	0.000000
 80+ 	0.000000	0.000000	0.000000
Total	0.000000	0.000000	0.000000
1976			
 0-4	0.000000	0.000000	0.000000
 5-9	0.000000	0.000000	0.000000
 10-14 	0.000000	0.000000	0.000000
 15-19 	0.000000	0.000000	0.000000
 20-24 	0.000000	0.000000	0.000000
 25-29 	0.000000	0.000000	0.000000
 30-34 	0.000000	0.000000	0.000000
 35-39 	0.000000	0.000000	0.000000
 40-44 	0.000000	0.000000	0.000000
 45-49 	0.000000	0.000000	0.000000
 50-54 	0.000000	0.000000	0.000000
 55-59 	0.000000	0.000000	0.000000
 60-64 	0.000000	0.000000	0.000000
 65-69 	0.000000	0.000000	0.000000
 70-74 	0.000000	0.000000	0.000000
 75-79 	0.000000	0.000000	0.000000
 80+ 	0.000000	0.000000	0.000000
Total	0.000000	0.000000	0.000000
1977			
 0-4	0.000000	0.000000	0.000000
 5-9	0.000000	0.000000	0.000000
 10-14 	0.000000	0.000000	0.000000
 15-19 	0.000000	0.000000	0.000000
 20-24 	0.000000	0.000000	0.000000
 25-29 	0.000000	0.000000	0.000000
 30-34 	0.000000	0.000000	0.000000
 35-39 	0.000000	0.000000	0.000000
 40-44 	0.000000	0.000000	0.000000
 45-49 	0.000000	0.000000	0.000000
 50-54 	0.000000	0.000000	0.000000
 55-59 	0.000000	0.000000	0.000000
 60-64 	0.000000	0.000000	0.000000
 65-69 	0.000000	0.000000	0.000000
 70-74 	0.000000	0.000000	0.000000
 75-79 	0.000000	0.000000	0.000000
 80+ 	0.000000	0.000000	0.000000
Total	0.000000	0.000000	0.000000
1978			
 0-4	0.000000	0.000000	0.000000
 5-9	0.000000	0.000000	0.000000
 10-14 	0.000000	0.000000	0.000000
 15-19 	0.000000	0.000000	0.000000
 20-24 	0.000000	0.000000	0.000000
 25-29 	0.000000	0.000000	0.000000
 30-34 	0.000000	0.000000	0.000000
 35-39 	0.000000	0.000000	0.000000
 40-44 	0.000000	0.000000	0.000000
 45-49 	0.000000	0.000000	0.000000
 50-54 	0.000000	0.000000	0.000000
 55-59 	0.000000	0.000000	0.000000
 60-64 	0.000000	0.000000	0.000000
 65-69 	0.000000	0.000000	0.000000
 70-74 	0.000000	0.000000	0.000000
 75-79 	0.000000	0.000000	0.000000
 80+ 	0.000000	0.000000	0.000000
Total	0.000000	0.000000	0.000000
1979			
 0-4	0.000000	0.000000	0.000000
 5-9	0.000000	0.000000	0.000000
 10-14 	0.000000	0.000000	0.000000
 15-19 	0.000000	0.000000	0.000000
 20-24 	0.000000	0.000000	0.000000
 25-29 	0.000000	0.000000	0.000000
 30-34 	0.000000	0.000000	0.000000
 35-39 	0.000000	0.000000	0.000000
 40-44 	0.000000	0.000000	0.000000
 45-49 	0.000000	0.000000	0.000000
 50-54 	0.000000	0.000000	0.000000
 55-59 	0.000000	0.000000	0.000000
 60-64 	0.000000	0.000000	0.000000
 65-69 	0.000000	0.000000	0.000000
 70-74 	0.000000	0.000000	0.000000
 75-79 	0.000000	0.000000	0.000000
 80+ 	0.000000	0.000000	0.000000
Total	0.000000	0.000000	0.000000
1980			
 0-4	0.000000	0.000000	0.000000
 5-9	0.000000	0.000000	0.000000
 10-14 	0.000000	0.000000	0.000000
 15-19 	0.000000	0.000000	0.000000
 20-24 	0.000000	0.000000	0.000000
 25-29 	0.000000	0.000000	0.000000
 30-34 	0.000000	0.000000	0.000000
 35-39 	0.000000	0.000000	0.000000
 40-44 	0.000000	0.000000	0.000000
 45-49 	0.000000	0.000000	0.000000
 50-54 	0.000000	0.000000	0.000000
 55-59 	0.000000	0.000000	0.000000
 60-64 	0.000000	0.000000	0.000000
 65-69 	0.000000	0.000000	0.000000
 70-74 	0.000000	0.000000	0.000000
 75-79 	0.000000	0.000000	0.000000
 80+ 	0.000000	0.000000	0.000000
Total	0.000000	0.000000	0.000000
1981			
 0-4	0.000000	0.000000	0.000000
 5-9	0.000000	0.000000	0.000000
 10-14 	0.000000	0.000000	0.000000
 15-19 	0.000000	0.000000	0.000000
 20-24 	0.000000	0.000000	0.000000
 25-29 	0.000000	0.000000	0.000000
 30-34 	0.000000	0.000000	0.000000
 35-39 	0.000000	0.000000	0.000000
 40-44 	0.000000	0.000000	0.000000
 45-49 	0.000000	0.000000	0.000000
 50-54 	0.000000	0.000000	0.000000
 55-59 	0.000000	0.000000	0.000000
 60-64 	0.000000	0.000000	0.000000
 65-69 	0.000000	0.000000	0.000000
 70-74 	0.000000	0.000000	0.000000
 75-79 	0.000000	0.000000	0.000000
 80+ 	0.000000	0.000000	0.000000
Total	0.000000	0.000000	0.000000
1982			
 0-4	0.000000	0.000000	0.000000
 5-9	0.000000	0.000000	0.000000
 10-14 	0.000000	0.000000	0.000000
 15-19 	0.000000	0.000000	0.000000
 20-24 	0.000000	0.000000	0.000000
 25-29 	0.000000	0.000000	0.000000
 30-34 	0.000000	0.000000	0.000000
 35-39 	0.000000	0.000000	0.000000
 40-44 	0.000000	0.000000	0.000000
 45-49 	0.000000	0.000000	0.000000
 50-54 	0.000000	0.000000	0.000000
 55-59 	0.000000	0.000000	0.000000
 60-64 	0.000000	0.000000	0.000000
 65-69 	0.000000	0.000000	0.000000
 70-74 	0.000000	0.000000	0.000000
 75-79 	0.000000	0.000000	0.000000
 80+ 	0.000000	0.000000	0.000000
Total	0.000000	0.000000	0.000000
1983			
 0-4	0.000000	0.000000	0.000000
 5-9	0.000000	0.000000	0.000000
 10-14 	0.000000	0.000000	0.000000
 15-19 	0.000000	0.000000	0.000000
 20-24 	0.000000	0.000000	0.000000
 25-29 	0.000000	0.000000	0.000000
 30-34 	0.000000	0.000000	0.000000
 35-39 	0.000000	0.000000	0.000000
 40-44 	0.000000	0.000000	0.000000
 45-49 	0.000000	0.000000	0.000000
 50-54 	0.000000	0.000000	0.000000
 55-59 	0.000000	0.000000	0.000000
 60-64 	0.000000	0.000000	0.000000
 65-69 	0.000000	0.000000	0.000000
 70-74 	0.000000	0.000000	0.000000
 75-79 	0.000000	0.000000	0.000000
 80+ 	0.000000	0.000000	0.000000
Total	0.000000	0.000000	0.000000
1984			
 0-4	0.006234	0.003193	0.003041
 5-9	0.000000	0.000000	0.000000
 10-14 	0.000000	0.000000	0.000000
 15-19 	0.240836	0.207360	0.033477
 20-24 	0.673551	0.604567	0.068984
 25-29 	0.704625	0.644697	0.059927
 30-34 	0.502106	0.464452	0.037654
 35-39 	0.268139	0.247949	0.020191
 40-44 	0.181998	0.167852	0.014146
 45-49 	0.134651	0.123181	0.011471
 50-54 	0.100251	0.091178	0.009073
 55-59 	0.063264	0.057878	0.005386
 60-64 	0.049173	0.045797	0.003376
 65-69 	0.038000	0.035659	0.002341
 70-74 	0.027806	0.025480	0.002326
 75-79 	0.010363	0.010001	0.000363
 80+ 	0.000000	0.000000	0.000000
Total	3.000998	2.729244	0.271754
1985			
 0-4	0.015632	0.008006	0.007626
 5-9	0.000446	0.000228	0.000218
 10-14 	0.000000	0.000000	0.000000
 15-19 	0.395402	0.330378	0.065024
 20-24 	1.285045	1.132173	0.152872
 25-29 	1.447198	1.305196	0.142002
 30-34 	1.081874	0.989287	0.092586
 35-39 	0.585903	0.536390	0.049513
 40-44 	0.370919	0.338345	0.032573
 45-49 	0.269803	0.244013	0.025790
 50-54 	0.205685	0.184664	0.021021
 55-59 	0.131448	0.118611	0.012837
 60-64 	0.099113	0.091155	0.007958
 65-69 	0.076341	0.070990	0.005351
 70-74 	0.056928	0.051569	0.005359
 75-79 	0.022951	0.021825	0.001126
 80+ 	0.000943	0.000943	0.000000
Total	6.045632	5.423774	0.621858
1986			
 0-4	0.033449	0.017128	0.016321
 5-9	0.002091	0.001070	0.001021
 10-14 	0.000085	0.000044	0.000042
 15-19 	0.735201	0.620218	0.114983
 20-24 	2.502664	2.212677	0.289987
 25-29 	2.948467	2.664932	0.283535
 30-34 	2.297748	2.105981	0.191768
 35-39 	1.278491	1.174535	0.103956
 40-44 	0.750545	0.686534	0.064011
 45-49 	0.533515	0.484169	0.049346
 50-54 	0.408950	0.368349	0.040601
 55-59 	0.270920	0.245005	0.025916
 60-64 	0.198793	0.183057	0.015736
 65-69 	0.154503	0.143951	0.010552
 70-74 	0.114539	0.104174	0.010364
 75-79 	0.048898	0.046279	0.002619
 80+ 	0.002743	0.002738	0.000005
Total	12.281601	11.060839	1.220762
1987			
 0-4	0.070070	0.035880	0.034191
 5-9	0.005459	0.002792	0.002667
 10-14 	0.000462	0.000236	0.000226
 15-19 	1.439152	1.207175	0.231977
 20-24 	4.964356	4.373541	0.590815
 25-29 	5.993343	5.401670	0.591673
 30-34 	4.823788	4.410383	0.413406
 35-39 	2.794962	2.565144	0.229818
 40-44 	1.519911	1.387056	0.132855
 45-49 	1.052132	0.952784	0.099348
 50-54 	0.797183	0.716174	0.081008
 55-59 	0.555948	0.501491	0.054458
 60-64 	0.395716	0.363434	0.032282
 65-69 	0.313217	0.291120	0.022097
 70-74 	0.228324	0.207327	0.020997
 75-79 	0.101709	0.096003	0.005706
 80+ 	0.006413	0.006366	0.000047
Total	25.062147	22.518577	2.543570
1988			
 0-4	0.149688	0.076672	0.073016
 5-9	0.012421	0.006353	0.006068
 10-14 	0.001387	0.000709	0.000678
 15-19 	3.114991	2.616244	0.498747
 20-24 	10.656372	9.391015	1.265356
 25-29 	12.954791	11.675140	1.279651
 30-34 	10.688935	9.770244	0.918691
 35-39 	6.477944	5.950271	0.527673
 40-44 	3.308908	3.019372	0.289536
 45-49 	2.207494	1.998656	0.208838
 50-54 	1.636981	1.470192	0.166789
 55-59 	1.205947	1.087786	0.118161
 60-64 	0.840868	0.772190	0.068678
 65-69 	0.678436	0.630179	0.048257
 70-74 	0.485124	0.440719	0.044405
 75-79 	0.221824	0.209471	0.012353
 80+ 	0.013746	0.013616	0.000130
Total	54.655857	49.128831	5.527026
1989			
 0-4	0.322187	0.165165	0.157022
 5-9	0.023258	0.011896	0.011361
 10-14 	0.002294	0.001170	0.001124
 15-19 	6.913737	5.824839	1.088899
 20-24 	23.498354	20.749243	2.749111
 25-29 	28.706770	25.907095	2.799675
 30-34 	24.175242	22.118632	2.056611
 35-39 	15.300613	14.077936	1.222677
 40-44 	7.549894	6.899706	0.650189
 45-49 	4.776253	4.328499	0.447754
 50-54 	3.454293	3.105605	0.348687
 55-59 	2.661415	2.403777	0.257638
 60-64 	1.849202	1.700020	0.149182
 65-69 	1.506864	1.400360	0.106503
 70-74 	1.066033	0.969821	0.096211
 75-79 	0.493926	0.467271	0.026655
 80+ 	0.030015	0.029688	0.000327
Total	122.330349	110.160721	12.169628
1990			
 0-4	0.678392	0.348159	0.330233
 5-9	0.041104	0.021039	0.020065
 10-14 	0.003060	0.001554	0.001506
 15-19 	14.851429	12.543607	2.307822
 20-24 	50.563399	44.724516	5.838883
 25-29 	62.338191	56.337106	6.001085
 30-34 	53.472692	48.976196	4.496497
 35-39 	35.176868	32.413084	2.763784
 40-44 	17.319255	15.861148	1.458107
 45-49 	10.222332	9.273873	0.948459
 50-54 	7.206967	6.487632	0.719335
 55-59 	5.704893	5.159375	0.545518
 60-64 	4.032195	3.710888	0.321306
 65-69 	3.270693	3.041524	0.229168
 70-74 	2.319967	2.113226	0.206741
 75-79 	1.077395	1.020817	0.056578
 80+ 	0.067554	0.066760	0.000794
Total	268.346386	242.100504	26.245882
1991			
 0-4	1.427473	0.733443	0.694030
 5-9	0.088721	0.045453	0.043268
 10-14 	0.005467	0.002771	0.002696
 15-19 	32.086745	27.143421	4.943324
 20-24 	109.027421	96.543903	12.483519
 25-29 	135.413731	122.500131	12.913600
 30-34 	118.056696	108.216065	9.840631
 35-39 	80.250428	74.009827	6.240601
 40-44 	40.510054	37.174568	3.335486
 45-49 	22.061722	20.027497	2.034224
 50-54 	15.181805	13.679071	1.502735
 55-59 	12.099912	10.952535	1.147377
 60-64 	8.891149	8.189120	0.702029
 65-69 	7.078867	6.585962	0.492905
 70-74 	5.098343	4.646422	0.451921
 75-79 	2.338999	2.219225	0.119775
 80+ 	0.152251	0.150473	0.001778
Total	589.769786	532.819886	56.949899
1992			
 0-4	2.917712	1.500444	1.417268
 5-9	0.188108	0.096472	0.091636
 10-14 	0.009913	0.005021	0.004893
 15-19 	67.203671	56.971347	10.232324
 20-24 	229.613654	203.594901	26.018753
 25-29 	287.551819	260.438565	27.113254
 30-34 	254.301349	233.346657	20.954692
 35-39 	177.915786	164.229584	13.686203
 40-44 	93.624360	86.109954	7.514406
 45-49 	47.104402	42.804392	4.300010
 50-54 	31.559932	28.471850	3.088082
 55-59 	24.884044	22.547247	2.336797
 60-64 	19.279408	17.774204	1.505204
 65-69 	14.947018	13.917015	1.030003
 70-74 	11.015650	10.045649	0.970001
 75-79 	4.969081	4.718214	0.250867
 80+ 	0.341439	0.337493	0.003946
Total	1267.427348	1146.909007	120.518341
1993			
 0-4	5.732078	2.949391	2.782687
 5-9	0.388752	0.199547	0.189206
 10-14 	0.019466	0.009854	0.009612
 15-19 	138.031086	117.414828	20.616258
 20-24 	475.435835	422.462436	52.973399
 25-29 	599.391085	543.843306	55.547779
 30-34 	536.810891	493.360839	43.450052
 35-39 	385.220807	356.061704	29.159103
 40-44 	212.578770	196.016148	16.562622
 45-49 	100.497112	91.498978	8.998134
 50-54 	64.842920	58.607024	6.235896
 55-59 	50.047383	45.418196	4.629187
 60-64 	40.977926	37.834717	3.143209
 65-69 	31.079899	28.976479	2.103420
 70-74 	23.385094	21.351069	2.034025
 75-79 	10.410164	9.889931	0.520233
 80+ 	0.744802	0.736219	0.008582
Total	2675.594070	2426.630668	248.963402
1994			
 0-4	10.853178	5.586834	5.266344
 5-9	0.777872	0.399522	0.378349
 10-14 	0.040333	0.020417	0.019917
 15-19 	277.096987	236.121443	40.975544
 20-24 	964.383187	858.043803	106.339384
 25-29 	1219.994635	1108.148187	111.846448
 30-34 	1106.088873	1017.637519	88.451354
 35-39 	811.607518	750.810084	60.797435
 40-44 	468.533683	432.761648	35.772035
 45-49 	214.506336	195.659298	18.847038
 50-54 	130.943912	118.485925	12.457987
 55-59 	98.550289	89.519287	9.031002
 60-64 	84.347279	77.952732	6.394547
 65-69 	63.642019	59.388055	4.253964
 70-74 	48.355668	44.178190	4.177478
 75-79 	21.489184	20.413857	1.075327
 80+ 	1.581089	1.562752	0.018337
Total	5522.792041	5016.689551	506.102490
1995			
 0-4	19.761157	10.176024	9.585134
 5-9	1.506580	0.774156	0.732424
 10-14 	0.086555	0.043836	0.042719
 15-19 	535.238679	456.174736	79.063943
 20-24 	1884.255933	1676.909578	207.346356
 25-29 	2395.368390	2176.305638	219.062752
 30-34 	2196.370296	2021.531359	174.838937
 35-39 	1643.073759	1520.437748	122.636011
 40-44 	986.908672	912.262116	74.646556
 45-49 	451.690559	412.657108	39.033450
 50-54 	256.650446	232.302690	24.347755
 55-59 	188.133949	170.929272	17.204677
 60-64 	165.386074	152.885774	12.500299
 65-69 	126.787119	118.355242	8.431876
 70-74 	95.946815	87.667670	8.279146
 75-79 	43.184719	40.988431	2.196289
 80+ 	3.283754	3.244931	0.038823
Total	10993.633455	9993.646308	999.987147
1996			
 0-4	34.880493	17.967645	16.912848
 5-9	2.821570	1.450394	1.371176
 10-14 	0.182663	0.092554	0.090109
 15-19 	963.711843	816.200641	147.511202
 20-24 	3443.508323	3053.099363	390.408960
 25-29 	4419.557213	4004.125894	415.431319
 30-34 	4092.873461	3758.973079	333.900382
 35-39 	3115.280896	2877.119545	238.161351
 40-44 	1935.739554	1786.111867	149.627686
 45-49 	910.629200	831.332208	79.296992
 50-54 	476.093933	429.769609	46.324323
 55-59 	340.168786	308.249827	31.918959
 60-64 	300.319242	276.976833	23.342409
 65-69 	239.090454	222.787216	16.303238
 70-74 	177.771725	162.034225	15.737501
 75-79 	82.273881	77.886045	4.387836
 80+ 	6.628939	6.547679	0.081260
Total	20541.532177	18630.724624	1910.807553
1997			
 0-4	59.313692	30.563736	28.749956
 5-9	5.142604	2.644314	2.498290
 10-14 	0.378046	0.191655	0.186391
 15-19 	1532.456792	1276.725713	255.731079
 20-24 	5615.351457	4928.480286	686.871171
 25-29 	7360.349327	6618.521785	741.827542
 30-34 	6882.205209	6282.671396	599.533813
 35-39 	5320.426807	4887.110539	433.316268
 40-44 	3407.376808	3127.005941	280.370867
 45-49 	1674.002971	1521.385615	152.617355
 50-54 	807.534565	723.883439	83.651126
 55-59 	559.897981	503.802883	56.095099
 60-64 	486.351988	445.715024	40.636964
 65-69 	407.253265	377.522091	29.731174
 70-74 	296.097906	268.176557	27.921349
 75-79 	142.475318	134.117821	8.357498
 80+ 	12.906346	12.734978	0.171368
Total	34569.521082	31141.253773	3428.267309
1998			
 0-4	95.778146	49.368449	46.409697
 5-9	9.081425	4.670955	4.410470
 10-14 	0.760645	0.385822	0.374823
 15-19 	2124.546723	1721.056198	403.490525
 20-24 	8079.912729	6970.456341	1109.456388
 25-29 	10941.797462	9716.064002	1225.733460
 30-34 	10333.445498	9337.998265	995.447234
 35-39 	8106.834088	7379.768715	727.065374
 40-44 	5335.724291	4852.651081	483.073210
 45-49 	2750.605247	2478.783979	271.821268
 50-54 	1248.471784	1106.849734	141.622051
 55-59 	827.804336	736.105548	91.698788
 60-64 	698.567305	633.404962	65.162343
 65-69 	614.375635	564.476638	49.898997
 70-74 	440.708598	395.027926	45.680672
 75-79 	220.439769	205.610173	14.829597
 80+ 	23.629513	23.266595	0.362918
Total	51852.483194	46175.945380	5676.537814
1999			
 0-4	145.053362	74.786645	70.266717
 5-9	15.390387	7.917717	7.472669
 10-14 	1.481276	0.751691	0.729586
 15-19 	2637.061292	2055.362550	581.698742
 20-24 	10483.239954	8832.805610	1650.434344
 25-29 	14791.779591	12916.322842	1875.456749
 30-34 	14097.377638	12567.441698	1529.935940
 35-39 	11232.268562	10104.480951	1127.787611
 40-44 	7573.422653	6807.109037	766.313616
 45-49 	4085.408665	3639.206585	446.202080
 50-54 	1797.621929	1571.771558	225.850371
 55-59 	1116.912949	977.448453	139.464497
 60-64 	910.972007	814.176433	96.795574
 65-69 	830.162903	753.503960	76.658942
 70-74 	598.843715	529.461527	69.382188
 75-79 	308.213695	283.903345	24.310350
 80+ 	39.829845	39.072527	0.757318
Total	70665.040423	61975.523131	8689.517292
2000			
 0-4	206.611293	106.552998	100.058296
 5-9	24.848668	12.785631	12.063037
 10-14 	2.787481	1.415160	1.372321
 15-19 	3032.569514	2262.505252	770.064262
 20-24 	12621.346543	10346.230546	2275.115998
 25-29 	18558.908456	15895.566847	2663.341609
 30-34 	17966.448652	15774.082127	2192.366524
 35-39 	14506.611631	12880.143442	1626.468189
 40-44 	9981.614370	8856.814649	1124.799721
 45-49 	5610.674126	4933.445211	677.228915
 50-54 	2458.958402	2118.550370	340.408032
 55-59 	1409.072468	1210.674244	198.398224
 60-64 	1107.087962	973.015559	134.072404
 65-69 	1028.726327	920.595986	108.130342
 70-74 	760.613292	662.159148	98.454144
 75-79 	398.068843	361.133022	36.935822
 80+ 	61.505877	59.995781	1.510096
Total	89736.453904	77375.665969	12360.787935
2001			
 0-4	279.290230	144.081803	135.208427
 5-9	38.318845	19.718782	18.600063
 10-14 	5.073317	2.576700	2.496618
 15-19 	3337.308323	2387.794835	949.513488
 20-24 	14465.375103	11525.375726	2939.999377
 25-29 	22137.857098	18587.383479	3550.473619
 30-34 	21811.702343	18853.056011	2958.646332
 35-39 	17825.183036	15621.134269	2204.048767
 40-44 	12478.795441	10934.534529	1544.260912
 45-49 	7262.536832	6303.434160	959.102672
 50-54 	3250.858449	2762.207431	488.651018
 55-59 	1698.422986	1431.619691	266.803295
 60-64 	1286.174581	1110.708002	175.466579
 65-69 	1192.857146	1051.609887	141.247259
 70-74 	923.444471	791.325869	132.118602
 75-79 	484.076327	431.765986	52.310341
 80+ 	88.025652	85.194606	2.831047
Total	108565.300181	92043.521765	16521.778417
2002			
 0-4	271.457190	140.072584	131.384606
 5-9	56.927791	29.297841	27.629950
 10-14 	8.952475	4.548887	4.403587
 15-19 	3489.807510	2387.599289	1102.208222
 20-24 	15810.917096	12214.548659	3596.368437
 25-29 	25152.460650	20671.193074	4481.267577
 30-34 	25351.314826	21553.796382	3797.518444
 35-39 	20941.417568	18106.035314	2835.382254
 40-44 	14866.380921	12863.026309	2003.354612
 45-49 	8917.636268	7637.650611	1279.985658
 50-54 	4123.959311	3455.412964	668.546347
 55-59 	1980.571104	1636.677965	343.893139
 60-64 	1433.608295	1214.648638	218.959657
 65-69 	1305.974250	1132.735992	173.238258
 70-74 	1068.336661	900.189357	168.147304
 75-79 	560.350089	490.354213	69.995876
 80+ 	118.001343	113.069335	4.932009
Total	125458.073349	104550.857411	20907.215938
2003			
 0-4	307.191409	158.699265	148.492144
 5-9	73.168802	37.648607	35.520195
 10-14 	15.241662	7.748639	7.493023
 15-19 	3610.770177	2385.442094	1225.328084
 20-24 	16899.506172	12685.186049	4214.320124
 25-29 	27758.739708	22340.673296	5418.066412
 30-34 	28704.229755	24020.011142	4684.218613
 35-39 	23917.354076	20417.259615	3500.094461
 40-44 	17179.562570	14693.995472	2485.567097
 45-49 	10578.835547	8950.642359	1628.193188
 50-54 	5074.141989	4197.954747	876.187241
 55-59 	2290.855615	1859.582612	431.273004
 60-64 	1562.019234	1298.881172	263.138062
 65-69 	1386.427744	1183.643912	202.783832
 70-74 	1194.559148	990.474091	204.085058
 75-79 	631.960030	542.305338	89.654692
 80+ 	148.776652	140.846903	7.929749
Total	141333.340290	115910.995312	25422.344978
2004			
 0-4	348.592363	180.526477	168.065886
 5-9	97.625564	50.244761	47.380802
 10-14 	24.762017	12.596352	12.165665
 15-19 	3635.534233	2329.381366	1306.152866
 20-24 	17596.970191	12853.468698	4743.501493
 25-29 	29800.288348	23491.988091	6308.300257
 30-34 	31680.309914	26105.593407	5574.716507
 35-39 	26542.258914	22379.202250	4163.056663
 40-44 	19290.751335	16324.312573	2966.438762
 45-49 	12146.404594	10162.956432	1983.448161
 50-54 	6038.018328	4937.458534	1100.559794
 55-59 	2638.608850	2108.993320	529.615530
 60-64 	1666.627961	1360.475779	306.152183
 65-69 	1434.048168	1205.479364	228.568804
 70-74 	1286.921910	1050.899545	236.022365
 75-79 	698.362176	587.543547	110.818629
 80+ 	179.129251	167.259502	11.869749
Total	155105.214117	125308.380000	29796.834117
2005			
 0-4	377.571543	196.150786	181.420757
 5-9	129.970864	66.940455	63.030409
 10-14 	38.383875	19.540124	18.843751
 15-19 	3582.573166	2237.669058	1344.904108
 20-24 	17915.354707	12762.253040	5153.101667
 25-29 	31292.605280	24175.971048	7116.634232
 30-34 	34107.023375	27688.135678	6418.887697
 35-39 	28929.480391	24114.298471	4815.181920
 40-44 	21219.168087	17787.871556	3431.296530
 45-49 	13620.415622	11289.125685	2331.289937
 50-54 	7018.214783	5684.193291	1334.021492
 55-59 	3048.683848	2408.119505	640.564343
 60-64 	1762.238743	1414.136748	348.101995
 65-69 	1461.718997	1211.122067	250.596930
 70-74 	1347.264015	1085.528457	261.735557
 75-79 	763.498245	630.549265	132.948980
 80+ 	210.328531	193.429412	16.899118
Total	166824.494070	132965.034647	33859.459424
2006			
 0-4	385.997566	201.150862	184.846705
 5-9	169.866863	87.578981	82.287882
 10-14 	56.948544	29.019556	27.928987
 15-19 	3424.579915	2078.704609	1345.875307
 20-24 	17759.058982	12332.105061	5426.953921
 25-29 	32162.843926	24324.443519	7838.400407
 30-34 	36033.660008	28785.048362	7248.611646
 35-39 	30964.822280	25478.048865	5486.773415
 40-44 	22937.524090	19019.638044	3917.886046
 45-49 	15009.460200	12304.226281	2705.233919
 50-54 	8011.224350	6404.209212	1607.015138
 55-59 	3553.850520	2767.598155	786.252364
 60-64 	1861.823078	1462.369203	399.453875
 65-69 	1484.863095	1208.316984	276.546111
 70-74 	1373.195235	1089.029798	284.165437
 75-79 	833.280438	673.013301	160.267137
 80+ 	244.436128	219.703725	24.732404
Total	176267.435220	138464.204516	37803.230703
2007			
 0-4	416.683635	217.822113	198.861523
 5-9	221.352841	114.368158	106.984683
 10-14 	79.645333	40.689432	38.955901
 15-19 	3173.879101	1865.399018	1308.480083
 20-24 	17149.836425	11596.260483	5553.575942
 25-29 	32413.679038	23964.156179	8449.522859
 30-34 	37369.105601	29335.946400	8033.159201
 35-39 	32704.578424	26541.298240	6163.280183
 40-44 	24482.517731	20071.113746	4411.403985
 45-49 	16318.809846	13228.285759	3090.524087
 50-54 	9032.965089	7126.872587	1906.092502
 55-59 	4138.034001	3179.531841	958.502160
 60-64 	1987.208850	1527.100378	460.108472
 65-69 	1506.938645	1202.161491	304.777154
 70-74 	1374.904715	1072.366960	302.537755
 75-79 	900.858204	711.279165	189.579039
 80+ 	284.039415	249.049711	34.989704
Total	183555.036894	142043.701660	41511.335234
2008			
 0-4	439.921630	230.395418	209.526211
 5-9	275.560598	142.805819	132.754779
 10-14 	104.806476	53.702776	51.103700
 15-19 	2950.832036	1708.898945	1241.933091
 20-24 	16412.670482	10871.240809	5541.429673
 25-29 	32334.729645	23422.523897	8912.205748
 30-34 	38440.945156	29689.609611	8751.335545
 35-39 	34426.398758	27592.895782	6833.502975
 40-44 	26069.067877	21164.662062	4904.405815
 45-49 	17716.235697	14239.856132	3476.379565
 50-54 	10197.389608	7970.765656	2226.623952
 55-59 	4842.758659	3686.353022	1156.405637
 60-64 	2184.045702	1649.861497	534.184205
 65-69 	1548.310743	1213.169651	335.141092
 70-74 	1378.554314	1060.920655	317.633659
 75-79 	969.142687	750.768079	218.374607
 80+ 	333.851107	285.174489	48.676618
Total	190625.221173	145733.604301	44891.616873
2009			
 0-4	493.868051	258.938022	234.930029
 5-9	335.544347	174.272721	161.271626
 10-14 	139.385497	71.704650	67.680847
 15-19 	2729.879509	1575.850059	1154.029450
 20-24 	15600.286966	10186.600094	5413.686873
 25-29 	31955.985019	22742.945752	9213.039267
 30-34 	39277.528714	29878.195215	9399.333498
 35-39 	36104.742711	28617.722177	7487.020534
 40-44 	27617.381843	22233.162486	5384.219356
 45-49 	19173.655945	15320.995026	3852.660919
 50-54 	11467.059317	8910.168645	2556.890672
 55-59 	5648.567703	4272.939153	1375.628550
 60-64 	2465.917581	1840.771895	625.145686
 65-69 	1606.986057	1239.427405	367.558651
 70-74 	1385.993634	1055.994718	329.998916
 75-79 	1029.679174	785.892056	243.787118
 80+ 	393.529402	327.276195	66.253207
Total	197425.991470	149492.856269	47933.135200
2010			
 0-4	529.943053	278.018868	251.924185
 5-9	398.571518	207.345389	191.226129
 10-14 	187.380046	96.778236	90.601810
 15-19 	2515.655027	1458.756543	1056.898484
 20-24 	14771.747269	9567.778477	5203.968791
 25-29 	31295.344040	21945.824082	9349.519958
 30-34 	39898.871901	29922.947757	9975.924144
 35-39 	37563.405094	29465.981604	8097.423490
 40-44 	29264.228313	23390.688367	5873.539946
 45-49 	20664.677721	16443.776258	4220.901463
 50-54 	12814.484743	9927.611838	2886.872906
 55-59 	6543.344386	4931.075288	1612.269099
 60-64 	2841.401530	2105.741141	735.660388
 65-69 	1685.442194	1282.068050	403.374144
 70-74 	1398.686558	1057.558951	341.127607
 75-79 	1078.812653	814.494259	264.318393
 80+ 	461.848405	374.445941	87.402464
Total	203913.844450	153270.891050	50642.953401
2011			
 0-4	569.203301	298.514700	270.688601
 5-9	469.415086	244.486194	224.928892
 10-14 	216.221989	111.811863	104.410127
 15-19 	2289.406132	1335.239110	954.167022
 20-24 	13969.294193	9012.374558	4956.919635
 25-29 	30448.509679	21088.002093	9360.507586
 30-34 	40159.690683	29703.532814	10456.157869
 35-39 	38757.233264	30068.597479	8688.635785
 40-44 	30688.357177	24333.147401	6355.209776
 45-49 	22012.233266	17430.301362	4581.931904
 50-54 	14090.481711	10886.605257	3203.876455
 55-59 	7477.043646	5614.838407	1862.205239
 60-64 	3320.233756	2449.136978	871.096778
 65-69 	1775.747738	1331.984946	443.762792
 70-74 	1414.160229	1060.860042	353.300187
 75-79 	1103.995412	825.201233	278.794179
 80+ 	535.855774	424.194174	111.661599
Total	209297.083036	156218.828610	53078.254426
2012			
 0-4	621.258260	325.567660	295.690600
 5-9	532.095054	276.929659	255.165394
 10-14 	264.749639	136.874478	127.875161
 15-19 	2064.257605	1209.223482	855.034123
 20-24 	13129.343039	8466.948694	4662.394344
 25-29 	29389.650358	20137.586245	9252.064113
 30-34 	40062.435230	29204.476282	10857.958948
 35-39 	39564.804393	30299.170058	9265.634335
 40-44 	31925.180421	25061.465067	6863.715354
 45-49 	23181.381336	18228.351337	4953.030000
 50-54 	15235.771705	11715.120976	3520.650729
 55-59 	8400.913758	6273.080232	2127.833526
 60-64 	3862.518483	2831.603527	1030.914957
 65-69 	1889.837610	1395.916580	493.921031
 70-74 	1429.755762	1061.566682	368.189079
 75-79 	1109.236474	820.068526	289.167948
 80+ 	607.018923	468.619984	138.398939
Total	213270.208050	157912.569469	55357.638581
2013			
 0-4	642.427629	336.231866	306.195764
 5-9	573.207772	298.710079	274.497693
 10-14 	292.588524	151.438787	141.149737
 15-19 	1836.939848	1074.145222	762.794626
 20-24 	12173.898199	7847.705821	4326.192379
 25-29 	28124.020847	19092.923983	9031.096863
 30-34 	39528.271053	28416.167347	11112.103706
 35-39 	39939.525398	30182.798196	9756.727201
 40-44 	32892.479758	25555.608419	7336.871340
 45-49 	24110.555385	18819.797618	5290.757766
 50-54 	16176.565594	12382.482039	3794.083556
 55-59 	9276.439779	6891.772079	2384.667700
 60-64 	4434.691784	3232.165834	1202.525950
 65-69 	2035.093034	1482.421159	552.671875
 70-74 	1438.611635	1056.058647	382.552988
 75-79 	1098.734715	803.770242	294.964473
 80+ 	669.604210	505.222227	164.381983
Total	215243.655164	158129.419564	57114.235600
2014			
 0-4	588.820213	308.016786	280.803426
 5-9	623.979679	325.859969	298.119710
 10-14 	329.625331	170.919742	158.705589
 15-19 	1651.442077	961.874017	689.568060
 20-24 	11151.802793	7193.887972	3957.914821
 25-29 	26737.152166	18047.606098	8689.546068
 30-34 	38658.435876	27447.289146	11211.146730
 35-39 	40049.954811	29884.481381	10165.473430
 40-44 	33730.870489	25951.594074	7779.276415
 45-49 	24874.976674	19287.530730	5587.445944
 50-54 	16983.567225	12949.846041	4033.721184
 55-59 	10118.921153	7493.175953	2625.745200
 60-64 	5030.619245	3651.117513	1379.501732
 65-69 	2231.213126	1608.358132	622.854995
 70-74 	1449.332605	1051.692065	397.640540
 75-79 	1080.890424	784.338030	296.552394
 80+ 	723.196638	534.817765	188.378874
Total	216014.800526	157652.405413	58362.395113
2015			
 0-4	500.107642	261.559349	238.548293
 5-9	659.047759	344.958486	314.089273
 10-14 	381.930242	198.640842	183.289399
 15-19 	1550.661517	896.169850	654.491668
 20-24 	10202.267251	6580.907176	3621.360075
 25-29 	25441.032674	17107.663469	8333.369206
 30-34 	37545.140279	26374.805190	11170.335088
 35-39 	39831.650160	29362.580633	10469.069527
 40-44 	34128.740782	26003.316533	8125.424248
 45-49 	25520.895800	19659.050296	5861.845504
 50-54 	17563.339059	13343.542264	4219.796796
 55-59 	10842.060157	8013.210602	2828.849555
 60-64 	5609.023296	4059.090972	1549.932324
 65-69 	2472.085278	1770.226591	701.858687
 70-74 	1462.563733	1048.873146	413.690587
 75-79 	1056.884797	761.117060	295.767736
 80+ 	760.297069	553.256074	207.040995
Total	215527.727495	156338.968533	59188.758962
2016			
 0-4	375.934577	196.737278	179.197299
 5-9	668.683200	350.797870	317.885330
 10-14 	429.488787	223.816283	205.672503
 15-19 	1458.963224	842.311471	616.651753
 20-24 	9227.804655	5960.935364	3266.869291
 25-29 	23985.985973	16120.350436	7865.635537
 30-34 	35970.787789	25074.263229	10896.524559
 35-39 	38973.264905	28420.770558	10552.494347
 40-44 	33972.476357	25654.791425	8317.684933
 45-49 	25673.239023	19656.738572	6016.500451
 50-54 	17787.766863	13478.640739	4309.126123
 55-59 	11364.575659	8398.181102	2966.394557
 60-64 	6097.581547	4405.702168	1691.879379
 65-69 	2745.684218	1960.506346	785.177872
 70-74 	1466.373263	1040.059511	426.313752
 75-79 	1022.630024	732.249465	290.380559
 80+ 	776.527715	557.122766	219.404950
Total	211997.767779	153073.974584	58923.793195
2017			
 0-4	249.207989	130.688075	118.519914
 5-9	658.834359	346.292897	312.541462
 10-14 	470.680232	246.338893	224.341339
 15-19 	1390.873362	798.223056	592.650306
 20-24 	8293.253857	5352.733918	2940.519938
 25-29 	22403.040875	15067.456472	7335.584402
 30-34 	34116.314066	23651.990758	10464.323308
 35-39 	37682.340013	27206.741757	10475.598255
 40-44 	33301.209690	24923.977300	8377.232390
 45-49 	25535.599294	19432.912125	6102.687169
 50-54 	17744.254009	13410.995671	4333.258338
 55-59 	11700.488070	8649.428200	3051.059871
 60-64 	6507.226173	4698.653008	1808.573166
 65-69 	3030.373192	2161.034795	869.338396
 70-74 	1481.294586	1040.061281	441.233305
 75-79 	985.034204	701.362469	283.671735
 80+ 	776.830491	550.601280	226.229211
Total	206326.854461	148369.491954	57957.362506
2018			
 0-4	152.575726	80.039177	72.536549
 5-9	626.160230	329.630388	296.529842
 10-14 	519.882262	273.507058	246.375204
 15-19 	1350.577510	774.669089	575.908421
 20-24 	7499.903530	4842.841887	2657.061643
 25-29 	20781.401180	14007.580410	6773.820770
 30-34 	32207.916383	22260.821984	9947.094400
 35-39 	36167.347021	25871.558987	10295.788034
 40-44 	32332.897157	23970.961732	8361.935424
 45-49 	25248.868118	19077.994787	6170.873330
 50-54 	17540.260232	13211.252626	4329.007606
 55-59 	11904.089112	8798.724115	3105.364997
 60-64 	6872.621465	4960.731443	1911.890021
 65-69 	3325.151262	2368.906707	956.244555
 70-74 	1525.226150	1061.713671	463.512480
 75-79 	950.039172	671.457134	278.582037
 80+ 	767.850563	537.963160	229.887403
Total	199772.767072	143100.354355	56672.412717
2019			
 0-4	87.275968	45.621703	41.654265
 5-9	566.305067	298.856034	267.449033
 10-14 	566.473128	299.492570	266.980558
 15-19 	1340.137491	770.519117	569.618374
 20-24 	6879.757712	4452.125575	2427.632136
 25-29 	19172.566731	12957.373646	6215.193085
 30-34 	30391.586052	20984.735125	9406.850927
 35-39 	34559.573493	24519.380528	10040.192965
 40-44 	31257.875853	22942.696082	8315.179772
 45-49 	24900.459975	18664.614352	6235.845623
 50-54 	17276.426487	12952.753695	4323.672792
 55-59 	12024.474815	8879.952662	3144.522154
 60-64 	7215.642587	5208.161087	2007.481501
 65-69 	3628.631475	2582.689537	1045.941938
 70-74 	1609.459893	1113.419705	496.040188
 75-79 	923.549233	646.475159	277.074074
 80+ 	754.928914	523.040047	231.888868
Total	193155.124875	137841.906623	55313.218253
2020			
 0-4	66.650478	34.699357	31.951121
 5-9	461.547524	244.124665	217.422859
 10-14 	599.677333	318.527986	281.149347
 15-19 	1349.763936	780.890340	568.873596
 20-24 	6429.591996	4176.861344	2252.730652
 25-29 	17600.386419	11941.570349	5658.816070
 30-34 	28745.085240	19869.851060	8875.234179
 35-39 	32960.121378	23231.517102	9728.604276
 40-44 	30189.467010	21935.549576	8253.917434
 45-49 	24432.908052	18154.310107	6278.597945
 50-54 	17098.675918	12752.455996	4346.219923
 55-59 	12090.791931	8915.110733	3175.681197
 60-64 	7544.758044	5448.797835	2095.960209
 65-69 	3943.200917	2804.575932	1138.624985
 70-74 	1738.319779	1198.560539	539.759240
 75-79 	909.630704	629.917559	279.713145
 80+ 	741.619210	508.206555	233.412655
Total	186902.195869	132945.527035	53956.668834
2021			
 0-4	59.658262	30.999050	28.659212
 5-9	351.149940	185.962273	165.187667
 10-14 	617.137648	328.995304	288.142344
 15-19 	1400.981693	812.883607	588.098086
 20-24 	6126.696296	3996.960754	2129.735542
 25-29 	16141.107024	10995.777783	5145.329241
 30-34 	27296.720106	18918.513863	8378.206243
 35-39 	31446.490576	22064.879892	9381.610684
 40-44 	29177.947942	20992.936270	8185.011672
 45-49 	23976.592388	17654.990345	6321.602043
 50-54 	16959.622090	12569.367432	4390.254658
 55-59 	12118.036731	8916.684819	3201.351912
 60-64 	7862.925581	5683.922797	2179.002784
 65-69 	4260.878185	3028.579966	1232.298219
 70-74 	1920.117869	1322.997784	597.120086
 75-79 	909.193702	622.742831	286.450872
 80+ 	730.708389	495.372207	235.336182
Total	181355.964421	128622.566976	52733.397446
2022			
 0-4	54.626398	28.332281	26.294117
 5-9	248.335212	131.530114	116.805098
 10-14 	617.527911	329.970826	287.557085
 15-19 	1463.846660	851.337563	612.509097
 20-24 	5966.720273	3905.432692	2061.287581
 25-29 	14863.474556	10165.151053	4698.323503
 30-34 	25924.562588	18036.090869	7888.471719
 35-39 	30044.673936	21037.125151	9007.548785
 40-44 	28224.076065	20125.328628	8098.747436
 45-49 	23448.172122	17104.749413	6343.422709
 50-54 	16879.599061	12426.271711	4453.327349
 55-59 	12121.799042	8896.283034	3225.516008
 60-64 	8150.420953	5897.588164	2252.832790
 65-69 	4581.452990	3256.336134	1325.116856
 70-74 	2136.958948	1473.236030	663.722917
 75-79 	928.950552	630.237143	298.713409
 80+ 	721.825409	484.108562	237.716847
Total	176377.022676	124779.109370	51597.913306
2023			
 0-4	51.557936	26.702317	24.855618
 5-9	155.192036	82.140363	73.051673
 10-14 	589.339576	315.338388	274.001188
 15-19 	1546.668038	899.984514	646.683524
 20-24 	5917.221906	3883.486577	2033.735330
 25-29 	13808.610755	9479.277309	4329.333445
 30-34 	24549.397927	17158.200579	7391.197348
 35-39 	28784.569103	20160.476575	8624.092527
 40-44 	27303.064707	19322.461144	7980.603563
 45-49 	22873.658661	16529.276770	6344.381891
 50-54 	16827.261699	12297.899832	4529.361867
 55-59 	12097.761310	8851.065096	3246.696215
 60-64 	8394.337892	6079.518694	2314.819198
 65-69 	4903.682302	3488.055064	1415.627238
 70-74 	2378.322997	1641.529281	736.793715
 75-79 	973.846694	656.142406	317.704288
 80+ 	714.389300	473.855163	240.534138
Total	171868.882839	121345.410072	50523.472767
2024			
 0-4	48.094962	24.870207	23.224755
 5-9	91.866723	48.253184	43.613540
 10-14 	533.433747	286.030494	247.403253
 15-19 	1620.900438	943.222009	677.678429
 20-24 	5940.513242	3905.241691	2035.271551
 25-29 	13011.507564	8964.161363	4047.346201
 30-34 	23136.997109	16250.903000	6886.094109
 35-39 	27678.868706	19433.906077	8244.962629
 40-44 	26388.559810	18570.320243	7818.239567
 45-49 	22293.034456	15960.106937	6332.927519
 50-54 	16768.891864	12162.568318	4606.323545
 55-59 	12057.860014	8788.672651	3269.187363
 60-64 	8591.037907	6224.812064	2366.225843
 65-69 	5221.815635	3719.905220	1501.910414
 70-74 	2634.655135	1820.908343	813.746792
 75-79 	1047.782802	703.357098	344.425704
 80+ 	709.352161	465.213991	244.138170
Total	167775.172273	118272.452889	49502.719384
2025			
 0-4	44.500794	22.975706	21.525088
 5-9	70.887291	36.974503	33.912788
 10-14 	435.065205	233.680093	201.385113
 15-19 	1675.372246	975.076021	700.296226
 20-24 	6019.955528	3962.663461	2057.292067
 25-29 	12479.898844	8623.898938	3855.999906
 30-34 	21680.157785	15302.724785	6377.433000
 35-39 	26717.834084	18837.579540	7880.254544
 40-44 	25494.383090	17879.209245	7615.173845
 45-49 	21726.792288	15416.956368	6309.835919
 50-54 	16619.324407	11956.538687	4662.785720
 55-59 	12068.380977	8759.532915	3308.848061
 60-64 	8739.995969	6332.094804	2407.901165
 65-69 	5528.576604	3947.120364	1581.456240
 70-74 	2901.074725	2008.024621	893.050104
 75-79 	1151.701702	772.580180	379.121522
 80+ 	708.446039	459.414907	249.031133
Total	164062.347578	115527.045137	48535.302441
2026			
 0-4	40.847824	21.056966	19.790858
 5-9	62.418946	32.509343	29.909602
 10-14 	330.751879	177.681559	153.070320
 15-19 	1696.152652	987.933885	708.218767
 20-24 	6156.548484	4054.405445	2102.143039
 25-29 	12140.682265	8413.419634	3727.262631
 30-34 	20249.180472	14359.739397	5889.441075
 35-39 	25854.524817	18326.246063	7528.278753
 40-44 	24638.037601	17261.049663	7376.987937
 45-49 	21177.051410	14905.407549	6271.643861
 50-54 	16443.836009	11733.749992	4710.086017
 55-59 	12080.653413	8723.260973	3357.392440
 60-64 	8839.192510	6400.146367	2439.046144
 65-69 	5816.732998	4163.313859	1653.419139
 70-74 	3166.291622	2194.689070	971.602553
 75-79 	1289.445390	866.719514	422.725875
 80+ 	713.048578	457.368211	255.680367
Total	160695.396870	113078.697491	47616.699379
2027			
 0-4	37.312247	19.206815	18.105432
 5-9	56.070449	29.171379	26.899070
 10-14 	234.457609	125.719298	108.738311
 15-19 	1694.734984	988.245130	706.489855
 20-24 	6300.874949	4152.099734	2148.775215
 25-29 	11991.499802	8327.428746	3664.071056
 30-34 	18957.283384	13500.922600	5456.360783
 35-39 	24971.046369	17805.173119	7165.873249
 40-44 	23851.429529	16733.975183	7117.454346
 45-49 	20652.302564	14436.227499	6216.075065
 50-54 	16197.143946	11459.592476	4737.551470
 55-59 	12120.621000	8702.996993	3417.624008
 60-64 	8910.086503	6443.597952	2466.488551
 65-69 	6077.259852	4360.282474	1716.977377
 70-74 	3432.345488	2383.364784	1048.980703
 75-79 	1450.396294	977.901312	472.494982
 80+ 	728.192644	462.720372	265.472272
Total	157663.057612	110908.625867	46754.431744
2028			
 0-4	34.738880	17.863655	16.875225
 5-9	51.971989	27.020685	24.951304
 10-14 	148.103847	79.235571	68.868276
 15-19 	1640.705485	959.478046	681.227439
 20-24 	6475.649709	4265.113726	2210.535983
 25-29 	11993.872189	8343.735321	3650.136868
 30-34 	17869.976050	12774.629846	5095.346204
 35-39 	23989.556084	17210.049207	6779.506877
 40-44 	23166.865669	16312.855571	6854.010098
 45-49 	20143.842810	14007.139289	6136.703520
 50-54 	15906.330685	11157.948243	4748.382441
 55-59 	12173.919578	8686.316766	3487.602813
 60-64 	8955.263516	6464.324122	2490.939394
 65-69 	6303.593014	4532.449266	1771.143748
 70-74 	3699.434146	2574.823208	1124.610938
 75-79 	1627.853194	1101.237289	526.615906
 80+ 	757.080466	477.740333	279.340134
Total	154938.757312	108991.960144	45946.797168
2029			
 0-4	34.969760	17.973674	16.996086
 5-9	49.238495	25.565908	23.672587
 10-14 	88.880027	47.075618	41.804409
 15-19 	1557.625983	914.884414	642.741569
 20-24 	6625.464695	4361.549370	2263.915325
 25-29 	12092.617209	8423.835654	3668.781555
 30-34 	17047.466837	12227.171809	4820.295028
 35-39 	22890.656144	16518.472556	6372.183588
 40-44 	22592.112400	15994.727292	6597.385107
 45-49 	19638.257890	13612.015620	6026.242270
 50-54 	15604.189972	10853.903380	4750.286592
 55-59 	12218.945062	8660.254141	3558.690922
 60-64 	8986.574865	6470.092840	2516.482025
 65-69 	6494.390195	4677.148329	1817.241865
 70-74 	3963.760668	2766.600612	1197.160056
 75-79 	1815.792004	1232.363087	583.428917
 80+ 	802.276327	504.215063	298.061264
Total	152503.218531	107307.849367	45195.369165
2030			
 0-4	36.688150	18.844785	17.843365
 5-9	46.497701	24.109211	22.388490
 10-14 	69.168104	36.327337	32.840767
 15-19 	1440.285390	851.312150	588.973240
 20-24 	6727.440885	4427.696984	2299.743901
 25-29 	12268.080649	8556.546633	3711.534017
 30-34 	16506.131515	11870.821491	4635.310024
 35-39 	21682.439115	15731.901950	5950.537166
 40-44 	22111.667435	15758.301546	6353.365889
 45-49 	19147.351467	13259.366474	5887.984993
 50-54 	15305.395680	10561.451030	4743.944650
 55-59 	12193.047429	8578.976743	3614.070686
 60-64 	9053.540151	6497.885811	2555.654340
 65-69 	6649.297310	4793.418553	1855.878757
 70-74 	4219.805139	2955.213222	1264.591917
 75-79 	2011.433257	1369.356267	642.076991
 80+ 	864.330192	542.463101	321.867091
Total	150332.599569	105833.993287	44498.606282
2031			
 0-4	36.902999	18.949117	17.953882
 5-9	43.345080	22.440452	20.904628
 10-14 	61.403873	32.218444	29.185429
 15-19 	1321.298689	786.595972	534.702717
 20-24 	6768.669148	4456.015998	2312.653150
 25-29 	12504.301912	8728.303051	3775.998861
 30-34 	16177.037623	11662.082747	4514.954875
 35-39 	20456.815183	14915.522012	5541.293171
 40-44 	21678.487098	15560.488750	6117.998348
 45-49 	18682.155899	12956.542199	5725.613701
 50-54 	15011.472462	10284.749573	4726.722890
 55-59 	12142.621120	8480.405603	3662.215517
 60-64 	9120.301606	6518.338291	2601.963315
 65-69 	6766.326635	4880.002765	1886.323870
 70-74 	4462.010564	3135.871986	1326.138578
 75-79 	2207.474366	1506.907829	700.566536
 80+ 	945.536939	594.086718	351.450222
Total	148386.161196	104539.521508	43846.639688
2032			
 0-4	37.195911	19.098497	18.097415
 5-9	41.026518	21.205075	19.821443
 10-14 	55.632476	29.172519	26.459957
 15-19 	1226.550457	734.112090	492.438368
 20-24 	6753.194258	4450.009052	2303.185207
 25-29 	12742.260837	8902.000911	3840.259927
 30-34 	16058.156474	11597.214043	4460.942431
 35-39 	19331.680514	14155.557444	5176.123070
 40-44 	21183.975286	15314.537385	5869.437901
 45-49 	18263.556217	12714.683243	5548.872974
 50-54 	14728.656668	10031.900928	4696.755741
 55-59 	12032.443764	8337.958980	3694.484784
 60-64 	9205.734767	6548.177828	2657.556940
 65-69 	6860.999093	4947.172924	1913.826169
 70-74 	4683.631247	3302.524923	1381.106324
 75-79 	2404.932348	1646.410361	758.521987
 80+ 	1042.178625	656.254448	385.924176
Total	146651.805463	103407.990651	43243.814812
2033			
 0-4	36.933098	18.966450	17.966648
 5-9	39.714242	20.476370	19.237872
 10-14 	51.997704	27.236774	24.760930
 15-19 	1186.230959	711.022800	475.208159
 20-24 	6630.279383	4382.020185	2248.259197
 25-29 	12984.082927	9072.866718	3911.216209
 30-34 	16111.571690	11653.804721	4457.766969
 35-39 	18377.815360	13506.050588	4871.764772
 40-44 	20559.420594	14964.382447	5595.038147
 45-49 	17914.123973	12543.585021	5370.538952
 50-54 	14450.034836	9801.273697	4648.761140
 55-59 	11881.892945	8168.651143	3713.241802
 60-64 	9298.689788	6577.876400	2720.813388
 65-69 	6934.587272	4995.706801	1938.880471
 70-74 	4879.712592	3451.013351	1428.699240
 75-79 	2603.674504	1788.207347	815.467157
 80+ 	1152.012243	727.287841	424.724402
Total	145092.774111	102410.428656	42682.345455
2034			
 0-4	36.660413	18.826065	17.834347
 5-9	39.685300	20.450753	19.234547
 10-14 	48.651421	25.451174	23.200247
 15-19 	1140.943698	685.137162	455.806536
 20-24 	6494.250953	4303.913533	2190.337420
 25-29 	13175.877371	9207.497751	3968.379620
 30-34 	16269.286090	11782.903347	4486.382743
 35-39 	17665.017931	13021.983156	4643.034775
 40-44 	19791.298432	14494.519418	5296.779014
 45-49 	17635.856328	12438.049062	5197.807266
 50-54 	14165.074804	9588.447775	4576.627029
 55-59 	11715.445862	7990.953014	3724.492848
 60-64 	9382.217717	6597.459847	2784.757870
 65-69 	6995.333793	5030.643612	1964.690181
 70-74 	5049.203582	3579.268015	1469.935567
 75-79 	2800.687752	1930.348021	870.339732
 80+ 	1273.544185	806.135427	467.408758
Total	143679.035631	101521.987132	42157.048499
2035			
 0-4	36.504892	18.746254	17.758637
 5-9	39.674576	20.455437	19.219138
 10-14 	45.414284	23.728760	21.685524
 15-19 	1107.166197	664.962042	442.204155
 20-24 	6339.789176	4213.486950	2126.302226
 25-29 	13290.788883	9288.707752	4002.081132
 30-34 	16508.960355	11970.457670	4538.502685
 35-39 	17207.449954	12715.005371	4492.444583
 40-44 	18888.461882	13909.193614	4979.268268
 45-49 	17412.306871	12378.434930	5033.871941
 50-54 	13882.407745	9399.764280	4482.643465
 55-59 	11544.108159	7815.460953	3728.647206
 60-64 	9407.500073	6571.482373	2836.017700
 65-69 	7081.016536	5079.956290	2001.060246
 70-74 	5191.608791	3686.379133	1505.229657
 75-79 	2991.905599	2070.266097	921.639502
 80+ 	1406.690779	892.860270	513.830509
Total	142381.754751	100719.348177	41662.406574
2036			
 0-4	36.398824	18.691624	17.707200
 5-9	39.822502	20.555170	19.267332
 10-14 	42.538725	22.194188	20.344536
 15-19 	1082.619312	649.699757	432.919555
 20-24 	6174.578679	4114.511861	2060.066819
 25-29 	13318.411236	9311.070946	4007.340291
 30-34 	16805.462454	12195.389746	4610.072708
 35-39 	16944.808354	12546.436251	4398.372104
 40-44 	17937.590412	13272.312632	4665.277780
 45-49 	17202.459662	12328.226113	4874.233549
 50-54 	13609.825439	9240.439434	4369.386005
 55-59 	11369.457438	7645.894612	3723.562826
 60-64 	9409.868558	6528.732188	2881.136370
 65-69 	7164.065687	5121.149716	2042.915972
 70-74 	5304.866003	3770.853771	1534.012233
 75-79 	3173.243417	2204.469899	968.773518
 80+ 	1549.601279	986.167227	563.434052
Total	141165.617983	99976.795134	41188.822849
2037			
 0-4	36.294949	18.638213	17.656737
 5-9	39.657018	20.490628	19.166389
 10-14 	40.193448	20.942070	19.251378
 15-19 	1055.895954	633.222549	422.673405
 20-24 	6021.048508	4018.582568	2002.465940
 25-29 	13271.856068	9283.886784	3987.969285
 30-34 	17094.699490	12414.727034	4679.972456
 35-39 	16873.673903	12512.411611	4361.262292
 40-44 	17044.815136	12663.272665	4381.542471
 45-49 	16915.532492	12215.466857	4700.065635
 50-54 	13362.553135	9118.324639	4244.228496
 55-59 	11197.047906	7489.307101	3707.740806
 60-64 	9361.922050	6448.698502	2913.223548
 65-69 	7259.079774	5167.112818	2091.966956
 70-74 	5400.474038	3840.101535	1560.372503
 75-79 	3340.141576	2328.869229	1011.272347
 80+ 	1701.274215	1085.717492	615.556723
Total	140016.159660	99279.772293	40736.387367
2038			
 0-4	36.140760	18.558927	17.581833
 5-9	38.820096	20.067415	18.752681
 10-14 	38.837935	20.196957	18.640978
 15-19 	1030.171552	617.229620	412.941932
 20-24 	5908.589366	3942.674319	1965.915047
 25-29 	13106.368301	9183.402209	3922.966092
 30-34 	17367.719624	12616.012632	4751.706993
 35-39 	16961.546485	12593.434786	4368.111699
 40-44 	16277.187856	12133.824040	4143.363816
 45-49 	16496.762970	11996.200550	4500.562420
 50-54 	13158.239078	9041.155830	4117.083248
 55-59 	11022.189695	7345.220974	3676.968721
 60-64 	9278.676074	6344.582531	2934.093544
 65-69 	7357.793891	5210.875170	2146.918720
 70-74 	5478.922320	3894.247890	1584.674430
 75-79 	3489.302582	2440.734911	1048.567671
 80+ 	1860.780764	1191.120385	669.660379
Total	138908.049351	98609.539145	40298.510206
2039			
 0-4	35.930557	18.450801	17.479755
 5-9	38.227509	19.754637	18.472871
 10-14 	38.721996	20.144233	18.577763
 15-19 	1004.841698	601.436923	403.404775
 20-24 	5778.820023	3855.427923	1923.392100
 25-29 	12915.653548	9062.191443	3853.462105
 30-34 	17570.890600	12764.254388	4806.636211
 35-39 	17145.385861	12743.040489	4402.345372
 40-44 	15703.170750	11738.298487	3964.872264
 45-49 	15939.554212	11662.131015	4277.423197
 50-54 	12998.909843	9005.444303	3993.465540
 55-59 	10837.066146	7210.757292	3626.308854
 60-64 	9179.526291	6230.996992	2948.529299
 65-69 	7447.666491	5245.386632	2202.279859
 70-74 	5545.739124	3936.355351	1609.383773
 75-79 	3620.119570	2538.726539	1081.393031
 80+ 	2025.731254	1300.835614	724.895640
Total	137825.955473	97953.633063	39872.322410
2040			
 0-4	35.682732	18.323340	17.359392
 5-9	37.905039	19.586780	18.318259
 10-14 	38.653781	20.134569	18.519211
 15-19 	980.856418	586.378365	394.478053
 20-24 	5649.315586	3766.492538	1882.823048
 25-29 	12698.061813	8920.471520	3777.590293
 30-34 	17676.591251	12841.424651	4835.166600
 35-39 	17402.622770	12945.994770	4456.627999
 40-44 	15337.924034	11488.998968	3848.925066
 45-49 	15256.196657	11221.449778	4034.746879
 50-54 	12872.820300	8997.021340	3875.798960
 55-59 	10648.583889	7091.016557	3557.567332
 60-64 	9073.392814	6116.581522	2956.811291
 65-69 	7490.359579	5242.929052	2247.430528
 70-74 	5630.551111	3988.358827	1642.192284
 75-79 	3732.244191	2622.252379	1109.991812
 80+ 	2193.819462	1413.552763	780.266699
Total	136755.581426	97300.967719	39454.613707
2041			
 0-4	35.416348	18.186290	17.230058
 5-9	37.678120	19.469565	18.208555
 10-14 	38.752761	20.225052	18.527709
 15-19 	958.873005	572.416190	386.456814
 20-24 	5521.188064	3677.357504	1843.830560
 25-29 	12457.725915	8759.932930	3697.792985
 30-34 	17680.161072	12846.469791	4833.691281
 35-39 	17705.143594	13178.369421	4526.774173
 40-44 	15133.788284	11355.287544	3778.500741
 45-49 	14525.087133	10732.797428	3792.289704
 50-54 	12749.981648	8989.455489	3760.526159
 55-59 	10462.818630	6990.042148	3472.776482
 60-64 	8961.884408	6004.683214	2957.201194
 65-69 	7513.850461	5226.357713	2287.492747
 70-74 	5711.773385	4032.667341	1679.106044
 75-79 	3823.518472	2689.747487	1133.770985
 80+ 	2361.590313	1526.469818	835.120496
Total	135679.231613	96639.934925	39039.296688
2042			
 0-4	35.134602	18.041374	17.093228
 5-9	37.475894	19.365648	18.110246
 10-14 	38.547404	20.149059	18.398345
 15-19 	939.348313	559.883386	379.464927
 20-24 	5387.855807	3585.138755	1802.717052
 25-29 	12211.351833	8589.426426	3621.925407
 30-34 	17601.100679	12792.880210	4808.220469
 35-39 	17991.790466	13397.765525	4594.024941
 40-44 	15089.558414	11335.290549	3754.267864
 45-49 	13834.649477	10262.453259	3572.196217
 50-54 	12563.385418	8930.281054	3633.104364
 55-59 	10291.530145	6913.785217	3377.744928
 60-64 	8849.731351	5901.249823	2948.481527
 65-69 	7496.890216	5179.955167	2316.935049
 70-74 	5801.107419	4079.530018	1721.577401
 75-79 	3902.350500	2746.551572	1155.798928
 80+ 	2525.919782	1637.127614	888.792168
Total	134597.727718	95968.874656	38628.853062
2043			
 0-4	34.865229	17.902839	16.962391
 5-9	37.267382	19.258094	18.009288
 10-14 	37.695728	19.716266	17.979461
 15-19 	922.397165	548.941742	373.455423
 20-24 	5256.515785	3494.114571	1762.401213
 25-29 	11981.343141	8422.360274	3558.982867
 30-34 	17408.702463	12665.635539	4743.066923
 35-39 	18248.431057	13588.669869	4659.761187
 40-44 	15178.840096	11413.043594	3765.796502
 45-49 	13240.860190	9853.304516	3387.555674
 50-54 	12273.856424	8788.610385	3485.246039
 55-59 	10148.746625	6868.397157	3280.349468
 60-64 	8733.364503	5806.100287	2927.264216
 65-69 	7451.336587	5114.218715	2337.117872
 70-74 	5892.557543	4123.901975	1768.655568
 75-79 	3968.615562	2792.400162	1176.215400
 80+ 	2684.679325	1744.021556	940.657770
Total	133500.074806	95280.597543	38219.477263
2044			
 0-4	34.604026	17.768511	16.835514
 5-9	37.042274	19.141396	17.900879
 10-14 	37.084466	19.387902	17.696565
 15-19 	908.319234	539.844328	368.474907
 20-24 	5129.869653	3406.131575	1723.738078
 25-29 	11720.074054	8234.055616	3486.018438
 30-34 	17185.554626	12512.074321	4673.480305
 35-39 	18427.634577	13719.724804	4707.909773
 40-44 	15347.919310	11548.556133	3799.363178
 45-49 	12801.250046	9550.775771	3250.474275
 50-54 	11878.899865	8560.376254	3318.523611
 55-59 	10037.001531	6851.956198	3185.045333
 60-64 	8606.633313	5717.055277	2889.578036
 65-69 	7392.803057	5040.941499	2351.861558
 70-74 	5977.141210	4161.027883	1816.113327
 75-79 	4025.854489	2829.014828	1196.839661
 80+ 	2836.620526	1845.846704	990.773822
Total	132384.306258	94573.678999	37810.627259
2045			
 0-4	34.323419	17.624209	16.699210
 5-9	36.792352	19.011506	17.780846
 10-14 	36.740348	19.207123	17.533225
 15-19 	896.601797	532.396254	364.205543
 20-24 	5012.917993	3324.465238	1688.452755
 25-29 	11453.925616	8040.392574	3413.533041
 30-34 	16925.986748	12330.501688	4595.485060
 35-39 	18509.456825	13778.285170	4731.171655
 40-44 	15578.298408	11729.119982	3849.178426
 45-49 	12526.361162	9363.301857	3163.059305
 50-54 	11388.522028	8252.439147	3136.082880
 55-59 	9948.912653	6854.891861	3094.020792
 60-64 	8475.255057	5638.303097	2836.951960
 65-69 	7328.878067	4967.423523	2361.454545
 70-74 	6025.194723	4169.872840	1855.321883
 75-79 	4097.312083	2873.392340	1223.919743
 80+ 	2980.505642	1941.843793	1038.661848
Total	131255.984920	93852.472203	37403.512718
2046			
 0-4	34.000599	17.458276	16.542323
 5-9	36.523754	18.871713	17.652041
 10-14 	36.490205	19.077081	17.413125
 15-19 	887.110585	526.505537	360.605048
 20-24 	4909.352471	3251.688384	1657.664086
 25-29 	11188.268358	7846.381266	3341.887092
 30-34 	16636.388454	12124.327395	4512.061059
 35-39 	18496.898115	13769.037294	4727.860821
 40-44 	15846.411566	11934.413753	3911.997812
 45-49 	12379.681832	9267.674334	3112.007498
 50-54 	10861.591631	7908.394751	2953.196880
 55-59 	9863.244017	6858.487349	3004.756668
 60-64 	8344.528238	5573.348639	2771.179599
 65-69 	7261.478624	4896.850130	2364.628494
 70-74 	6059.203458	4168.681052	1890.522406
 75-79 	4166.176315	2912.051099	1254.125216
 80+ 	3112.808818	2029.376538	1083.432281
Total	130120.157041	93122.624591	36997.532450
2047			
 0-4	33.607116	17.256121	16.350994
 5-9	36.243359	18.725786	17.517573
 10-14 	36.270652	18.963283	17.307368
 15-19 	880.468208	522.441429	358.026779
 20-24 	4821.638412	3189.946469	1631.691943
 25-29 	10924.043412	7654.349720	3269.693692
 30-34 	16332.966798	11903.045818	4429.920979
 35-39 	18412.592835	13708.002400	4704.590435
 40-44 	16102.482604	12129.665777	3972.816827
 45-49 	12361.387660	9263.297271	3098.090388
 50-54 	10364.003673	7576.875500	2787.128172
 55-59 	9730.307229	6824.285529	2906.021700
 60-64 	8224.466479	5527.369469	2697.097009
 65-69 	7195.016907	4834.454090	2360.562817
 70-74 	6063.694625	4146.256898	1917.437727
 75-79 	4241.810531	2953.071815	1288.738715
 80+ 	3237.647413	2110.796901	1126.850512
Total	128998.647911	92398.804279	36599.843632
2048			
 0-4	33.196288	17.044974	16.151314
 5-9	35.950391	18.573612	17.376779
 10-14 	36.039275	18.842422	17.196852
 15-19 	875.867688	519.725690	356.141998
 20-24 	4750.430724	3139.967540	1610.463184
 25-29 	10673.341040	7472.037064	3201.303976
 30-34 	16036.516568	11679.956257	4356.560310
 35-39 	18235.881205	13586.167703	4649.713502
 40-44 	16334.690674	12302.022846	4032.667828
 45-49 	12451.835600	9338.599121	3113.236479
 50-54 	9937.320103	7289.152402	2648.167701
 55-59 	9520.502855	6729.166148	2791.336707
 60-64 	8126.944420	5505.725247	2621.219173
 65-69 	7127.002544	4780.340218	2346.662327
 70-74 	6048.445714	4111.120845	1937.324869
 75-79 	4319.626399	2992.804633	1326.821765
 80+ 	3353.667683	2185.059857	1168.607826
Total	127897.259172	91686.306582	36210.952590
2049			
 0-4	32.778177	16.830076	15.948100
 5-9	35.643639	18.414631	17.229009
 10-14 	35.786663	18.709526	17.077138
 15-19 	872.613447	517.859053	354.754394
 20-24 	4694.887021	3101.288274	1593.598746
 25-29 	10441.762501	7303.345543	3138.416959
 30-34 	15711.043298	11437.020291	4274.023006
 35-39 	18034.823678	13442.935426	4591.888253
 40-44 	16503.660839	12425.469184	4078.191655
 45-49 	12610.568424	9463.611967	3146.956456
 50-54 	9625.332078	7079.392688	2545.939390
 55-59 	9231.127298	6569.252655	2661.874644
 60-64 	8054.390330	5507.201899	2547.188431
 65-69 	7052.337809	4732.573882	2319.763927
 70-74 	6025.901091	4072.568930	1953.332161
 75-79 	4392.899406	3027.842573	1365.056833
 80+ 	3462.487832	2252.445641	1210.042191
Total	126818.043533	90986.762238	35831.281294
2050			
 0-4	32.333051	16.601441	15.731610
 5-9	35.326470	18.250450	17.076019
 10-14 	35.515403	18.566303	16.949100
 15-19 	870.354258	516.629024	353.725234
 20-24 	4652.989068	3072.707719	1580.281349
 25-29 	10235.314100	7152.361716	3082.952384
 30-34 	15382.715202	11190.315146	4192.400056
 35-39 	17800.280881	13273.990489	4526.290392
 40-44 	16593.056221	12489.462371	4103.593850
 45-49 	12821.202143	9626.867489	3194.334654
 50-54 	9436.912344	6954.436700	2482.475644
 55-59 	8867.565389	6347.809530	2519.755859
 60-64 	8000.397126	5523.745760	2476.651365
 65-69 	6973.929817	4693.098816	2280.831001
 70-74 	6000.659717	4035.182918	1965.476799
 75-79 	4439.427621	3042.592272	1396.835349
 80+ 	3577.926117	2323.186098	1254.740019
Total	125755.904928	90295.804243	35460.100685
																																																																																																																																																																																																																																																						
