SouthAfricaIC2	Total	Male	Female
1970			
 0-4	0.000000	0.000000	0.000000
 5-9	0.000000	0.000000	0.000000
 10-14 	0.000000	0.000000	0.000000
 15-19 	0.000000	0.000000	0.000000
 20-24 	0.000000	0.000000	0.000000
 25-29 	0.000000	0.000000	0.000000
 30-34 	0.000000	0.000000	0.000000
 35-39 	0.000000	0.000000	0.000000
 40-44 	0.000000	0.000000	0.000000
 45-49 	0.000000	0.000000	0.000000
 50-54 	0.000000	0.000000	0.000000
 55-59 	0.000000	0.000000	0.000000
 60-64 	0.000000	0.000000	0.000000
 65-69 	0.000000	0.000000	0.000000
 70-74 	0.000000	0.000000	0.000000
 75-79 	0.000000	0.000000	0.000000
 80+ 	0.000000	0.000000	0.000000
Total	0.000000	0.000000	0.000000
1971			
 0-4	0.000000	0.000000	0.000000
 5-9	0.000000	0.000000	0.000000
 10-14 	0.000000	0.000000	0.000000
 15-19 	0.000000	0.000000	0.000000
 20-24 	0.000000	0.000000	0.000000
 25-29 	0.000000	0.000000	0.000000
 30-34 	0.000000	0.000000	0.000000
 35-39 	0.000000	0.000000	0.000000
 40-44 	0.000000	0.000000	0.000000
 45-49 	0.000000	0.000000	0.000000
 50-54 	0.000000	0.000000	0.000000
 55-59 	0.000000	0.000000	0.000000
 60-64 	0.000000	0.000000	0.000000
 65-69 	0.000000	0.000000	0.000000
 70-74 	0.000000	0.000000	0.000000
 75-79 	0.000000	0.000000	0.000000
 80+ 	0.000000	0.000000	0.000000
Total	0.000000	0.000000	0.000000
1972			
 0-4	0.000000	0.000000	0.000000
 5-9	0.000000	0.000000	0.000000
 10-14 	0.000000	0.000000	0.000000
 15-19 	0.000000	0.000000	0.000000
 20-24 	0.000000	0.000000	0.000000
 25-29 	0.000000	0.000000	0.000000
 30-34 	0.000000	0.000000	0.000000
 35-39 	0.000000	0.000000	0.000000
 40-44 	0.000000	0.000000	0.000000
 45-49 	0.000000	0.000000	0.000000
 50-54 	0.000000	0.000000	0.000000
 55-59 	0.000000	0.000000	0.000000
 60-64 	0.000000	0.000000	0.000000
 65-69 	0.000000	0.000000	0.000000
 70-74 	0.000000	0.000000	0.000000
 75-79 	0.000000	0.000000	0.000000
 80+ 	0.000000	0.000000	0.000000
Total	0.000000	0.000000	0.000000
1973			
 0-4	0.000000	0.000000	0.000000
 5-9	0.000000	0.000000	0.000000
 10-14 	0.000000	0.000000	0.000000
 15-19 	0.000000	0.000000	0.000000
 20-24 	0.000000	0.000000	0.000000
 25-29 	0.000000	0.000000	0.000000
 30-34 	0.000000	0.000000	0.000000
 35-39 	0.000000	0.000000	0.000000
 40-44 	0.000000	0.000000	0.000000
 45-49 	0.000000	0.000000	0.000000
 50-54 	0.000000	0.000000	0.000000
 55-59 	0.000000	0.000000	0.000000
 60-64 	0.000000	0.000000	0.000000
 65-69 	0.000000	0.000000	0.000000
 70-74 	0.000000	0.000000	0.000000
 75-79 	0.000000	0.000000	0.000000
 80+ 	0.000000	0.000000	0.000000
Total	0.000000	0.000000	0.000000
1974			
 0-4	0.000000	0.000000	0.000000
 5-9	0.000000	0.000000	0.000000
 10-14 	0.000000	0.000000	0.000000
 15-19 	0.000000	0.000000	0.000000
 20-24 	0.000000	0.000000	0.000000
 25-29 	0.000000	0.000000	0.000000
 30-34 	0.000000	0.000000	0.000000
 35-39 	0.000000	0.000000	0.000000
 40-44 	0.000000	0.000000	0.000000
 45-49 	0.000000	0.000000	0.000000
 50-54 	0.000000	0.000000	0.000000
 55-59 	0.000000	0.000000	0.000000
 60-64 	0.000000	0.000000	0.000000
 65-69 	0.000000	0.000000	0.000000
 70-74 	0.000000	0.000000	0.000000
 75-79 	0.000000	0.000000	0.000000
 80+ 	0.000000	0.000000	0.000000
Total	0.000000	0.000000	0.000000
1975			
 0-4	0.000000	0.000000	0.000000
 5-9	0.000000	0.000000	0.000000
 10-14 	0.000000	0.000000	0.000000
 15-19 	0.000000	0.000000	0.000000
 20-24 	0.000000	0.000000	0.000000
 25-29 	0.000000	0.000000	0.000000
 30-34 	0.000000	0.000000	0.000000
 35-39 	0.000000	0.000000	0.000000
 40-44 	0.000000	0.000000	0.000000
 45-49 	0.000000	0.000000	0.000000
 50-54 	0.000000	0.000000	0.000000
 55-59 	0.000000	0.000000	0.000000
 60-64 	0.000000	0.000000	0.000000
 65-69 	0.000000	0.000000	0.000000
 70-74 	0.000000	0.000000	0.000000
 75-79 	0.000000	0.000000	0.000000
 80+ 	0.000000	0.000000	0.000000
Total	0.000000	0.000000	0.000000
1976			
 0-4	0.094389	0.047820	0.046570
 5-9	0.000000	0.000000	0.000000
 10-14 	0.000000	0.000000	0.000000
 15-19 	0.684483	0.487466	0.197016
 20-24 	1.763159	1.375028	0.388131
 25-29 	1.755392	1.430638	0.324755
 30-34 	1.442324	1.205051	0.237273
 35-39 	1.044837	0.880443	0.164394
 40-44 	0.711805	0.599170	0.112635
 45-49 	0.449788	0.375335	0.074453
 50-54 	0.262217	0.214405	0.047812
 55-59 	0.162760	0.133607	0.029153
 60-64 	0.105448	0.089561	0.015888
 65-69 	0.071586	0.060957	0.010628
 70-74 	0.042345	0.033883	0.008462
 75-79 	0.013154	0.011932	0.001222
 80+ 	0.000000	0.000000	0.000000
Total	8.603688	6.945296	1.658392
1977			
 0-4	0.248794	0.125943	0.122851
 5-9	0.012995	0.006567	0.006428
 10-14 	0.000000	0.000000	0.000000
 15-19 	1.131903	0.798818	0.333085
 20-24 	3.405561	2.639762	0.765799
 25-29 	3.629815	2.945916	0.683899
 30-34 	2.962236	2.471306	0.490931
 35-39 	2.181284	1.837345	0.343939
 40-44 	1.477570	1.242988	0.234581
 45-49 	0.943888	0.787656	0.156232
 50-54 	0.553799	0.454223	0.099576
 55-59 	0.333981	0.273187	0.060793
 60-64 	0.217107	0.183409	0.033698
 65-69 	0.143829	0.122668	0.021161
 70-74 	0.087686	0.070161	0.017525
 75-79 	0.028603	0.025286	0.003317
 80+ 	0.000980	0.000980	0.000000
Total	17.360031	13.986215	3.373816
1978			
 0-4	0.413013	0.208967	0.204046
 5-9	0.044084	0.022262	0.021822
 10-14 	0.002479	0.001252	0.001227
 15-19 	1.407591	0.987146	0.420445
 20-24 	4.850419	3.735366	1.115054
 25-29 	5.602339	4.526604	1.075735
 30-34 	4.561306	3.798310	0.762996
 35-39 	3.399780	2.862501	0.537278
 40-44 	2.293281	1.928202	0.365079
 45-49 	1.473943	1.229653	0.244290
 50-54 	0.870959	0.716247	0.154712
 55-59 	0.512565	0.418259	0.094306
 60-64 	0.332609	0.279413	0.053197
 65-69 	0.215939	0.184199	0.031740
 70-74 	0.134032	0.107554	0.026479
 75-79 	0.046276	0.039809	0.006467
 80+ 	0.002960	0.002943	0.000017
Total	26.163575	21.048689	5.114887
1979			
 0-4	0.649600	0.328608	0.320992
 5-9	0.090225	0.045541	0.044684
 10-14 	0.010296	0.005197	0.005098
 15-19 	1.725984	1.137689	0.588295
 20-24 	6.406888	4.759637	1.647251
 25-29 	7.925368	6.246489	1.678879
 30-34 	6.483929	5.293091	1.190838
 35-39 	4.846464	4.011151	0.835312
 40-44 	3.264251	2.697633	0.566618
 45-49 	2.099264	1.720039	0.379224
 50-54 	1.246025	1.007580	0.238445
 55-59 	0.722438	0.577965	0.144473
 60-64 	0.463191	0.380700	0.082490
 65-69 	0.297248	0.249113	0.048135
 70-74 	0.186634	0.146824	0.039810
 75-79 	0.066967	0.055972	0.010994
 80+ 	0.005875	0.005704	0.000170
Total	36.490645	28.668934	7.821711
1980			
 0-4	0.937421	0.474157	0.463264
 5-9	0.157773	0.079614	0.078158
 10-14 	0.025035	0.012632	0.012403
 15-19 	1.940769	1.176543	0.764226
 20-24 	7.734925	5.471868	2.263058
 25-29 	10.229665	7.805210	2.424456
 30-34 	8.489327	6.753269	1.736059
 35-39 	6.322316	5.117405	1.204912
 40-44 	4.262058	3.445168	0.816890
 45-49 	2.732118	2.186484	0.545634
 50-54 	1.621749	1.280675	0.341074
 55-59 	0.933295	0.728220	0.205074
 60-64 	0.586157	0.468386	0.117771
 65-69 	0.373924	0.305814	0.068110
 70-74 	0.235791	0.180588	0.055203
 75-79 	0.088284	0.071380	0.016904
 80+ 	0.009623	0.009091	0.000533
Total	46.680232	35.566503	11.113730
1981			
 0-4	1.388984	0.702597	0.686387
 5-9	0.248626	0.125441	0.123185
 10-14 	0.049108	0.024770	0.024338
 15-19 	2.558356	1.410983	1.147374
 20-24 	9.849859	6.542699	3.307160
 25-29 	13.457750	9.829254	3.628496
 30-34 	11.382926	8.744856	2.638071
 35-39 	8.377364	6.575602	1.801762
 40-44 	5.659255	4.434469	1.224786
 45-49 	3.603737	2.788260	0.815477
 50-54 	2.137140	1.628941	0.508198
 55-59 	1.229420	0.927460	0.301960
 60-64 	0.755290	0.581828	0.173462
 65-69 	0.483265	0.381863	0.101402
 70-74 	0.304659	0.224018	0.080641
 75-79 	0.116004	0.090701	0.025303
 80+ 	0.013653	0.012617	0.001036
Total	61.615396	45.026357	16.589039
1982			
 0-4	2.171584	1.098606	1.072978
 5-9	0.379784	0.191610	0.188174
 10-14 	0.084700	0.042713	0.041987
 15-19 	3.915964	1.970438	1.945526
 20-24 	13.845473	8.549947	5.295526
 25-29 	18.704129	12.916820	5.787309
 30-34 	16.067374	11.799438	4.267936
 35-39 	11.634333	8.769938	2.864395
 40-44 	7.881195	5.923739	1.957456
 45-49 	4.979832	3.680360	1.299472
 50-54 	2.958210	2.147133	0.811077
 55-59 	1.707065	1.231801	0.475264
 60-64 	1.029590	0.757817	0.271772
 65-69 	0.664853	0.502390	0.162463
 70-74 	0.419464	0.291892	0.127572
 75-79 	0.157876	0.119093	0.038782
 80+ 	0.018173	0.016440	0.001733
Total	86.619597	60.010175	26.609422
1983			
 0-4	3.856224	1.951307	1.904917
 5-9	0.587268	0.296317	0.290951
 10-14 	0.136710	0.068932	0.067778
 15-19 	7.526481	3.494394	4.032087
 20-24 	23.695176	13.564506	10.130670
 25-29 	30.145427	19.441256	10.704171
 30-34 	25.862960	17.923469	7.939491
 35-39 	18.405483	13.151345	5.254138
 40-44 	12.479786	8.869756	3.610030
 45-49 	7.841478	5.445442	2.396036
 50-54 	4.690693	3.187629	1.503064
 55-59 	2.721055	1.852226	0.868829
 60-64 	1.627135	1.134239	0.492896
 65-69 	1.065024	0.761620	0.303404
 70-74 	0.677233	0.438921	0.238312
 75-79 	0.241332	0.175761	0.065571
 80+ 	0.023701	0.021109	0.002592
Total	141.583165	91.778229	49.804935
1984			
 0-4	8.029777	4.064247	3.965530
 5-9	0.977426	0.493290	0.484137
 10-14 	0.215726	0.108773	0.106953
 15-19 	17.358505	7.470143	9.888361
 20-24 	49.684505	26.446329	23.238176
 25-29 	58.836946	35.254209	23.582738
 30-34 	49.635655	32.161550	17.474105
 35-39 	34.777754	23.317264	11.460489
 40-44 	23.532011	15.643554	7.888457
 45-49 	14.768132	9.516233	5.251899
 50-54 	8.922293	5.607926	3.314366
 55-59 	5.210226	3.312851	1.897374
 60-64 	3.110264	2.044431	1.065833
 65-69 	2.062978	1.388952	0.674026
 70-74 	1.332022	0.798310	0.533712
 75-79 	0.438915	0.309017	0.129898
 80+ 	0.032224	0.028612	0.003611
Total	278.925359	167.965692	110.959667
1985			
 0-4	19.002068	9.619575	9.382494
 5-9	1.850634	0.934296	0.916338
 10-14 	0.350085	0.176543	0.173542
 15-19 	44.230842	17.914713	26.316129
 20-24 	119.700850	60.138409	59.562442
 25-29 	134.603801	75.857080	58.746721
 30-34 	111.670152	68.143032	43.527120
 35-39 	77.449042	48.996625	28.452417
 40-44 	52.071559	32.579137	19.492422
 45-49 	32.766232	19.720687	13.045545
 50-54 	19.937951	11.670272	8.267679
 55-59 	11.729761	7.013865	4.715896
 60-64 	7.004505	4.383311	2.621194
 65-69 	4.679414	2.993110	1.686304
 70-74 	3.078214	1.727525	1.350689
 75-79 	0.946420	0.647689	0.298731
 80+ 	0.049391	0.044297	0.005093
Total	641.120922	362.560167	278.560755
1986			
 0-4	48.346290	24.477582	23.868708
 5-9	4.031771	2.036118	1.995654
 10-14 	0.618650	0.312069	0.306581
 15-19 	116.608549	44.779543	71.829006
 20-24 	307.095702	146.944024	160.151678
 25-29 	334.894290	179.665445	155.228845
 30-34 	275.538333	160.065081	115.473252
 35-39 	190.713947	115.024115	75.689832
 40-44 	126.727951	75.510776	51.217175
 45-49 	80.231113	45.718551	34.512562
 50-54 	48.885876	26.985666	21.900210
 55-59 	28.969219	16.453088	12.516130
 60-64 	17.308210	10.425252	6.882958
 65-69 	11.544143	7.086002	4.458141
 70-74 	7.764172	4.135942	3.628230
 75-79 	2.270727	1.516537	0.754190
 80+ 	0.090665	0.082654	0.008012
Total	1601.639610	861.218447	740.421164
1987			
 0-4	125.283473	63.435504	61.847969
 5-9	9.750505	4.925439	4.825066
 10-14 	1.238795	0.625129	0.613666
 15-19 	304.280461	111.218195	193.062266
 20-24 	794.434133	363.677667	430.756466
 25-29 	850.262347	437.446507	412.815841
 30-34 	698.474133	389.299550	309.174583
 35-39 	485.993617	281.710478	204.283139
 40-44 	318.040817	182.209926	135.830890
 45-49 	202.952994	110.740350	92.212644
 50-54 	123.274185	64.826697	58.447488
 55-59 	73.522933	39.929045	33.593888
 60-64 	43.959842	25.671841	18.288001
 65-69 	29.068823	17.242105	11.826718
 70-74 	20.039779	10.219743	9.820036
 75-79 	5.670321	3.698083	1.972238
 80+ 	0.195881	0.180707	0.015174
Total	4086.443037	2107.056966	1979.386072
1988			
 0-4	318.438573	161.243287	157.195287
 5-9	24.749838	12.504580	12.245259
 10-14 	2.801319	1.414123	1.387196
 15-19 	767.906198	269.019464	498.886734
 20-24 	2013.790990	886.750239	1127.040752
 25-29 	2128.091065	1057.013727	1071.077338
 30-34 	1750.081175	942.439520	807.641655
 35-39 	1229.277887	689.689374	539.588513
 40-44 	793.338536	440.457517	352.881018
 45-49 	509.433039	268.687231	240.745808
 50-54 	308.257088	155.848305	152.408784
 55-59 	184.683482	96.516856	88.166625
 60-64 	110.510813	62.915459	47.595355
 65-69 	72.236504	41.683813	30.552691
 70-74 	50.909704	25.035139	25.874566
 75-79 	14.171072	9.019988	5.151084
 80+ 	0.462828	0.428412	0.034417
Total	10279.140112	5120.667032	5158.473081
1989			
 0-4	774.236833	392.043639	382.193194
 5-9	62.905625	31.786230	31.119395
 10-14 	6.851475	3.459598	3.391876
 15-19 	1843.669244	624.822422	1218.846822
 20-24 	4893.642715	2084.175296	2809.467419
 25-29 	5135.626996	2477.676199	2657.950797
 30-34 	4225.606711	2212.441106	2013.165605
 35-39 	3000.171779	1639.066188	1361.105591
 40-44 	1921.204949	1040.531383	880.673566
 45-49 	1234.785989	634.558667	600.227322
 50-54 	746.008010	365.666959	380.341051
 55-59 	447.441873	226.352655	221.089218
 60-64 	268.027175	149.231822	118.795353
 65-69 	173.441029	98.009905	75.431124
 70-74 	123.977987	59.192677	64.785310
 75-79 	34.581264	21.449804	13.131460
 80+ 	1.124955	1.037117	0.087838
Total	24893.304608	12061.501667	12831.802941
1990			
 0-4	1777.484063	900.034213	877.449850
 5-9	155.059842	78.357747	76.702094
 10-14 	17.212316	8.692796	8.519519
 15-19 	4157.756122	1369.969310	2787.786812
 20-24 	11212.050576	4632.133703	6579.916873
 25-29 	11777.710640	5534.542183	6243.168457
 30-34 	9675.604331	4941.745895	4733.858437
 35-39 	6941.764738	3703.026248	3238.738490
 40-44 	4441.911990	2354.544264	2087.367725
 45-49 	2840.335470	1429.610525	1410.724945
 50-54 	1721.011704	823.323430	897.688274
 55-59 	1030.318017	507.014341	523.303676
 60-64 	618.066385	337.093261	280.973123
 65-69 	397.032588	221.022600	176.009987
 70-74 	284.935849	132.960584	151.975264
 75-79 	80.868435	48.828446	32.039989
 80+ 	2.718217	2.481065	0.237152
Total	57131.841282	27025.380613	30106.460669
1991			
 0-4	3832.454327	1940.530845	1891.923482
 5-9	364.126553	184.014319	180.112234
 10-14 	42.676263	21.555376	21.120887
 15-19 	8739.842210	2798.249780	5941.592430
 20-24 	24019.846534	9645.096413	14374.750121
 25-29 	25443.198883	11652.637150	13790.561734
 30-34 	20821.873508	10388.038813	10433.834695
 35-39 	15085.611320	7863.501689	7222.109631
 40-44 	9711.835349	5041.914506	4669.920843
 45-49 	6143.837385	3034.900457	3108.936928
 50-54 	3749.843248	1756.970080	1992.873168
 55-59 	2234.795913	1072.157201	1162.638712
 60-64 	1342.792405	716.919429	625.872976
 65-69 	858.064590	472.117499	385.947091
 70-74 	613.200090	280.763619	332.436471
 75-79 	179.020832	105.115988	73.904844
 80+ 	6.381491	5.737996	0.643494
Total	123189.400901	56980.221159	66209.179741
1992			
 0-4	7695.843395	3896.622325	3799.221070
 5-9	807.795541	408.233850	399.561690
 10-14 	101.932997	51.488600	50.444397
 15-19 	16906.164092	5280.989340	11625.174752
 20-24 	47575.551784	18645.196729	28930.355055
 25-29 	51220.803522	22922.075925	28298.727597
 30-34 	41700.694959	20382.468125	21318.226834
 35-39 	30479.055931	15562.926055	14916.129876
 40-44 	19849.122724	10110.991963	9738.130761
 45-49 	12385.951454	6020.144919	6365.806535
 50-54 	7630.734151	3515.047463	4115.686688
 55-59 	4521.991390	2121.466008	2400.525382
 60-64 	2720.786520	1422.696174	1298.090346
 65-69 	1731.345780	944.680294	786.665486
 70-74 	1225.175938	553.463638	671.712300
 75-79 	370.945103	211.821570	159.123533
 80+ 	14.399808	12.683921	1.715887
Total	246938.295088	112062.996898	134875.298190
1993			
 0-4	14280.414115	7230.368378	7050.045737
 5-9	1680.298069	849.177564	831.120505
 10-14 	231.644450	117.012496	114.631955
 15-19 	29897.902566	9153.813253	20744.089313
 20-24 	86458.428818	33243.917834	53214.510984
 25-29 	95241.511285	41795.983559	53445.527727
 30-34 	77186.909729	37094.899148	40092.010581
 35-39 	56844.488723	28516.797926	28327.690796
 40-44 	37580.272865	18814.719751	18765.553115
 45-49 	23200.602618	11109.909771	12090.692848
 50-54 	14389.933837	6531.376591	7858.557247
 55-59 	8492.053006	3905.059875	4586.993132
 60-64 	5104.575790	2615.452961	2489.122828
 65-69 	3233.688920	1751.735833	1481.953088
 70-74 	2261.293497	1013.758287	1247.535210
 75-79 	711.866482	395.473644	316.392838
 80+ 	31.031180	26.599534	4.431647
Total	456826.915952	204166.056403	252660.859550
1994			
 0-4	24324.821079	12315.691031	12009.130048
 5-9	3255.541925	1645.277034	1610.264891
 10-14 	496.726661	250.919728	245.806933
 15-19 	48144.636025	14462.119172	33682.516853
 20-24 	143656.773568	54418.423117	89238.350451
 25-29 	162219.249121	69952.959769	92266.289352
 30-34 	131384.986025	62235.729880	69149.256145
 35-39 	97360.916992	48064.694011	49296.222981
 40-44 	65475.148478	32213.896302	33261.252176
 45-49 	40331.135321	18998.553527	21332.581793
 50-54 	25027.557570	11181.527903	13846.029667
 55-59 	14758.758030	6651.282531	8107.475499
 60-64 	8824.535594	4424.417917	4400.117677
 65-69 	5555.431897	2980.319268	2575.112629
 70-74 	3841.437694	1715.281767	2126.155926
 75-79 	1255.712067	677.926779	577.785289
 80+ 	63.377162	52.496142	10.881020
Total	775976.745207	342241.515876	433735.229331
1995			
 0-4	37939.745426	19207.560447	18732.184979
 5-9	5843.614012	2953.245898	2890.368114
 10-14 	998.741397	504.514206	494.227191
 15-19 	70564.920575	20858.924180	49705.996395
 20-24 	218114.097630	81545.678778	136568.418852
 25-29 	252804.211070	107682.286678	145121.924392
 30-34 	205718.592038	96403.326007	109315.266030
 35-39 	153108.304860	74602.052446	78506.252414
 40-44 	104804.152745	50753.815514	54050.337231
 45-49 	64965.409575	30109.515586	34855.893990
 50-54 	40061.950398	17615.925630	22446.024768
 55-59 	23704.831988	10475.244220	13229.587768
 60-64 	14053.397723	6889.145510	7164.252214
 65-69 	8782.332334	4653.929696	4128.402637
 70-74 	6003.280273	2681.258879	3322.021394
 75-79 	2036.771450	1067.249119	969.522331
 80+ 	121.155756	96.325835	24.829921
Total	1209625.509250	528099.998629	681525.510621
1996			
 0-4	54403.427805	27540.317101	26863.110704
 5-9	9694.809894	4899.421176	4795.388718
 10-14 	1873.935408	946.618157	927.317251
 15-19 	94366.372463	27484.005616	66882.366847
 20-24 	303269.721824	111985.239749	191284.482075
 25-29 	362122.031373	152856.352877	209265.678495
 30-34 	297389.758775	138231.999958	159157.758817
 35-39 	221831.328770	106940.067315	114891.261455
 40-44 	154607.514100	73779.862149	80827.651951
 45-49 	97208.010021	44341.175051	52866.834969
 50-54 	59208.300134	25613.380878	33594.919256
 55-59 	35294.571689	15293.897015	20000.674674
 60-64 	20687.928494	9901.213500	10786.714994
 65-69 	12821.495866	6688.540048	6132.955818
 70-74 	8657.203502	3877.782629	4779.420873
 75-79 	3049.351616	1547.432320	1501.919296
 80+ 	216.358300	164.066996	52.291304
Total	1736702.120034	752091.372536	984610.747498
1997			
 0-4	72369.475583	36632.617966	35736.857616
 5-9	14898.474116	7528.741097	7369.733019
 10-14 	3273.380987	1653.506226	1619.874761
 15-19 	115908.230076	33388.569974	82519.660101
 20-24 	389344.341895	142173.395899	247170.945996
 25-29 	480817.518281	201650.106554	279167.411726
 30-34 	400481.416898	185152.597038	215328.819860
 35-39 	298631.634685	142914.186987	155717.447697
 40-44 	211610.239956	99762.761231	111847.478725
 45-49 	135662.590453	61043.523027	74619.067426
 50-54 	81425.882785	34698.834345	46727.048439
 55-59 	48972.110427	20836.963594	28135.146834
 60-64 	28373.352573	13256.271480	15117.081094
 65-69 	17423.480165	8929.122583	8494.357582
 70-74 	11606.821646	5223.875039	6382.946607
 75-79 	4251.109063	2088.884268	2162.224795
 80+ 	359.337739	258.359600	100.978139
Total	2315409.397326	997192.316908	1318217.080418
1998			
 0-4	90520.275643	45816.945696	44703.329947
 5-9	21336.103758	10780.996474	10555.107283
 10-14 	5328.574412	2691.517511	2637.056901
 15-19 	132314.587734	37803.645299	94510.942434
 20-24 	466991.702845	168609.309915	298382.392930
 25-29 	598680.444808	249643.194533	349037.250275
 30-34 	507880.474516	233759.468904	274121.005612
 35-39 	377962.063375	180069.935463	197892.127912
 40-44 	271209.336012	126686.113392	144523.222620
 45-49 	177573.295514	79033.039606	98540.255908
 50-54 	105355.080098	44304.660327	61050.419772
 55-59 	63751.924770	26672.359371	37079.565399
 60-64 	36633.102109	16713.661497	19919.440612
 65-69 	22261.980430	11190.373832	11071.606598
 70-74 	14628.212034	6607.741640	8020.470394
 75-79 	5586.641819	2665.101763	2921.540056
 80+ 	556.665603	377.770277	178.895326
Total	2898570.465478	1243425.835501	1655144.629978
1999			
 0-4	107899.206590	54608.113832	53291.092758
 5-9	28735.640118	14518.248347	14217.391771
 10-14 	8116.311824	4099.301820	4017.010004
 15-19 	142347.989493	40456.761317	101891.228175
 20-24 	529703.840251	188996.737324	340707.102927
 25-29 	708406.219962	293771.192976	414635.026986
 30-34 	611889.869565	280060.509254	331829.360311
 35-39 	455360.686215	216451.980341	238908.705873
 40-44 	328841.676830	152697.952721	176143.724110
 45-49 	219641.823237	96967.953744	122673.869492
 50-54 	129625.037802	53918.844749	75706.193053
 55-59 	78493.249783	32342.892120	46150.357663
 60-64 	44986.262027	20062.903504	24923.358523
 65-69 	27020.580610	13309.252944	13711.327666
 70-74 	17538.424816	7926.225361	9612.199456
 75-79 	6997.357537	3255.256743	3742.100794
 80+ 	811.665344	518.148652	293.516693
Total	3446415.842004	1473962.275749	1972453.566255
2000			
 0-4	123903.027399	62701.971235	61201.056165
 5-9	36757.225504	18568.400989	18188.824515
 10-14 	11642.354581	5879.564798	5762.789783
 15-19 	146411.704637	41634.874634	104776.830003
 20-24 	574447.679130	202770.888534	371676.790596
 25-29 	803610.144682	330432.764068	473177.380614
 30-34 	708161.553033	322819.157025	385342.396009
 35-39 	528042.456402	250902.557818	277139.898584
 40-44 	381089.006478	176567.930906	204521.075572
 45-49 	259170.418190	113845.106188	145325.312002
 50-54 	152959.869165	63136.564826	89823.304339
 55-59 	92214.696811	37514.402451	54700.294360
 60-64 	53013.168421	23157.793771	29855.374650
 65-69 	31447.295408	15173.123528	16274.171880
 70-74 	20220.369733	9116.796259	11103.573474
 75-79 	8413.350084	3838.269499	4575.080585
 80+ 	1129.059563	677.423756	451.635807
Total	3932633.379223	1678737.590287	2253895.788937
2001			
 0-4	138186.850263	69923.571295	68263.278969
 5-9	45057.737008	22758.153475	22299.583533
 10-14 	15845.480138	8001.153952	7844.326186
 15-19 	146036.846617	41747.777300	104289.069316
 20-24 	601019.711346	210177.645605	390842.065741
 25-29 	880046.286905	358358.144316	521688.142589
 30-34 	794395.393683	360219.646889	434175.746794
 35-39 	594706.083625	282636.890815	312069.192809
 40-44 	425879.803234	197542.538806	228337.264428
 45-49 	294175.954644	128891.720215	165284.234429
 50-54 	174441.540509	71664.858210	102776.682298
 55-59 	104139.552437	41921.526165	62218.026271
 60-64 	60415.061181	25908.009363	34507.051819
 65-69 	35362.375661	16707.303672	18655.071990
 70-74 	22611.978500	10138.434109	12473.544391
 75-79 	9758.693906	4389.238916	5369.454990
 80+ 	1504.901934	850.100983	654.800951
Total	4343584.251590	1851836.714086	2491747.537504
2002			
 0-4	150390.560571	76091.502503	74299.058067
 5-9	53326.853862	26930.969793	26395.884070
 10-14 	20612.982689	10406.983575	10205.999114
 15-19 	143079.182481	41288.412980	101790.769501
 20-24 	611339.787016	212206.332839	399133.454177
 25-29 	936966.345257	377558.765402	559407.579855
 30-34 	868254.169645	391113.445943	477140.723702
 35-39 	655004.487018	311222.136416	343782.350601
 40-44 	462811.776961	215460.133342	247351.643619
 45-49 	323454.619924	141657.346832	181797.273093
 50-54 	193295.581321	79231.404933	114064.176387
 55-59 	114032.283182	45510.651111	68521.632071
 60-64 	66934.179893	28241.976024	38692.203869
 65-69 	38697.167278	17906.023497	20791.143781
 70-74 	24667.049823	10968.310860	13698.738963
 75-79 	10963.887518	4878.562731	6085.324787
 80+ 	1926.683306	1029.798510	896.884796
Total	4675757.597746	1991702.757292	2684054.840454
2003			
 0-4	159053.139564	80465.113670	78588.025894
 5-9	61277.145328	30941.684811	30335.460516
 10-14 	25799.427017	13023.487496	12775.939521
 15-19 	139324.878756	40730.750050	98594.128707
 20-24 	609275.012068	210426.174574	398848.837494
 25-29 	975753.504734	389117.798825	586635.705910
 30-34 	929182.457091	415487.299674	513695.157417
 35-39 	708325.472756	336029.876854	372295.595902
 40-44 	492858.836471	230616.255241	262242.581231
 45-49 	346653.839195	152049.790284	194604.048911
 50-54 	208944.341131	85597.807123	123346.534009
 55-59 	122165.793267	48421.268378	73744.524889
 60-64 	72376.890694	30108.021936	42268.868758
 65-69 	41495.637885	18822.647284	22672.990601
 70-74 	26364.842703	11602.467972	14762.374732
 75-79 	11985.506800	5283.304364	6702.202436
 80+ 	2373.155750	1209.061224	1164.094526
Total	4933209.881212	2099932.809759	2833277.071453
2004			
 0-4	163878.802958	82894.133506	80984.669451
 5-9	68488.208761	34577.459049	33910.749712
 10-14 	31239.335039	15766.981219	15472.353820
 15-19 	135986.653717	40397.019634	95589.634084
 20-24 	599292.071470	206441.767378	392850.304092
 25-29 	999028.710684	394637.258452	604391.452232
 30-34 	979305.371323	434920.328489	544385.042834
 35-39 	752400.607324	355542.421247	396858.186077
 40-44 	517454.710250	243448.833179	274005.877071
 45-49 	364063.013995	160229.806327	203833.207668
 50-54 	221195.810114	90661.831531	130533.978584
 55-59 	128933.796099	50832.785266	78101.010833
 60-64 	76674.521101	31501.226576	45173.294525
 65-69 	43853.144488	19529.346668	24323.797820
 70-74 	27718.649505	12052.150774	15666.498730
 75-79 	12823.366893	5601.109673	7222.257219
 80+ 	2815.778065	1378.881374	1436.896691
Total	5125152.551785	2180413.340344	2944739.211442
2005			
 0-4	165597.276424	83748.931922	81848.344502
 5-9	74603.237143	37657.870987	36945.366157
 10-14 	36727.058242	18533.458734	18193.599508
 15-19 	133724.303466	40472.281743	93252.021723
 20-24 	585577.685019	201617.164353	383960.520667
 25-29 	1010006.622239	395864.043505	614142.578734
 30-34 	1018072.063784	448158.251533	569913.812250
 35-39 	788708.804277	371741.389166	416967.415111
 40-44 	537979.059396	254379.780855	283599.278542
 45-49 	376440.900528	166502.379589	209938.520940
 50-54 	230495.723199	94574.681523	135921.041675
 55-59 	134602.443834	52866.674690	81735.769144
 60-64 	79908.214149	32476.853723	47431.360426
 65-69 	45874.114906	20091.702557	25782.412349
 70-74 	28774.088109	12340.803768	16433.284342
 75-79 	13516.009343	5852.649478	7663.359865
 80+ 	3226.817108	1530.513470	1696.303637
Total	5263834.421168	2238409.431596	3025424.989572
2006			
 0-4	165056.964570	83460.917613	81596.046957
 5-9	79457.061547	40099.859479	39357.202068
 10-14 	42039.027266	21209.949999	20829.077267
 15-19 	132852.815223	41042.550881	91810.264342
 20-24 	571569.638369	196972.250666	374597.387703
 25-29 	1011998.225466	394403.021744	617595.203722
 30-34 	1046166.309366	456677.280419	589489.028947
 35-39 	818762.777581	384550.455411	434212.322170
 40-44 	555715.864800	263823.353836	291892.510964
 45-49 	384758.714715	171236.915170	213521.799545
 50-54 	237407.868696	97530.482959	139877.385737
 55-59 	139544.231805	54678.719977	84865.511828
 60-64 	82206.431760	33101.026558	49105.405202
 65-69 	47691.748042	20583.639461	27108.108581
 70-74 	29592.451713	12501.151310	17091.300403
 75-79 	14108.752791	6056.771052	8051.981739
 80+ 	3584.438602	1658.715522	1925.723080
Total	5362513.322310	2279587.062058	3082926.260253
2007			
 0-4	159040.280525	80397.616154	78642.664371
 5-9	83046.508829	41902.757027	41143.751801
 10-14 	46975.163774	23695.552236	23279.611538
 15-19 	133421.367541	42129.296504	91292.071037
 20-24 	559175.774676	193005.836053	366169.938622
 25-29 	1008079.108766	391534.626596	616544.482170
 30-34 	1066136.239408	461941.776796	604194.462612
 35-39 	842783.874542	394223.164119	448560.710422
 40-44 	571628.941450	272117.442908	299511.498541
 45-49 	390181.603166	174858.601888	215323.001279
 50-54 	242357.943689	99705.245048	142652.698641
 55-59 	143878.102043	56306.890409	87571.211634
 60-64 	83904.992554	33516.514966	50388.477588
 65-69 	49362.049423	21036.821207	28325.228216
 70-74 	30274.258844	12590.517503	17683.741341
 75-79 	14636.330613	6227.761479	8408.569134
 80+ 	3882.498012	1762.551702	2119.946310
Total	5428765.037855	2306952.972597	3121812.065258
2008			
 0-4	154121.666034	77900.230549	76221.435485
 5-9	84923.112411	42840.562777	42082.549634
 10-14 	51384.338191	25914.371670	25469.966521
 15-19 	135620.592719	43797.276368	91823.316350
 20-24 	549194.059807	189905.334100	359288.725708
 25-29 	1001344.257401	388368.822363	612975.435038
 30-34 	1080791.059084	465416.387259	615374.671825
 35-39 	862103.147609	401651.305758	460451.841850
 40-44 	585949.357533	279267.369442	306681.988091
 45-49 	393890.722491	177807.610722	216083.111769
 50-54 	245812.429215	101327.810455	144484.618760
 55-59 	147593.287652	57727.811962	89865.475690
 60-64 	85456.503498	33910.813310	51545.690187
 65-69 	50902.549164	21458.954968	29443.594196
 70-74 	30946.852035	12677.965484	18268.886551
 75-79 	15114.480348	6373.196219	8741.284128
 80+ 	4130.483551	1844.959564	2285.523987
Total	5479278.898743	2328190.782970	3151088.115773
2009			
 0-4	131101.760309	66231.208237	64870.552072
 5-9	85661.670396	43205.849638	42455.820759
 10-14 	55066.943475	27766.050971	27300.892504
 15-19 	139415.927102	46033.335387	93382.591715
 20-24 	541713.819508	187650.633290	354063.186218
 25-29 	994124.063400	385613.567607	608510.495794
 30-34 	1092449.268482	468246.862682	624202.405801
 35-39 	879719.956709	408659.648575	471060.308134
 40-44 	597259.320881	284403.667920	312855.652961
 45-49 	396874.610370	180474.656304	216399.954066
 50-54 	248082.600407	102576.039330	145506.561077
 55-59 	150754.702249	58947.692979	91807.009271
 60-64 	87183.739351	34418.128804	52765.610547
 65-69 	52322.847655	21854.566144	30468.281511
 70-74 	31719.893103	12816.764306	18903.128797
 75-79 	15547.732840	6493.341146	9054.391695
 80+ 	4339.802282	1911.282859	2428.519422
Total	5503338.658521	2337303.296177	3166035.362344
2010			
 0-4	106496.733802	53777.772789	52718.961013
 5-9	83018.157703	41863.213970	41154.943734
 10-14 	57981.614824	29230.397507	28751.217316
 15-19 	143904.182878	48524.195284	95379.987593
 20-24 	535437.922633	185708.421809	349729.500824
 25-29 	986543.933482	382995.478730	603548.454752
 30-34 	1101669.229711	470701.460999	630967.768712
 35-39 	895066.814859	413950.150560	481116.664300
 40-44 	606436.175634	289131.977908	317304.197726
 45-49 	399475.281676	183052.939588	216422.342088
 50-54 	248992.867423	103441.021194	145551.846229
 55-59 	153482.144709	59998.330145	93483.814564
 60-64 	89102.685796	35047.933496	54054.752301
 65-69 	53583.067984	22210.223240	31372.844743
 70-74 	32619.355175	13015.431513	19603.923662
 75-79 	15926.868745	6573.311342	9353.557404
 80+ 	4506.619510	1964.166031	2542.453479
Total	5514243.656544	2341186.426105	3173057.230439
2011			
 0-4	88568.848272	44719.782254	43849.066017
 5-9	77595.891818	39119.773811	38476.118006
 10-14 	59668.805540	30075.440151	29593.365389
 15-19 	147104.480949	50623.739988	96480.740962
 20-24 	527770.627385	183097.493227	344673.134158
 25-29 	976709.459785	379372.198275	597337.261509
 30-34 	1106429.078693	471844.794692	634584.284000
 35-39 	907103.292985	417844.860291	489258.432693
 40-44 	612810.319301	292511.990424	320298.328877
 45-49 	401732.567854	185476.016005	216256.551849
 50-54 	247903.233205	103704.013890	144199.219316
 55-59 	155510.298587	60772.049199	94738.249388
 60-64 	91073.015702	35736.464315	55336.551387
 65-69 	54480.442874	22446.052714	32034.390160
 70-74 	33604.866869	13263.857978	20341.008891
 75-79 	16256.301767	6607.434696	9648.867071
 80+ 	4639.158758	2010.474061	2628.684698
Total	5508960.690344	2339226.435970	3169734.254373
2012			
 0-4	75295.786040	38020.574427	37275.211613
 5-9	70999.586612	35787.536723	35212.049889
 10-14 	59894.573190	30183.492001	29711.081189
 15-19 	147201.384801	51700.330126	95501.054675
 20-24 	515368.306991	178562.450731	336805.856260
 25-29 	960321.067224	372698.916673	587622.150551
 30-34 	1104059.741106	470187.527297	633872.213808
 35-39 	914981.449708	419976.510838	495004.938870
 40-44 	614485.205019	293705.706200	320779.498819
 45-49 	402751.045984	187279.243013	215471.802972
 50-54 	244584.979751	103231.938318	141353.041433
 55-59 	156208.518039	61047.561196	95160.956843
 60-64 	92649.221102	36286.146951	56363.074151
 65-69 	54883.658630	22496.057389	32387.601241
 70-74 	34470.595735	13482.905508	20987.690227
 75-79 	16523.391894	6590.193015	9933.198880
 80+ 	4738.283259	2047.764192	2690.519066
Total	5469416.795086	2323284.854597	3146131.940488
2013			
 0-4	60563.234742	30585.764727	29977.470015
 5-9	64161.019830	32336.402697	31824.617134
 10-14 	58789.035711	29620.895042	29168.140669
 15-19 	144618.251601	51828.996205	92789.255396
 20-24 	497855.091114	172163.536251	325691.554863
 25-29 	935415.769559	362167.270301	573248.499258
 30-34 	1094113.194707	465261.163946	628852.030762
 35-39 	918647.987800	420300.863119	498347.124681
 40-44 	612258.626127	293068.677048	319189.949078
 45-49 	401601.137255	187924.973791	213676.163464
 50-54 	239524.775710	102176.196338	137348.579372
 55-59 	155212.949493	60736.133151	94476.816342
 60-64 	93471.819045	36540.837476	56930.981570
 65-69 	54904.810844	22393.540622	32511.270223
 70-74 	35033.750031	13602.767346	21430.982685
 75-79 	16725.996195	6537.771971	10188.224225
 80+ 	4820.457069	2073.024852	2747.432217
Total	5387717.906834	2289318.814881	3098399.091953
2014			
 0-4	49022.606754	24761.593486	24261.013268
 5-9	56933.459692	28691.550333	28241.909359
 10-14 	56630.762133	28528.672914	28102.089219
 15-19 	141670.225354	51741.749423	89928.475931
 20-24 	473635.477412	163676.206085	309959.271327
 25-29 	901478.586977	347710.654304	553767.932673
 30-34 	1077211.250122	456997.850757	620213.399365
 35-39 	918371.840384	418749.612181	499622.228203
 40-44 	609792.724690	292331.146648	317461.578042
 45-49 	397015.864594	186581.925428	210433.939166
 50-54 	233176.839414	100736.716481	132440.122933
 55-59 	152367.056365	59835.479435	92531.576930
 60-64 	93370.748095	36422.909312	56947.838783
 65-69 	54697.298139	22182.966830	32514.331309
 70-74 	35125.259583	13575.748443	21549.511141
 75-79 	16872.504874	6466.847739	10405.657135
 80+ 	4920.965150	2087.483048	2833.482102
Total	5272293.469733	2241079.112848	3031214.356885
2015			
 0-4	42593.357237	21522.173383	21071.183854
 5-9	49856.832613	25124.310608	24732.522005
 10-14 	53604.167413	27000.056490	26604.110923
 15-19 	137772.699080	50804.154784	86968.544297
 20-24 	452484.582425	157010.177959	295474.404466
 25-29 	864187.894838	332265.027426	531922.867411
 30-34 	1054023.351369	445972.213620	608051.137749
 35-39 	914443.348062	415727.267043	498716.081020
 40-44 	605924.955869	289975.326357	315949.629512
 45-49 	390678.338344	184733.683508	205944.654836
 50-54 	226838.334276	99266.025117	127572.309159
 55-59 	148295.721997	58623.264100	89672.457897
 60-64 	92608.218874	36071.998880	56536.219994
 65-69 	54436.809538	21982.803645	32454.005894
 70-74 	35015.228400	13462.857065	21552.371335
 75-79 	16962.676603	6409.840931	10552.835672
 80+ 	4984.041574	2073.389849	2910.651725
Total	5144710.558512	2188024.570763	2956685.987749
2016			
 0-4	38976.566429	19702.867435	19273.698994
 5-9	43607.963791	21976.016763	21631.947028
 10-14 	49952.420953	25157.635497	24794.785456
 15-19 	135067.020226	50139.992730	84927.027496
 20-24 	430648.381260	150089.428655	280558.952605
 25-29 	824576.727587	316201.012587	508375.715000
 30-34 	1025931.322205	432757.233049	593174.089157
 35-39 	906599.914342	411019.543329	495580.371013
 40-44 	602218.867553	287558.934690	314659.932863
 45-49 	383577.886400	182359.215713	201218.670686
 50-54 	220788.386070	97849.174356	122939.211714
 55-59 	143192.864796	57148.861307	86044.003489
 60-64 	91263.909446	35516.564208	55747.345238
 65-69 	54170.485067	21799.125478	32371.359589
 70-74 	34629.376739	13253.257874	21376.118865
 75-79 	17043.196692	6372.212701	10670.983991
 80+ 	5029.507317	2045.412131	2984.095185
Total	5007274.796872	2130946.488502	2876328.308370
2017			
 0-4	36771.578948	18595.068048	18176.510900
 5-9	38378.020135	19342.555319	19035.464817
 10-14 	45989.242548	23159.553887	22829.688661
 15-19 	132802.518489	49484.684799	83317.833689
 20-24 	409313.162582	143272.689496	266040.473086
 25-29 	784328.246437	300195.226272	484133.020165
 30-34 	993076.862732	417521.538704	575555.324028
 35-39 	894487.399692	404460.261011	490027.138681
 40-44 	598928.837240	285246.511406	313682.325834
 45-49 	375950.679474	179541.960897	196408.718578
 50-54 	215247.553792	96533.365910	118714.187882
 55-59 	137474.449380	55537.042593	81937.406788
 60-64 	89362.236300	34784.065916	54578.170384
 65-69 	53829.687695	21606.235598	32223.452097
 70-74 	34070.196684	12988.296892	21081.899792
 75-79 	17104.768197	6344.134358	10760.633839
 80+ 	5056.723827	2010.507086	3046.216740
Total	4862172.164152	2070623.698193	2791548.465959
2018			
 0-4	35253.375207	17832.602369	17420.772838
 5-9	34116.582168	17197.952402	16918.629766
 10-14 	41988.920817	21143.955340	20844.965477
 15-19 	130785.953386	48785.717978	82000.235408
 20-24 	390977.403107	137393.786547	253583.616559
 25-29 	745961.965630	285291.695440	460670.270190
 30-34 	956651.662409	400960.290989	555691.371420
 35-39 	879004.422952	396461.085178	482543.337774
 40-44 	596204.335346	283196.743762	313007.591584
 45-49 	368674.722244	176725.211529	191949.510715
 50-54 	210111.014657	95210.307188	114900.707469
 55-59 	131728.974676	53968.825986	77760.148690
 60-64 	87032.556062	33953.850610	53078.705452
 65-69 	53369.855851	21387.763121	31982.092730
 70-74 	33532.939609	12743.197845	20789.741763
 75-79 	17119.903158	6314.438714	10805.464443
 80+ 	5079.469078	1977.509505	3101.959573
Total	4717594.056355	2010544.934505	2707049.121850
2019			
 0-4	34030.883482	17218.239024	16812.644459
 5-9	30684.394740	15471.555394	15212.839345
 10-14 	38149.225035	19210.306693	18938.918342
 15-19 	128658.620578	47947.868798	80710.751779
 20-24 	375841.911083	132471.901932	243370.009151
 25-29 	710006.833982	271626.231138	438380.602844
 30-34 	917748.713626	383612.827340	534135.886285
 35-39 	860396.597905	387107.420725	473289.177180
 40-44 	593621.007463	281255.338146	312365.669316
 45-49 	362750.348764	174489.464006	188260.884758
 50-54 	204594.529977	93425.946464	111168.583512
 55-59 	126294.727276	52528.943783	73765.783493
 60-64 	84318.619609	33056.871900	51261.747709
 65-69 	52725.935695	21113.822381	31612.113313
 70-74 	33100.919055	12550.608582	20550.310473
 75-79 	17066.059793	6270.506386	10795.553407
 80+ 	5108.174095	1952.921014	3155.253081
Total	4575097.502158	1951310.773709	2623786.728449
2020			
 0-4	32933.353679	16666.093690	16267.259989
 5-9	27921.389588	14082.380565	13839.009023
 10-14 	34592.624098	17420.087227	17172.536870
 15-19 	125676.583927	46632.817113	79043.766815
 20-24 	365003.873451	128998.452824	236005.420627
 25-29 	677307.149224	259452.205840	417854.943384
 30-34 	878168.620676	366312.620429	511856.000247
 35-39 	839386.601900	376754.973439	462631.628460
 40-44 	590690.381878	279205.819318	311484.562560
 45-49 	357997.446182	172375.734166	185621.712017
 50-54 	199273.918350	91863.200715	107410.717635
 55-59 	121415.636665	51281.682253	70133.954412
 60-64 	81332.413891	32138.204640	49194.209251
 65-69 	51960.835913	20809.025245	31151.810669
 70-74 	32804.452623	12421.135857	20383.316766
 75-79 	16949.825021	6212.786847	10737.038175
 80+ 	5143.911602	1938.228190	3205.683411
Total	4438559.018667	1894565.448356	2543993.570312
2021			
 0-4	31933.748151	16162.242156	15771.505995
 5-9	25681.197218	12956.269288	12724.927930
 10-14 	31379.978378	15803.603927	15576.374451
 15-19 	123080.028436	45396.618492	77683.409944
 20-24 	358931.254012	127108.339322	231822.914690
 25-29 	649413.480270	249311.514321	400101.965948
 30-34 	840845.514034	350394.026171	490451.487863
 35-39 	817438.506287	366117.289790	451321.216497
 40-44 	587362.818668	277064.282215	310298.536453
 45-49 	354693.637082	170834.247044	183859.390038
 50-54 	194672.047532	90483.963017	104188.084515
 55-59 	117350.976937	50308.696473	67042.280464
 60-64 	78270.504658	31270.094185	47000.410473
 65-69 	51170.099633	20514.828741	30655.270893
 70-74 	32714.238450	12378.143814	20336.094636
 75-79 	16778.307423	6145.266060	10633.041363
 80+ 	5183.159442	1931.351177	3251.808266
Total	4316899.496611	1844180.776194	2472718.720417
2022			
 0-4	30994.916285	15688.214850	15306.701434
 5-9	23850.420692	12035.988007	11814.432685
 10-14 	28529.115356	14369.629375	14159.485981
 15-19 	120105.042047	43986.495976	76118.546071
 20-24 	356941.548786	126602.302003	230339.246783
 25-29 	626657.127106	241165.679531	385491.447576
 30-34 	807151.477117	336383.257455	470768.219662
 35-39 	794681.290175	355264.608869	439416.681306
 40-44 	583352.932807	274703.414189	308649.518618
 45-49 	353015.893776	169985.367395	183030.526381
 50-54 	190749.195078	89290.611402	101458.583676
 55-59 	114109.334210	49598.512744	64510.821466
 60-64 	75272.869309	30484.354890	44788.514419
 65-69 	50335.946826	20230.447158	30105.499668
 70-74 	32767.609953	12397.694375	20369.915579
 75-79 	16609.790276	6085.239536	10524.550740
 80+ 	5219.036789	1929.562528	3289.474261
Total	4210343.546590	1800201.380284	2410142.166307
2023			
 0-4	30111.150362	15241.509160	14869.641202
 5-9	22337.832787	11275.540650	11062.292137
 10-14 	26031.109274	13113.489226	12917.620048
 15-19 	115539.966501	41902.125233	73637.841268
 20-24 	358560.001819	127431.572507	231128.429312
 25-29 	610043.078248	235301.222777	374741.855471
 30-34 	777708.156483	324462.383383	453245.773100
 35-39 	771215.734444	344275.387428	426940.347016
 40-44 	578614.592979	272087.785055	306526.807924
 45-49 	352872.820610	169813.691970	183059.128640
 50-54 	187648.349601	88383.543759	99264.805842
 55-59 	111497.305712	49051.641313	62445.664399
 60-64 	72496.904495	29815.111450	42681.793045
 65-69 	49434.771538	19956.327617	29478.443921
 70-74 	32869.508662	12443.025442	20426.483220
 75-79 	16515.252015	6055.248299	10460.003716
 80+ 	5241.863654	1928.743779	3313.119875
Total	4118738.399184	1762538.349047	2356200.050137
2024			
 0-4	29281.791934	14822.047113	14459.744821
 5-9	21073.452679	10639.701865	10433.750814
 10-14 	23861.178602	12022.560339	11838.618264
 15-19 	108068.903174	38507.971265	69560.931910
 20-24 	363382.178618	129619.769293	233762.409325
 25-29 	600361.717591	231991.982077	368369.735514
 30-34 	752494.134141	314517.472335	437976.661806
 35-39 	747777.495082	333506.609744	414270.885338
 40-44 	573108.285570	269176.119458	303932.166112
 45-49 	354001.355345	170214.528855	183786.826490
 50-54 	185772.416651	88008.301374	97764.115277
 55-59 	109075.456726	48435.135340	60640.321387
 60-64 	70064.824738	29287.066578	40777.758160
 65-69 	48448.995686	19692.364951	28756.630735
 70-74 	32954.272025	12488.493980	20465.778045
 75-79 	16531.998456	6067.480599	10464.517857
 80+ 	5249.373669	1926.803554	3322.570115
Total	4041507.830689	1730924.408719	2310583.421970
2025			
 0-4	28509.041844	14431.083504	14077.958341
 5-9	20004.147867	10101.767034	9902.380834
 10-14 	21986.757963	11080.341267	10906.416697
 15-19 	99214.833096	34410.908065	64803.925031
 20-24 	368073.804369	131833.465325	236240.339044
 25-29 	598187.032033	231518.882823	366668.149211
 30-34 	731390.949032	306383.784667	425007.164365
 35-39 	725404.423783	323437.007184	401967.416599
 40-44 	566847.292528	265949.380503	300897.912025
 45-49 	356017.745978	171022.144211	184995.601767
 50-54 	184916.100682	87875.902950	97040.197732
 55-59 	107047.313088	48063.458893	58983.854194
 60-64 	68041.196683	28911.189272	39130.007411
 65-69 	47378.787679	19438.977421	27939.810258
 70-74 	33017.068101	12531.929414	20485.138687
 75-79 	16651.122909	6119.333949	10531.788959
 80+ 	5246.158453	1924.158553	3321.999901
Total	3977933.776088	1705033.715034	2272900.061055
2026			
 0-4	27803.942056	14074.293597	13729.648459
 5-9	19090.003440	9641.700258	9448.303183
 10-14 	20372.751252	10269.094514	10103.656739
 15-19 	91883.815864	30972.184066	60911.631798
 20-24 	369395.242193	132617.103145	236778.139048
 25-29 	602123.608892	233348.893753	368774.715139
 30-34 	714345.839741	299922.963264	414422.876477
 35-39 	705177.204917	314535.179211	390642.025705
 40-44 	559932.875104	262433.162187	297499.712918
 45-49 	358464.750865	172031.872672	186432.878193
 50-54 	185011.203745	88114.158296	96897.045449
 55-59 	105517.278351	47850.564338	57666.714014
 60-64 	66458.567393	28689.633893	37768.933499
 65-69 	46236.838542	19197.826019	27039.012523
 70-74 	33044.834494	12568.426217	20476.408277
 75-79 	16861.718478	6208.520095	10653.198382
 80+ 	5235.298835	1920.844153	3314.454682
Total	3926955.774163	1684396.419678	2242559.354486
2027			
 0-4	27172.179271	13754.597392	13417.581879
 5-9	18302.353717	9245.132200	9057.221516
 10-14 	18984.790892	9571.481019	9413.309873
 15-19 	88603.272773	29396.787154	59206.485619
 20-24 	365207.415395	130930.732329	234276.683066
 25-29 	609814.355655	236592.565434	373221.790221
 30-34 	701831.305966	295247.255870	406584.050096
 35-39 	687844.559004	307098.043565	380746.515439
 40-44 	552264.934714	258580.446118	293684.488596
 45-49 	360946.983723	173056.766253	187890.217469
 50-54 	186147.053024	88777.395824	97369.657199
 55-59 	104404.872759	47767.942110	56636.930649
 60-64 	65308.732673	28612.486225	36696.246448
 65-69 	45076.987605	18980.994079	26095.993527
 70-74 	33010.988804	12591.606937	20419.381867
 75-79 	17121.520667	6319.793048	10801.727620
 80+ 	5231.862539	1921.760317	3310.102222
Total	3887274.169182	1668445.785875	2218828.383306
2028			
 0-4	26610.026963	13470.122159	13139.904804
 5-9	17620.315904	8901.605615	8718.710289
 10-14 	17791.299269	8971.590381	8819.708888
 15-19 	88560.697062	29375.940048	59184.757014
 20-24 	357033.709289	127342.842560	229690.866729
 25-29 	618711.042298	240301.297250	378409.745047
 30-34 	694784.442685	292720.713321	402063.729364
 35-39 	673477.440326	301098.682526	372378.757800
 40-44 	543747.508415	254365.260602	289382.247814
 45-49 	363202.952015	173963.710356	189239.241658
 50-54 	188271.614825	89848.626310	98422.988515
 55-59 	103752.376433	47848.529369	55903.847065
 60-64 	64479.787129	28623.062287	35856.724841
 65-69 	43976.858740	18806.803351	25170.055390
 70-74 	32889.462483	12598.038093	20291.424390
 75-79 	17377.301122	6432.431237	10944.869885
 80+ 	5252.686976	1932.924882	3319.762094
Total	3857539.521935	1656602.180347	2200937.341588
2029			
 0-4	26101.129685	13212.587280	12888.542406
 5-9	17027.593672	8602.960389	8424.633283
 10-14 	16764.366021	8455.375383	8308.990638
 15-19 	88038.408476	29122.476171	58915.932305
 20-24 	349128.951815	123781.939000	225347.012814
 25-29 	626716.074998	243735.847616	382980.227382
 30-34 	693810.573600	292598.557549	401212.016051
 35-39 	661749.914481	296322.794665	365427.119816
 40-44 	534765.839534	249992.583862	284773.255672
 45-49 	364999.087194	174629.677108	190369.410086
 50-54 	191229.063891	91259.382801	99969.681090
 55-59 	103774.006056	48218.182073	55555.823984
 60-64 	63723.013123	28588.575177	35134.437946
 65-69 	43007.402180	18692.446108	24314.956072
 70-74 	32660.553059	12586.799143	20073.753916
 75-79 	17596.042953	6532.767647	11063.275306
 80+ 	5303.484484	1956.435919	3347.048565
Total	3836395.505223	1648289.387891	2188106.117332
2030			
 0-4	25635.850026	12977.115671	12658.734355
 5-9	16509.599754	8341.881180	8167.718574
 10-14 	15879.777290	8010.659820	7869.117470
 15-19 	87271.848674	28750.693483	58521.155191
 20-24 	342276.253550	120559.374670	221716.878879
 25-29 	631701.740698	246017.877898	385683.862799
 30-34 	698861.214863	294899.458917	403961.755946
 35-39 	652308.557273	292544.011670	359764.545602
 40-44 	525988.534806	245795.323895	280193.210910
 45-49 	366139.967693	174950.436780	191189.530912
 50-54 	194795.977846	92910.716777	101885.261069
 55-59 	104362.641461	48714.890136	55647.751326
 60-64 	63142.266453	28676.203581	34466.062872
 65-69 	42213.420696	18648.531184	23564.889512
 70-74 	32315.127963	12558.855222	19756.272741
 75-79 	17778.437130	6620.183021	11158.254109
 80+ 	5376.737503	1989.428840	3387.308664
Total	3822557.953678	1642965.642746	2179592.310933
2031			
 0-4	25215.920353	12764.593359	12451.326993
 5-9	16054.001629	8112.179667	7941.821962
 10-14 	15116.470346	7626.858088	7489.612258
 15-19 	86806.715504	28526.070858	58280.644646
 20-24 	337082.560826	118016.376686	219066.184140
 25-29 	632352.331739	246470.538274	385881.793465
 30-34 	708653.083679	299132.528843	409520.554836
 35-39 	645037.130731	289647.333362	355389.797369
 40-44 	518111.952147	242104.331811	276007.620336
 45-49 	366539.538254	174879.532130	191660.006123
 50-54 	198682.106695	94671.966348	104010.140348
 55-59 	105484.242493	49406.195711	56078.046783
 60-64 	62801.921157	28839.423024	33962.498133
 65-69 	41624.181268	18680.086262	22944.095006
 70-74 	31857.011030	12517.441210	19339.569820
 75-79 	17922.316635	6693.655477	11228.661159
 80+ 	5466.809672	2029.943429	3436.866242
Total	3814808.294158	1640119.054538	2174689.239620
2032			
 0-4	24838.895143	12573.784915	12265.110228
 5-9	15651.750094	7909.318199	7742.431894
 10-14 	14456.211093	7294.809909	7161.401183
 15-19 	88344.139040	29244.306905	59099.832134
 20-24 	333591.964313	116203.429946	217388.534367
 25-29 	627629.647207	244538.633824	383091.013382
 30-34 	720840.744727	304347.109047	416493.635679
 35-39 	640457.700763	287831.757888	352625.942874
 40-44 	511575.566489	239113.041852	272462.524636
 45-49 	366033.823498	174347.158115	191686.665383
 50-54 	202604.334222	96412.624248	106191.709974
 55-59 	107200.073095	50323.955555	56876.117540
 60-64 	62662.514005	29062.457246	33600.056759
 65-69 	41246.685504	18785.598053	22461.087450
 70-74 	31323.949830	12472.993361	18850.956469
 75-79 	18011.188611	6750.534687	11260.653924
 80+ 	5563.014225	2073.379048	3489.635177
Total	3812032.201857	1639284.892800	2172747.309057
2033			
 0-4	24491.427082	12397.928744	12093.498339
 5-9	15295.693047	7729.710269	7565.982777
 10-14 	13883.538763	7006.751419	6876.787344
 15-19 	87863.420624	29020.584487	58842.836137
 20-24 	334702.097518	116640.131830	218061.965688
 25-29 	619873.375510	241089.668051	378783.707458
 30-34 	732684.218158	309411.238212	423272.979945
 35-39 	639547.660062	287540.800667	352006.859395
 40-44 	506328.493225	236766.496394	269561.996831
 45-49 	364490.990699	173312.175903	191178.814796
 50-54 	206347.283257	98031.077820	108316.205438
 55-59 	109489.757913	51460.742749	58029.015164
 60-64 	62757.488036	29367.054336	33390.433700
 65-69 	41024.267255	18933.444115	22090.823140
 70-74 	30774.902115	12440.199483	18334.702632
 75-79 	18024.707168	6789.146224	11235.560944
 80+ 	5653.422125	2114.369394	3539.052731
Total	3813232.742556	1640051.520096	2173181.222460
2034			
 0-4	24159.063447	12229.705377	11929.358070
 5-9	14978.579501	7569.711598	7408.867903
 10-14 	13385.454942	6756.157511	6629.297430
 15-19 	87025.912733	28641.277984	58384.634750
 20-24 	335320.848989	116898.257145	218422.591844
 25-29 	613866.396012	238316.306472	375550.089540
 30-34 	741541.701736	313234.899208	428306.802529
 35-39 	643011.194113	289105.245874	353905.948239
 40-44 	502100.686743	234901.898312	267198.788431
 45-49 	362151.897904	171917.545285	190234.352619
 50-54 	209711.693063	99432.818470	110278.874594
 55-59 	112269.878974	52779.791478	59490.087496
 60-64 	63227.112326	29834.733772	33392.378554
 65-69 	40811.947578	19041.342967	21770.604611
 70-74 	30267.969495	12433.323297	17834.646199
 75-79 	17949.759345	6809.689457	11140.069888
 80+ 	5731.590420	2150.044559	3581.545861
Total	3817511.687322	1642052.748764	2175458.938558
2035			
 0-4	23839.791885	12068.102488	11771.689397
 5-9	14692.923377	7425.553224	7267.370153
 10-14 	12950.803429	6537.428149	6413.375280
 15-19 	86186.144682	28271.779854	57914.364827
 20-24 	335440.013887	116945.361322	218494.652564
 25-29 	610089.816753	236438.789590	373651.027163
 30-34 	745784.366483	315121.059234	430663.307249
 35-39 	650833.937748	292546.698205	358287.239543
 40-44 	498666.715443	233380.247784	265286.467659
 45-49 	359487.389398	170411.555321	189075.834078
 50-54 	212533.329229	100540.775843	111992.553385
 55-59 	115406.341497	54222.455040	61183.886457
 60-64 	64013.508402	30367.290824	33646.217578
 65-69 	40679.801988	19213.643579	21466.158409
 70-74 	29844.391634	12462.605957	17381.785677
 75-79 	17788.833886	6814.809471	10974.024415
 80+ 	5799.173340	2181.388632	3617.784708
Total	3824037.283060	1644949.544518	2179087.738542
2036			
 0-4	23538.366264	11915.533307	11622.832956
 5-9	14432.798322	7294.252028	7138.546294
 10-14 	12569.771208	6345.636315	6224.134893
 15-19 	85293.902673	27886.199750	57407.702923
 20-24 	335312.049484	116907.219369	218404.830115
 25-29 	608244.646450	235384.419248	372860.227202
 30-34 	745506.427927	315033.769621	430472.658306
 35-39 	661946.071449	297430.015776	364516.055672
 40-44 	496042.141614	232178.890203	263863.251412
 45-49 	357006.068025	169048.609105	187957.458920
 50-54 	214731.229989	101320.017231	113411.212757
 55-59 	118718.845786	55709.574947	63009.270839
 60-64 	65106.267740	31007.934451	34098.333289
 65-69 	40670.897249	19424.333259	21246.563991
 70-74 	29534.479132	12533.646386	17000.832745
 75-79 	17554.305643	6808.502365	10745.803277
 80+ 	5856.072377	2209.051444	3647.020933
Total	3832064.341331	1648437.604806	2183626.736525
2037			
 0-4	23254.009358	11771.603902	11482.405457
 5-9	14194.402235	7173.897074	7020.505160
 10-14 	12233.852698	6176.510792	6057.341906
 15-19 	84245.210509	27431.036959	56814.173550
 20-24 	336146.744038	117346.931594	218799.812444
 25-29 	607927.263447	234996.898864	372930.364583
 30-34 	740811.297925	312970.155674	427841.142251
 35-39 	674300.245449	302867.576796	371432.668653
 40-44 	494763.119835	231537.777950	263225.341885
 45-49 	355011.906438	167969.133682	187042.772756
 50-54 	216191.752485	101726.765005	114464.987481
 55-59 	122025.071269	57160.175099	64864.896169
 60-64 	66550.539524	31779.219943	34771.319581
 65-69 	40766.801800	19665.639536	21101.162264
 70-74 	29352.288686	12647.555709	16704.732977
 75-79 	17274.497836	6797.907544	10476.590292
 80+ 	5893.985155	2231.243448	3662.741707
Total	3840942.988686	1652250.029571	2188692.959115
2038			
 0-4	22980.330958	11633.075775	11347.255183
 5-9	13974.765265	7062.995712	6911.769553
 10-14 	11935.931804	6026.478453	5909.453351
 15-19 	83017.374378	26890.845823	56126.528555
 20-24 	335402.573845	117076.841634	218325.732211
 25-29 	609594.809135	235644.239069	373950.570066
 30-34 	735094.440320	310333.312976	424761.127344
 35-39 	685489.833889	307794.937709	377694.896179
 40-44 	495707.310782	231879.753359	263827.557423
 45-49 	353440.811430	167121.984020	186318.827410
 50-54 	216831.151452	101738.586333	115092.565119
 55-59 	125181.045762	58509.903074	66671.142688
 60-64 	68340.903452	32679.950171	35660.953281
 65-69 	40994.951805	19954.614387	21040.337417
 70-74 	29266.988988	12784.602204	16482.386784
 75-79 	16986.504497	6792.030510	10194.473987
 80+ 	5903.595357	2246.074283	3657.521074
Total	3850143.323118	1656170.225492	2193973.097627
2039			
 0-4	22715.437682	11498.992239	11216.445443
 5-9	13770.759471	6959.972812	6810.786660
 10-14 	11670.098393	5892.571982	5777.526411
 15-19 	81474.423367	26197.001460	55277.421907
 20-24 	334501.605395	116755.422069	217746.183326
 25-29 	610538.326072	236027.312939	374511.013133
 30-34 	731177.760364	308443.243987	422734.516377
 35-39 	693223.405848	311199.649312	382023.756536
 40-44 	499533.575316	233525.357915	266008.217401
 45-49 	352110.642834	166399.452799	185711.190035
 50-54 	216798.647049	101446.914332	115351.732717
 55-59 	128053.941344	59699.486505	68354.454840
 60-64 	70430.844183	33689.978208	36740.865975
 65-69 	41453.969695	20349.237421	21104.732274
 70-74 	29184.562954	12889.764315	16294.798639
 75-79 	16725.367251	6799.552580	9925.814670
 80+ 	5881.510204	2253.457714	3628.052490
Total	3859244.877422	1660027.368587	2199217.508835
2040			
 0-4	22460.698531	11370.049234	11090.649297
 5-9	13579.761838	6863.507273	6716.254565
 10-14 	11431.319923	5772.264254	5659.055670
 15-19 	79968.721646	25515.853815	54452.867831
 20-24 	333321.815035	116317.855388	217003.959647
 25-29 	611045.095582	236249.860210	374795.235373
 30-34 	729381.240260	307468.617024	421912.623236
 35-39 	696273.531389	312527.376310	383746.155078
 40-44 	506327.040847	236529.353324	269797.687523
 45-49 	350919.881909	165737.227166	185182.654743
 50-54 	216383.983634	101006.047111	115377.936523
 55-59 	130534.860807	60681.139400	69853.721408
 60-64 	72740.046489	34774.475808	37965.570681
 65-69 	42108.855195	20784.599969	21324.255226
 70-74 	29153.147457	13035.597548	16117.549908
 75-79 	16516.951814	6827.158702	9689.793112
 80+ 	5833.178133	2255.776205	3577.401928
Total	3867980.130489	1663716.758742	2204263.371747
2041			
 0-4	22216.226121	11246.304358	10969.921763
 5-9	13399.982473	6772.698287	6627.284186
 10-14 	11215.319070	5663.407015	5551.912056
 15-19 	78748.718518	24968.722030	53779.996488
 20-24 	331695.329511	115673.482653	216021.846858
 25-29 	610938.655853	236233.031970	374705.623883
 30-34 	729378.985981	307301.592410	422077.393570
 35-39 	695363.515594	312060.985448	383302.530146
 40-44 	515338.319931	240567.597196	274770.722735
 45-49 	349980.643866	165175.660001	184804.983865
 50-54 	215900.591697	100573.419104	115327.172593
 55-59 	132567.548456	61432.647738	71134.900718
 60-64 	75156.513675	35884.284068	39272.229606
 65-69 	42958.483848	21291.441097	21667.042751
 70-74 	29199.420297	13206.634738	15992.785559
 75-79 	16378.354348	6878.093978	9500.260370
 80+ 	5765.470093	2255.320918	3510.149174
Total	3876202.079331	1667185.323009	2209016.756321
2042			
 0-4	21982.007578	11127.750537	10854.257040
 5-9	13230.086891	6686.874323	6543.212568
 10-14 	11018.544591	5564.216640	5454.327951
 15-19 	77838.894323	24569.980541	53268.913781
 20-24 	329704.053676	114849.601270	214854.452406
 25-29 	610690.554578	236193.587608	374496.966970
 30-34 	730942.027616	307853.768545	423088.259072
 35-39 	691061.512921	310047.357495	381014.155426
 40-44 	525049.258858	244946.036400	280103.222458
 45-49 	349776.067517	164941.688421	184834.379097
 50-54 	215537.394920	100236.122505	115301.272415
 55-59 	134078.887778	61927.566046	72151.321733
 60-64 	77563.847194	36967.557340	40596.289854
 65-69 	44036.307420	21886.952448	22149.354972
 70-74 	29313.445428	13399.174056	15914.271372
 75-79 	16315.132603	6952.792063	9362.340540
 80+ 	5686.387725	2254.156323	3432.231402
Total	3883824.411620	1670405.182562	2213419.229058
2043			
 0-4	21758.483466	11014.609966	10743.873501
 5-9	13069.069655	6605.529456	6463.540198
 10-14 	10838.077963	5473.227296	5364.850668
 15-19 	77351.492772	24375.451464	52976.041308
 20-24 	327323.202341	113828.130336	213495.072005
 25-29 	609093.869065	235560.487711	373533.381354
 30-34 	732810.139491	308618.191168	424191.948323
 35-39 	686987.574975	308097.738325	378889.836649
 40-44 	533651.683446	248824.966782	284826.716664
 45-49 	350994.328964	165369.130292	185625.198671
 50-54 	215265.670543	99968.065441	115297.605102
 55-59 	135015.484521	62152.609085	72862.875437
 60-64 	79867.395593	37981.820472	41885.575121
 65-69 	45342.528096	22572.148976	22770.379120
 70-74 	29518.922195	13625.160580	15893.761615
 75-79 	16303.117686	7038.765247	9264.352439
 80+ 	5605.106066	2254.635187	3350.470879
Total	3890796.146838	1673360.667784	2217435.479053
2044			
 0-4	21550.800978	10909.491360	10641.309617
 5-9	12916.238002	6528.315295	6387.922707
 10-14 	10671.539061	5389.243587	5282.295474
 15-19 	77100.855377	24296.008467	52804.846910
 20-24 	324729.207979	112695.211398	212033.996581
 25-29 	607110.760731	234763.658254	372347.102477
 30-34 	733667.377181	308971.934327	424695.442853
 35-39 	684700.408538	306954.567518	377745.841021
 40-44 	539436.710606	251416.538039	288020.172566
 45-49 	354143.570879	166702.706235	187440.864645
 50-54 	215000.957522	99718.224743	115282.732779
 55-59 	135468.192486	62163.127837	73305.064649
 60-64 	81978.482260	38887.227729	43091.254531
 65-69 	46849.006828	23334.364364	23514.642463
 70-74 	29888.708684	13922.020480	15966.688204
 75-79 	16277.701297	7102.027556	9175.673741
 80+ 	5530.590092	2259.293353	3271.296740
Total	3897021.108501	1676013.960542	2221007.147959
2045			
 0-4	21360.866172	10813.359277	10547.506895
 5-9	12771.792107	6455.335077	6316.457030
 10-14 	10517.011915	5311.303321	5205.708594
 15-19 	76977.526251	24278.598926	52698.927325
 20-24 	322294.238441	111631.101867	210663.136574
 25-29 	604692.800069	233770.848206	370921.951863
 30-34 	733962.600621	309107.314453	424855.286167
 35-39 	684195.692733	306633.112416	377562.580317
 40-44 	541542.112558	252319.967236	289222.145322
 45-49 	359305.206791	168984.037929	190321.168862
 50-54 	214711.501529	99464.142413	115247.359116
 55-59 	135617.977191	62053.843783	73564.133408
 60-64 	83823.374415	39651.007933	44172.366482
 65-69 	48503.912404	24150.028387	24353.884017
 70-74 	30405.600848	14248.225173	16157.375675
 75-79 	16272.077183	7190.884710	9081.192473
 80+ 	5470.419702	2270.505578	3199.914125
Total	3902424.710930	1678333.616686	2224091.094244
2046			
 0-4	21184.342974	10724.015272	10460.327702
 5-9	12636.151876	6386.802599	6249.349277
 10-14 	10373.099771	5238.705696	5134.394074
 15-19 	76932.217214	24298.250966	52633.966249
 20-24 	320177.887224	110718.152934	209459.734290
 25-29 	601852.480654	232577.715343	369274.765312
 30-34 	733469.842729	308912.459280	424557.383449
 35-39 	685084.006006	306972.501392	378111.504614
 40-44 	540735.438379	251875.712500	288859.725878
 45-49 	365949.405695	171973.252467	193976.153228
 50-54 	214493.398236	99244.942126	115248.456110
 55-59 	135663.947106	61922.872224	73741.074882
 60-64 	85362.365434	40256.834428	45105.531006
 65-69 	50233.115764	24985.042662	25248.073102
 70-74 	31063.829145	14624.693193	16439.135952
 75-79 	16317.026787	7295.973398	9021.053388
 80+ 	5428.781872	2289.020925	3139.760946
Total	3906957.336866	1680296.947408	2226660.389458
2047			
 0-4	21016.947649	10639.288628	10377.659021
 5-9	12509.031537	6322.573935	6186.457602
 10-14 	10238.838909	5170.967872	5067.871037
 15-19 	76883.917948	24315.146985	52568.770963
 20-24 	318436.156448	109987.946507	208448.209941
 25-29 	598756.102754	231252.877112	367503.225642
 30-34 	732469.712777	308513.788937	423955.923840
 35-39 	687050.465480	307831.677121	379218.788359
 40-44 	537616.786323	250366.428516	287250.357807
 45-49 	372992.257783	175163.058768	197829.199015
 50-54 	214663.688315	99207.973609	115455.714706
 55-59 	135731.656747	61827.825911	73903.830836
 60-64 	86546.627719	40686.535916	45860.091804
 65-69 	51958.269150	25802.878240	26155.390910
 70-74 	31888.722035	15063.324094	16825.397941
 75-79 	16410.628619	7415.188850	8995.439769
 80+ 	5406.510835	2314.510603	3092.000232
Total	3910576.321026	1681881.991604	2228694.329423
2048			
 0-4	20855.612412	10557.625662	10297.986750
 5-9	12389.620007	6262.239117	6127.380891
 10-14 	10113.456514	5107.702589	5005.753925
 15-19 	76692.235605	24262.584422	52429.651184
 20-24 	317212.548867	109511.224680	207701.324187
 25-29 	595491.597811	229833.958436	365657.639375
 30-34 	730351.702152	307619.534145	422732.168007
 35-39 	688639.985712	308542.847121	380097.138591
 40-44 	535098.243581	249150.002057	285948.241525
 45-49 	379143.146361	177944.333026	201198.813335
 50-54 	215656.093416	99558.419254	116097.674162
 55-59 	135812.863112	61758.739210	74054.123902
 60-64 	87341.063379	40930.831061	46410.232318
 65-69 	53614.770760	26573.216529	27041.554231
 70-74 	32882.849648	15564.819347	17318.030301
 75-79 	16564.612676	7554.083297	9010.529379
 80+ 	5394.683629	2341.590516	3053.093113
Total	3913255.085644	1683073.750469	2230181.335175
2049			
 0-4	20702.090267	10479.916947	10222.173320
 5-9	12276.877750	6205.272573	6071.605177
 10-14 	9996.221352	5048.542817	4947.678535
 15-19 	76428.907611	24176.388278	52252.519333
 20-24 	316192.522900	109138.832590	207053.690309
 25-29 	592296.143157	228436.352661	363859.790496
 30-34 	727858.825502	306560.529885	421298.295617
 35-39 	689257.247194	308834.189072	380423.058122
 40-44 	533945.022922	248584.811045	285360.211877
 45-49 	383196.035013	179756.557712	203439.477302
 50-54 	217789.686126	100444.290599	117345.395527
 55-59 	135860.810780	61688.123573	74172.687206
 60-64 	87803.034596	41024.374973	46778.659623
 65-69 	55141.646115	27267.444179	27874.201937
 70-74 	34027.825823	16120.269735	17907.556088
 75-79 	16809.849405	7729.680106	9080.169300
 80+ 	5371.130995	2356.942671	3014.188324
Total	3914953.877507	1683852.519415	2231101.358092
2050			
 0-4	20575.484759	10415.849508	10159.635252
 5-9	12170.234530	6151.384954	6018.849577
 10-14 	9886.387708	4993.113595	4893.274113
 15-19 	76078.071039	24050.366974	52027.704065
 20-24 	315284.296368	108826.641047	206457.655321
 25-29 	589394.573942	227173.021410	362221.552532
 30-34 	725007.960525	305335.280924	419672.679601
 35-39 	689334.249148	308904.504114	380429.745034
 40-44 	534062.909403	248626.589763	285436.319640
 45-49 	384578.059614	180336.004160	204242.055454
 50-54 	221117.791115	101888.604821	119229.186294
 55-59 	135856.764783	61602.639291	74254.125492
 60-64 	88047.687225	41027.384322	47020.302903
 65-69 	56486.873718	27861.263731	28625.609987
 70-74 	35286.431535	16712.859577	18573.571958
 75-79 	17137.813763	7923.448314	9214.365448
 80+ 	5359.162030	2385.687287	2973.474743
Total	3915664.751206	1684214.643792	2231450.107414
