SouthAfricaIC2	Total	Male	Female																																																																																																																																																																																																																																																							
1970																																																																																																																																																																																																																																																										
 0-4	0.000000	0.000000	0.000000																																																																																																																																																																																																																																																							
 5-9	0.000000	0.000000	0.000000																																																																																																																																																																																																																																																							
 10-14 	0.000000	0.000000	0.000000																																																																																																																																																																																																																																																							
 15-19 	0.000000	0.000000	0.000000																																																																																																																																																																																																																																																							
 20-24 	0.000000	0.000000	0.000000																																																																																																																																																																																																																																																							
 25-29 	0.000000	0.000000	0.000000																																																																																																																																																																																																																																																							
 30-34 	0.000000	0.000000	0.000000																																																																																																																																																																																																																																																							
 35-39 	0.000000	0.000000	0.000000																																																																																																																																																																																																																																																							
 40-44 	0.000000	0.000000	0.000000																																																																																																																																																																																																																																																							
 45-49 	0.000000	0.000000	0.000000																																																																																																																																																																																																																																																							
 50-54 	0.000000	0.000000	0.000000																																																																																																																																																																																																																																																							
 55-59 	0.000000	0.000000	0.000000																																																																																																																																																																																																																																																							
 60-64 	0.000000	0.000000	0.000000																																																																																																																																																																																																																																																							
 65-69 	0.000000	0.000000	0.000000																																																																																																																																																																																																																																																							
 70-74 	0.000000	0.000000	0.000000																																																																																																																																																																																																																																																							
 75-79 	0.000000	0.000000	0.000000																																																																																																																																																																																																																																																							
 80+ 	0.000000	0.000000	0.000000																																																																																																																																																																																																																																																							
Total	0.000000	0.000000	0.000000																																																																																																																																																																																																																																																							
1971			
 0-4	0.000000	0.000000	0.000000
 5-9	0.000000	0.000000	0.000000
 10-14 	0.000000	0.000000	0.000000
 15-19 	0.000000	0.000000	0.000000
 20-24 	0.000000	0.000000	0.000000
 25-29 	0.000000	0.000000	0.000000
 30-34 	0.000000	0.000000	0.000000
 35-39 	0.000000	0.000000	0.000000
 40-44 	0.000000	0.000000	0.000000
 45-49 	0.000000	0.000000	0.000000
 50-54 	0.000000	0.000000	0.000000
 55-59 	0.000000	0.000000	0.000000
 60-64 	0.000000	0.000000	0.000000
 65-69 	0.000000	0.000000	0.000000
 70-74 	0.000000	0.000000	0.000000
 75-79 	0.000000	0.000000	0.000000
 80+ 	0.000000	0.000000	0.000000
Total	0.000000	0.000000	0.000000
1972			
 0-4	0.000000	0.000000	0.000000
 5-9	0.000000	0.000000	0.000000
 10-14 	0.000000	0.000000	0.000000
 15-19 	0.000000	0.000000	0.000000
 20-24 	0.000000	0.000000	0.000000
 25-29 	0.000000	0.000000	0.000000
 30-34 	0.000000	0.000000	0.000000
 35-39 	0.000000	0.000000	0.000000
 40-44 	0.000000	0.000000	0.000000
 45-49 	0.000000	0.000000	0.000000
 50-54 	0.000000	0.000000	0.000000
 55-59 	0.000000	0.000000	0.000000
 60-64 	0.000000	0.000000	0.000000
 65-69 	0.000000	0.000000	0.000000
 70-74 	0.000000	0.000000	0.000000
 75-79 	0.000000	0.000000	0.000000
 80+ 	0.000000	0.000000	0.000000
Total	0.000000	0.000000	0.000000
1973			
 0-4	0.000000	0.000000	0.000000
 5-9	0.000000	0.000000	0.000000
 10-14 	0.000000	0.000000	0.000000
 15-19 	0.000000	0.000000	0.000000
 20-24 	0.000000	0.000000	0.000000
 25-29 	0.000000	0.000000	0.000000
 30-34 	0.000000	0.000000	0.000000
 35-39 	0.000000	0.000000	0.000000
 40-44 	0.000000	0.000000	0.000000
 45-49 	0.000000	0.000000	0.000000
 50-54 	0.000000	0.000000	0.000000
 55-59 	0.000000	0.000000	0.000000
 60-64 	0.000000	0.000000	0.000000
 65-69 	0.000000	0.000000	0.000000
 70-74 	0.000000	0.000000	0.000000
 75-79 	0.000000	0.000000	0.000000
 80+ 	0.000000	0.000000	0.000000
Total	0.000000	0.000000	0.000000
1974			
 0-4	0.000000	0.000000	0.000000
 5-9	0.000000	0.000000	0.000000
 10-14 	0.000000	0.000000	0.000000
 15-19 	0.000000	0.000000	0.000000
 20-24 	0.000000	0.000000	0.000000
 25-29 	0.000000	0.000000	0.000000
 30-34 	0.000000	0.000000	0.000000
 35-39 	0.000000	0.000000	0.000000
 40-44 	0.000000	0.000000	0.000000
 45-49 	0.000000	0.000000	0.000000
 50-54 	0.000000	0.000000	0.000000
 55-59 	0.000000	0.000000	0.000000
 60-64 	0.000000	0.000000	0.000000
 65-69 	0.000000	0.000000	0.000000
 70-74 	0.000000	0.000000	0.000000
 75-79 	0.000000	0.000000	0.000000
 80+ 	0.000000	0.000000	0.000000
Total	0.000000	0.000000	0.000000
1975			
 0-4	0.000000	0.000000	0.000000
 5-9	0.000000	0.000000	0.000000
 10-14 	0.000000	0.000000	0.000000
 15-19 	0.000000	0.000000	0.000000
 20-24 	0.000000	0.000000	0.000000
 25-29 	0.000000	0.000000	0.000000
 30-34 	0.000000	0.000000	0.000000
 35-39 	0.000000	0.000000	0.000000
 40-44 	0.000000	0.000000	0.000000
 45-49 	0.000000	0.000000	0.000000
 50-54 	0.000000	0.000000	0.000000
 55-59 	0.000000	0.000000	0.000000
 60-64 	0.000000	0.000000	0.000000
 65-69 	0.000000	0.000000	0.000000
 70-74 	0.000000	0.000000	0.000000
 75-79 	0.000000	0.000000	0.000000
 80+ 	0.000000	0.000000	0.000000
Total	0.000000	0.000000	0.000000
1976			
 0-4	0.069207	0.035049	0.034157
 5-9	0.000000	0.000000	0.000000
 10-14 	0.000000	0.000000	0.000000
 15-19 	0.632438	0.450387	0.182051
 20-24 	1.629877	1.271125	0.358752
 25-29 	1.624069	1.323748	0.300320
 30-34 	1.335123	1.115645	0.219478
 35-39 	0.967159	0.815104	0.152055
 40-44 	0.658647	0.554488	0.104159
 45-49 	0.416041	0.347204	0.068837
 50-54 	0.242479	0.198282	0.044197
 55-59 	0.150472	0.123528	0.026944
 60-64 	0.097474	0.082791	0.014683
 65-69 	0.066166	0.056344	0.009822
 70-74 	0.039138	0.031319	0.007819
 75-79 	0.012158	0.011030	0.001129
 80+ 	0.000000	0.000000	0.000000
Total	7.940448	6.416045	1.524403
1977			
 0-4	0.188776	0.095523	0.093253
 5-9	0.000000	0.000000	0.000000
 10-14 	0.000000	0.000000	0.000000
 15-19 	1.058953	0.746961	0.311992
 20-24 	3.152903	2.445666	0.707237
 25-29 	3.341431	2.712893	0.628538
 30-34 	2.746895	2.291912	0.454983
 35-39 	2.016489	1.698697	0.317791
 40-44 	1.368873	1.151748	0.217124
 45-49 	0.872796	0.728487	0.144309
 50-54 	0.511133	0.419062	0.092071
 55-59 	0.309236	0.253011	0.056225
 60-64 	0.200222	0.169222	0.030999
 65-69 	0.133050	0.113492	0.019559
 70-74 	0.081109	0.064757	0.016352
 75-79 	0.026373	0.023443	0.002930
 80+ 	0.000808	0.000808	0.000000
Total	16.009048	12.915684	3.093364
1978			
 0-4	0.330469	0.167142	0.163327
 5-9	0.000000	0.000000	0.000000
 10-14 	0.000000	0.000000	0.000000
 15-19 	1.328307	0.930004	0.398304
 20-24 	4.506803	3.475480	1.031323
 25-29 	5.143929	4.158696	0.985233
 30-34 	4.225740	3.519651	0.706089
 35-39 	3.142877	2.646469	0.496407
 40-44 	2.124281	1.786383	0.337899
 45-49 	1.362407	1.136834	0.225573
 50-54 	0.803644	0.660665	0.142979
 55-59 	0.473961	0.386779	0.087182
 60-64 	0.306896	0.257981	0.048915
 65-69 	0.199454	0.170240	0.029214
 70-74 	0.124356	0.099420	0.024936
 75-79 	0.042490	0.036857	0.005633
 80+ 	0.002508	0.002508	0.000000
Total	24.118124	19.435110	4.683013
1979			
 0-4	0.549834	0.278041	0.271793
 5-9	0.001797	0.000902	0.000896
 10-14 	0.000000	0.000000	0.000000
 15-19 	1.628656	1.075049	0.553606
 20-24 	5.972184	4.444412	1.527771
 25-29 	7.285936	5.743940	1.541996
 30-34 	5.991943	4.893466	1.098477
 35-39 	4.483118	3.711002	0.772115
 40-44 	3.020960	2.496908	0.524052
 45-49 	1.939162	1.589073	0.350089
 50-54 	1.150332	0.930201	0.220131
 55-59 	0.666244	0.532774	0.133470
 60-64 	0.428320	0.352251	0.076069
 65-69 	0.273966	0.229814	0.044152
 70-74 	0.173458	0.136069	0.037389
 75-79 	0.061554	0.051700	0.009854
 80+ 	0.005016	0.004989	0.000026
Total	33.632477	26.470591	7.161887
1980			
 0-4	0.829914	0.419657	0.410258
 5-9	0.009481	0.004752	0.004729
 10-14 	0.002443	0.001222	0.001222
 15-19 	1.838625	1.121083	0.717542
 20-24 	7.233189	5.131101	2.102088
 25-29 	9.426853	7.194505	2.232348
 30-34 	7.836961	6.238556	1.598405
 35-39 	5.856293	4.741677	1.114616
 40-44 	3.944615	3.189354	0.755261
 45-49 	2.523552	2.019991	0.503561
 50-54 	1.497389	1.182886	0.314503
 55-59 	0.859323	0.669853	0.189470
 60-64 	0.543222	0.434420	0.108803
 65-69 	0.344267	0.281936	0.062331
 70-74 	0.219529	0.167743	0.051787
 75-79 	0.081250	0.065912	0.015338
 80+ 	0.008311	0.008071	0.000239
Total	43.055222	32.872719	10.182503
1981			
 0-4	1.238273	0.626245	0.612027
 5-9	0.052244	0.026271	0.025973
 10-14 	0.007041	0.003520	0.003521
 15-19 	2.369290	1.312402	1.056888
 20-24 	9.244261	6.160213	3.084047
 25-29 	12.469351	9.115010	3.354341
 30-34 	10.493913	8.068695	2.425217
 35-39 	7.774531	6.105261	1.669270
 40-44 	5.235161	4.103648	1.131513
 45-49 	3.331146	2.578278	0.752869
 50-54 	1.971732	1.503921	0.467810
 55-59 	1.130675	0.851594	0.279081
 60-64 	0.701400	0.540831	0.160569
 65-69 	0.444497	0.351792	0.092704
 70-74 	0.283698	0.208375	0.075322
 75-79 	0.106895	0.083753	0.023143
 80+ 	0.012119	0.011434	0.000685
Total	56.866225	41.651241	15.214984
1982			
 0-4	1.908750	0.965542	0.943208
 5-9	0.131001	0.065923	0.065078
 10-14 	0.013929	0.006963	0.006967
 15-19 	3.587847	1.806413	1.781434
 20-24 	12.944004	8.015628	4.928376
 25-29 	17.423890	12.055570	5.368321
 30-34 	14.825273	10.897249	3.928024
 35-39 	10.804046	8.149582	2.654464
 40-44 	7.289277	5.481257	1.808019
 45-49 	4.605947	3.405659	1.200288
 50-54 	2.726386	1.980266	0.746119
 55-59 	1.570755	1.131564	0.439191
 60-64 	0.955751	0.704009	0.251742
 65-69 	0.612030	0.463193	0.148838
 70-74 	0.389761	0.271271	0.118490
 75-79 	0.145970	0.110205	0.035764
 80+ 	0.016381	0.015097	0.001284
Total	79.951000	55.525394	24.425606
1983			
 0-4	3.309814	1.674663	1.635150
 5-9	0.237426	0.119512	0.117914
 10-14 	0.024357	0.012174	0.012183
 15-19 	6.879243	3.188481	3.690762
 20-24 	21.986854	12.597784	9.389070
 25-29 	28.137913	18.191852	9.946061
 30-34 	23.942391	16.608703	7.333688
 35-39 	17.068056	12.205783	4.862273
 40-44 	11.549302	8.211990	3.337312
 45-49 	7.250909	5.037511	2.213398
 50-54 	4.321345	2.937251	1.384093
 55-59 	2.508504	1.706004	0.802500
 60-64 	1.506173	1.049921	0.456252
 65-69 	0.982907	0.703558	0.279350
 70-74 	0.626357	0.406580	0.219778
 75-79 	0.224041	0.163107	0.060934
 80+ 	0.021769	0.019617	0.002152
Total	130.577358	84.834488	45.742870
1984			
 0-4	6.671492	3.376393	3.295099
 5-9	0.395715	0.199254	0.196460
 10-14 	0.040622	0.020302	0.020320
 15-19 	15.911285	6.837244	9.074042
 20-24 	45.884282	24.405198	21.479085
 25-29 	54.789008	32.888539	21.900469
 30-34 	46.065965	29.879279	16.186686
 35-39 	32.188994	21.597340	10.591654
 40-44 	21.791553	14.490452	7.301101
 45-49 	13.646132	8.794746	4.851387
 50-54 	8.223985	5.167127	3.056858
 55-59 	4.809973	3.058164	1.751809
 60-64 	2.871849	1.886168	0.985681
 65-69 	1.908008	1.285017	0.622991
 70-74 	1.227944	0.737358	0.490586
 75-79 	0.407934	0.287006	0.120928
 80+ 	0.030215	0.026824	0.003391
Total	256.864944	154.936401	101.928543
1985			
 0-4	15.403158	7.796300	7.606858
 5-9	0.612781	0.308585	0.304195
 10-14 	0.066574	0.033272	0.033302
 15-19 	40.701522	16.471217	24.230304
 20-24 	110.394870	55.396892	54.997978
 25-29 	124.910089	70.442578	54.467511
 30-34 	103.595651	63.276361	40.319290
 35-39 	71.589202	45.312371	26.276831
 40-44 	48.229583	30.173605	18.055978
 45-49 	30.250020	18.201204	12.048816
 50-54 	18.389613	10.757251	7.632362
 55-59 	10.827957	6.475173	4.352784
 60-64 	6.462718	4.039136	2.423582
 65-69 	4.330499	2.770287	1.560212
 70-74 	2.835897	1.593605	1.242292
 75-79 	0.877987	0.600682	0.277305
 80+ 	0.046728	0.041521	0.005207
Total	589.524826	333.690033	255.834793
1986			
 0-4	38.638065	19.558886	19.079179
 5-9	0.931421	0.469094	0.462327
 10-14 	0.130717	0.065403	0.065313
 15-19 	107.579915	41.287391	66.292524
 20-24 	283.196917	135.346102	147.850815
 25-29 	310.077197	166.281099	143.796098
 30-34 	255.247556	148.341713	106.905843
 35-39 	176.031431	106.168453	69.862978
 40-44 	117.411935	69.929708	47.482227
 45-49 	73.988491	42.127781	31.860709
 50-54 	45.114551	24.887034	20.227517
 55-59 	26.728591	15.181353	11.547239
 60-64 	15.963367	9.599316	6.364051
 65-69 	10.690394	6.563746	4.126647
 70-74 	7.153646	3.813966	3.339680
 75-79 	2.104672	1.405523	0.699149
 80+ 	0.084762	0.076500	0.008262
Total	1471.073608	791.102966	679.970642
1987			
 0-4	99.578606	50.412609	49.165996
 5-9	1.489234	0.750053	0.739181
 10-14 	0.249527	0.124937	0.124590
 15-19 	281.200666	102.723122	178.477545
 20-24 	732.642147	335.041867	397.600280
 25-29 	786.168662	404.028340	382.140322
 30-34 	646.312764	360.167889	286.144875
 35-39 	448.405032	259.808795	188.596237
 40-44 	294.490933	168.601054	125.889880
 45-49 	187.105751	101.979031	85.126721
 50-54 	113.757076	59.771490	53.985587
 55-59 	67.823117	36.828402	30.994715
 60-64 	40.548289	23.643481	16.904808
 65-69 	26.910672	15.966236	10.944435
 70-74 	18.482571	9.430753	9.051818
 75-79 	5.248543	3.424666	1.823878
 80+ 	0.179801	0.165253	0.014548
Total	3750.593262	1932.867920	1817.725342
1988			
 0-4	253.125959	128.155576	124.970383
 5-9	2.703201	1.361431	1.341771
 10-14 	0.461132	0.230915	0.230217
 15-19 	710.222840	248.574880	461.647961
 20-24 	1858.009414	817.581368	1040.428046
 25-29 	1966.509748	975.667970	990.841777
 30-34 	1619.008394	871.504933	747.503461
 35-39 	1135.329382	636.700814	498.628568
 40-44 	733.965014	407.216150	326.748863
 45-49 	470.333707	247.822908	222.510798
 50-54 	284.598377	143.777430	140.820947
 55-59 	170.563315	89.133392	81.429923
 60-64 	102.035868	58.055640	43.980228
 65-69 	66.799622	38.549681	28.249941
 70-74 	47.039248	23.138717	23.900531
 75-79 	13.085410	8.342359	4.743052
 80+ 	0.420247	0.390411	0.029836
Total	9434.210938	4696.204590	4738.006348
1989			
 0-4	617.751466	312.772605	304.978861
 5-9	5.680153	2.860654	2.819499
 10-14 	0.910468	0.455849	0.454619
 15-19 	1703.647363	576.104841	1127.542522
 20-24 	4520.946569	1925.545522	2595.401047
 25-29 	4745.060285	2287.566443	2457.493842
 30-34 	3910.608564	2046.704798	1863.903766
 35-39 	2774.664228	1515.677549	1258.986679
 40-44 	1776.379458	961.909962	814.469496
 45-49 	1142.473359	586.915030	555.558329
 50-54 	689.141752	337.658068	351.483684
 55-59 	413.734514	209.332564	204.401949
 60-64 	247.676832	137.941946	109.734887
 65-69 	160.221564	90.525277	69.696287
 70-74 	114.770340	54.804819	59.965521
 75-79 	31.852324	19.815695	12.036629
 80+ 	1.015114	0.945192	0.069922
Total	22856.537109	11067.538086	11788.999023
1990			
 0-4	1427.258761	722.617404	704.641357
 5-9	13.436909	6.768014	6.668895
 10-14 	1.941369	0.971663	0.969706
 15-19 	3845.405008	1267.219550	2578.185459
 20-24 	10379.933083	4285.062724	6094.870360
 25-29 	10901.021153	5116.444874	5784.576279
 30-34 	8977.630461	4580.347414	4397.283047
 35-39 	6436.009409	3431.076049	3004.933359
 40-44 	4113.496715	2179.691649	1933.805066
 45-49 	2638.123875	1328.036345	1310.087530
 50-54 	1595.298909	763.695457	831.603451
 55-59 	956.845925	471.548971	485.296954
 60-64 	573.190230	313.125745	260.064486
 65-69 	367.807925	204.906590	162.901334
 70-74 	264.617837	123.673845	140.943991
 75-79 	74.493409	45.197002	29.296408
 80+ 	2.441741	2.264393	0.177348
Total	52568.951172	24842.646484	27726.304688
1991			
 0-4	3103.299802	1571.169929	1532.129873
 5-9	33.768096	17.010858	16.757238
 10-14 	4.453970	2.228430	2.225541
 15-19 	8098.649250	2591.622990	5507.026260
 20-24 	22279.805769	8940.407860	13339.397909
 25-29 	23588.470596	10788.659188	12799.811407
 30-34 	19372.983532	9649.633027	9723.350505
 35-39 	14020.334787	7300.396063	6719.938724
 40-44 	9009.968515	4673.899167	4336.069348
 45-49 	5732.080004	2832.174785	2899.905219
 50-54 	3489.028828	1636.969113	1852.059715
 55-59 	2085.433274	1003.088825	1082.344449
 60-64 	1249.737140	669.112726	580.624414
 65-69 	797.104956	439.219202	357.885754
 70-74 	571.345590	262.389562	308.956028
 75-79 	164.902312	97.491757	67.410555
 80+ 	5.708394	5.245356	0.463038
Total	113607.082031	52480.722656	61126.359375
1992			
 0-4	6298.389723	3188.763325	3109.626399
 5-9	85.775645	43.214896	42.560749
 10-14 	10.627766	5.315947	5.311819
 15-19 	15684.546580	4895.123599	10789.422980
 20-24 	44220.629280	17317.541385	26903.087896
 25-29 	47543.857865	21247.963278	26295.894587
 30-34 	38880.831484	18965.749372	19915.082112
 35-39 	28389.761674	14471.992160	13917.769514
 40-44 	18466.268106	9390.002899	9076.265208
 45-49 	11595.236160	5632.960599	5962.275561
 50-54 	7132.060545	3288.797697	3843.262848
 55-59 	4238.242980	1993.553336	2244.689644
 60-64 	2541.288186	1333.158103	1208.130082
 65-69 	1612.605000	882.072779	730.532221
 70-74 	1144.150352	518.738731	625.411621
 75-79 	342.076520	197.032356	145.044164
 80+ 	12.766483	11.572439	1.194044
Total	228199.117188	103383.546875	124815.570313
1993			
 0-4	11843.571991	5996.170309	5847.401682
 5-9	212.740295	107.190764	105.549532
 10-14 	25.339898	12.672988	12.666910
 15-19 	27760.965526	8489.818058	19271.147469
 20-24 	80435.933998	30911.015617	49524.918380
 25-29 	88401.363618	38783.182565	49618.181053
 30-34 	71966.882614	34524.966849	37441.915765
 35-39 	53018.700410	26528.828089	26489.872321
 40-44 	35106.870729	17507.725787	17599.144942
 45-49 	21778.429844	10396.753415	11381.676429
 50-54 	13534.945838	6135.339615	7399.606223
 55-59 	7993.479825	3678.186056	4315.293769
 60-64 	4784.491117	2457.060631	2327.430487
 65-69 	3016.912513	1639.969838	1376.942676
 70-74 	2111.245280	949.435175	1161.810105
 75-79 	656.967121	368.692099	288.275022
 80+ 	27.024279	24.050059	2.974220
Total	422675.859375	188511.046875	234164.812500
1994			
 0-4	20504.452612	10381.341845	10123.110767
 5-9	504.396417	254.162180	250.234236
 10-14 	58.649488	29.329468	29.320020
 15-19 	44736.774538	13420.519334	31316.255204
 20-24 	133418.432206	50538.993365	82879.438841
 25-29 	150412.581297	65049.021677	85363.559620
 30-34 	122118.179585	57828.273195	64289.906389
 35-39 	90811.239491	44659.133451	46152.106039
 40-44 	61469.779353	30015.485997	31454.293356
 45-49 	38009.553936	17759.050123	20250.503813
 50-54 	23751.779665	10544.449203	13207.330462
 55-59 	13970.436969	6273.465874	7696.971095
 60-64 	8301.476879	4161.449940	4140.026939
 65-69 	5182.596235	2790.711131	2391.885104
 70-74 	3576.708701	1599.421757	1977.286944
 75-79 	1156.272738	631.726414	524.546324
 80+ 	53.839382	46.791304	7.048078
Total	718037.093750	315983.281250	402053.812500
1995			
 0-4	32585.504704	16495.110111	16090.394592
 5-9	1129.701582	569.127539	560.574042
 10-14 	129.933856	64.972089	64.961768
 15-19 	65613.045347	19356.766643	46256.278704
 20-24 	202281.380900	75954.388095	126326.992805
 25-29 	233204.998392	99876.300852	133328.697540
 30-34 	190008.110771	89265.528179	100742.582592
 35-39 	142523.354355	69123.515789	73399.838566
 40-44 	98626.595562	47234.814379	51391.781183
 45-49 	61394.120285	28055.055195	33339.065090
 50-54 	38278.393810	16616.030506	21662.363304
 55-59 	22528.246675	9864.651781	12663.594894
 60-64 	13247.769231	6472.030422	6775.738809
 65-69 	8174.389777	4344.135655	3830.254122
 70-74 	5563.552869	2484.334566	3079.218304
 75-79 	1859.231114	989.524512	869.706601
 80+ 	99.806972	84.255116	15.551856
Total	1117248.187500	486850.562500	630397.625000
1996			
 0-4	47739.400273	24162.743085	23576.657187
 5-9	2378.428852	1197.913504	1180.515349
 10-14 	273.183787	136.594493	136.589294
 15-19 	87852.034418	25515.067529	62336.966889
 20-24 	281057.961387	104520.732191	176537.229197
 25-29 	331600.551826	141589.264076	190011.287750
 30-34 	272274.614700	127420.085220	144854.529480
 35-39 	205860.219940	98701.297302	107158.922638
 40-44 	145857.726906	68550.931980	77306.794926
 45-49 	92214.869865	41179.521225	51035.348640
 50-54 	57079.070740	24189.885658	32889.185081
 55-59 	33728.682419	14386.645618	19342.036800
 60-64 	19564.066839	9295.304340	10268.762499
 65-69 	11900.003095	6216.828210	5683.174885
 70-74 	7976.819617	3564.039254	4412.780363
 75-79 	2753.099953	1424.991703	1328.108250
 80+ 	172.270060	140.505239	31.764821
Total	1600283.000000	692192.312500	908090.687500
1997			
 0-4	64986.262490	32888.577593	32097.684897
 5-9	4682.088975	2357.646887	2324.442088
 10-14 	542.799507	271.394697	271.404811
 15-19 	108089.018434	31003.325855	77085.692579
 20-24 	360501.925267	132952.890880	227549.034388
 25-29 	437453.281937	186698.089439	250755.192497
 30-34 	363172.260422	169905.049286	193267.211136
 35-39 	275941.483116	131300.068748	144641.414368
 40-44 	200059.701859	92517.973114	107541.728745
 45-49 	129282.873260	56563.875687	72718.997574
 50-54 	79073.527657	32767.013435	46306.514221
 55-59 	47119.852135	19604.049187	27515.802948
 60-64 	26921.876839	12432.250282	14489.626556
 65-69 	16144.896301	8270.085180	7874.811121
 70-74 	10644.300821	4771.248827	5873.051994
 75-79 	3794.058286	1907.031743	1887.026544
 80+ 	278.628780	218.259878	60.368902
Total	2128688.625000	916428.875000	1212259.750000
1998			
 0-4	83148.114447	42076.711323	41071.403124
 5-9	8577.206768	4318.510101	4258.696667
 10-14 	1018.970714	509.477430	509.493284
 15-19 	123575.225560	35071.430132	88503.795428
 20-24 	432567.367998	157988.097817	274579.270181
 25-29 	542403.245232	231057.658592	311345.586639
 30-34 	457419.414719	214008.803299	243410.611420
 35-39 	347551.575195	164717.882782	182833.692413
 40-44 	256690.744797	117263.198608	139427.546188
 45-49 	169885.844910	73165.422455	96720.422455
 50-54 	102581.801895	41711.632584	60870.169312
 55-59 	61754.827286	25131.417908	36623.409378
 60-64 	34849.639118	15651.038883	19198.600235
 65-69 	20656.895096	10356.624985	10300.270111
 70-74 	13421.795635	6033.494835	7388.300800
 75-79 	4973.423616	2426.847113	2546.576504
 80+ 	425.659070	318.183038	107.476032
Total	2661501.625000	1141806.375000	1519695.250000
1999			
 0-4	101119.475337	51168.813414	49950.661922
 5-9	14570.432605	7335.940964	7234.491641
 10-14 	1815.988884	908.044593	907.944291
 15-19 	133024.922438	37420.984109	95603.938330
 20-24 	491935.614004	177472.609487	314463.004518
 25-29 	640321.670410	271287.825684	369033.844727
 30-34 	550670.707886	256989.896545	293680.811340
 35-39 	416829.408295	197312.401459	219517.006836
 40-44 	311194.168930	141087.120438	170107.048492
 45-49 	210432.425720	89700.062378	120732.363342
 50-54 	125907.820129	50476.364471	75431.455658
 55-59 	76395.156036	30524.308945	45870.847092
 60-64 	42856.748016	18754.715096	24102.032921
 65-69 	25190.248718	12353.209736	12837.038982
 70-74 	16219.032578	7284.893688	8934.138889
 75-79 	6322.133439	2993.140990	3328.992449
 80+ 	622.340639	440.984283	181.356356
Total	3165428.125000	1353511.250000	1811916.875000
2000			
 0-4	118060.791634	59749.617469	58311.174165
 5-9	22958.431448	11563.008279	11395.423169
 10-14 	3097.478257	1549.120034	1548.358223
 15-19 	136682.531211	38292.817853	98389.713358
 20-24 	536306.397359	191005.996568	345300.400791
 25-29 	729041.024216	306323.113235	422717.910980
 30-34 	638273.969421	295881.836853	342392.132568
 35-39 	481877.233612	228184.644409	253692.589203
 40-44 	360539.667908	162965.174286	197574.493622
 45-49 	248013.786438	105159.451355	142854.335083
 50-54 	147895.610809	58764.016418	89131.594391
 55-59 	90000.953857	35458.086212	54542.867645
 60-64 	50544.144287	21620.974426	28923.169861
 65-69 	29520.409859	14165.132294	15355.277565
 70-74 	18949.001148	8469.988014	10479.013134
 75-79 	7867.239212	3626.179945	4241.059267
 80+ 	883.948109	589.521523	294.426586
Total	3620512.500000	1543368.625000	2077143.875000
2001			
 0-4	133356.760730	67495.219536	65861.541194
 5-9	33646.577330	16953.584714	16692.992616
 10-14 	5100.214744	2551.662528	2548.552216
 15-19 	135749.303504	38011.154521	97738.148983
 20-24 	565065.983986	198635.846903	366430.137083
 25-29 	804324.035889	333316.493805	471007.542084
 30-34 	718429.031921	330566.141418	387862.890503
 35-39 	541502.496582	256648.659912	284853.836670
 40-44 	402351.640503	182134.465210	220217.175293
 45-49 	280437.807617	118792.625854	161645.181763
 50-54 	167306.210449	66200.792969	101105.417480
 55-59 	101677.296356	39651.351166	62025.945190
 60-64 	57564.981667	24151.576332	33413.405334
 65-69 	33450.436630	15710.247177	17740.189453
 70-74 	21517.938705	9543.150635	11974.788071
 75-79 	9520.043350	4283.000099	5237.043251
 80+ 	1228.809464	768.258972	460.550491
Total	4012229.750000	1705414.250000	2306815.500000
2002			
 0-4	146631.403296	74215.056678	72416.346618
 5-9	46119.110545	23248.389867	22870.720678
 10-14 	8149.638440	4079.596877	4070.041563
 15-19 	131909.485572	37037.730081	94871.755490
 20-24 	578925.192760	201173.507814	377751.684946
 25-29 	863019.734528	352302.032379	510717.702148
 30-34 	789381.893982	359734.156433	429647.737549
 35-39 	595345.760132	282242.597107	313103.163025
 40-44 	436149.388000	198311.120605	237838.267395
 45-49 	307169.273926	130271.450195	176897.823730
 50-54 	184052.503784	72741.023926	111311.479858
 55-59 	111048.168243	42960.539520	68087.628723
 60-64 	63765.899261	26313.823090	37452.076172
 65-69 	36807.650871	16924.765541	19882.885330
 70-74 	23795.743881	10453.130936	13342.612946
 75-79 	11107.236612	4899.953554	6207.283058
 80+ 	1661.763393	973.404617	688.358776
Total	4335039.875000	1837882.375000	2497157.500000
2003			
 0-4	157023.574889	79473.357828	77550.217061
 5-9	59611.075538	30060.972762	29550.102776
 10-14 	12632.259633	6328.071566	6304.188068
 15-19 	126920.720146	35848.384317	91072.335828
 20-24 	580334.807287	199916.270228	380418.537058
 25-29 	905369.242780	364378.134109	540991.108672
 30-34 	848814.497095	382845.562261	465968.934833
 35-39 	643338.054264	304630.341344	338707.712920
 40-44 	462742.012708	211592.437113	251149.575595
 45-49 	328459.239565	139555.262952	188903.976613
 50-54 	198212.431967	78343.070681	119869.361286
 55-59 	118376.007935	45473.954603	72902.053332
 60-64 	69060.989779	28085.344011	40975.645769
 65-69 	39544.433678	17810.765133	21733.668545
 70-74 	25692.359668	11170.667939	14521.691728
 75-79 	12472.684833	5420.403843	7052.280989
 80+ 	2177.983274	1201.536876	976.446398
Total	4590782.500000	1942134.500000	2648648.000000
2004			
 0-4	164302.014611	83155.738687	81146.275924
 5-9	73334.454986	36993.603433	36340.851553
 10-14 	18889.755072	9469.988071	9419.767001
 15-19 	122094.520669	34796.212515	87298.308154
 20-24 	573077.298318	196301.611918	376775.686400
 25-29 	934064.451068	371232.114615	562832.336453
 30-34 	897365.441905	400657.512802	496707.929103
 35-39 	685278.338986	323429.983487	361848.355499
 40-44 	483883.584083	222479.071833	261404.512250
 45-49 	345109.281919	146937.727339	198171.554580
 50-54 	209958.811278	83011.753928	126947.057350
 55-59 	124406.907861	47484.412871	76922.494991
 60-64 	73491.723035	29483.610523	44008.112512
 65-69 	41807.601491	18455.665328	23351.936163
 70-74 	27242.051471	11715.819558	15526.231913
 75-79 	13593.920642	5836.436161	7757.484481
 80+ 	2768.498734	1451.291921	1317.206813
Total	4790668.500000	2022892.500000	2767776.000000
2005			
 0-4	169605.755429	85839.311310	83766.444119
 5-9	86711.247410	43751.167995	42960.079415
 10-14 	27064.797650	13579.187530	13485.610121
 15-19 	118301.196522	34129.727607	84171.468916
 20-24 	561221.670829	191684.985350	369536.685478
 25-29 	953474.454439	374857.254818	578617.199621
 30-34 	940143.614567	415880.484074	524263.130493
 35-39 	721374.121494	338111.566654	383262.554840
 40-44 	503120.891724	232091.182468	271029.709255
 45-49 	359673.866405	153273.955593	206399.910812
 50-54 	220942.773226	87203.441469	133739.331757
 55-59 	130540.436980	49450.738196	81089.698784
 60-64 	77578.380909	30664.421245	46913.959664
 65-69 	44004.083818	19024.529454	24979.554364
 70-74 	28649.927365	12166.685311	16483.242054
 75-79 	14616.129435	6200.635984	8415.493451
 80+ 	3448.923112	1729.332685	1719.590427
Total	4960472.125000	2089638.625000	2870833.500000
2006			
 0-4	174075.558351	88104.444215	85971.114136
 5-9	99545.494704	50235.378515	49310.116189
 10-14 	37000.958608	18578.894625	18422.063983
 15-19 	116019.737198	34009.350869	82010.386330
 20-24 	547746.093021	186959.684533	360786.408488
 25-29 	965981.157835	376497.061697	589484.096138
 30-34 	977647.162277	427674.141830	549973.020447
 35-39 	754343.189644	351535.235008	402807.954636
 40-44 	522378.605362	241335.255142	281043.350220
 45-49 	373171.565384	159104.440132	214067.125252
 50-54 	232331.385910	91375.384071	140956.001839
 55-59 	137435.920938	51642.971762	85792.949177
 60-64 	81659.273109	31769.085978	49890.187132
 65-69 	46397.477040	19635.100670	26762.376370
 70-74 	29995.439929	12551.728779	17443.711151
 75-79 	15578.073612	6533.409973	9044.663639
 80+ 	4187.073910	2017.067549	2170.006361
Total	5115494.750000	2149558.750000	2965936.000000
2007			
 0-4	175153.328978	88652.710751	86500.618227
 5-9	111736.135677	56397.362053	55338.773625
 10-14 	48098.102018	24167.963292	23930.138726
 15-19 	115454.265207	34539.077515	80915.187692
 20-24 	534986.271951	182737.883717	352248.388233
 25-29 	974245.985687	377143.249748	597102.735939
 30-34 	1012618.851242	438099.415115	574519.436127
 35-39 	788512.595642	364809.519608	423703.076035
 40-44 	544895.510109	251603.816139	293291.693970
 45-49 	387704.573143	165340.122154	222364.450989
 50-54 	245966.545582	96208.110966	149758.434616
 55-59 	146280.385454	54486.607302	91793.778152
 60-64 	86294.053051	32994.847450	53299.205601
 65-69 	49429.005007	20457.071896	28971.933111
 70-74 	31487.481266	12948.067056	18539.414209
 75-79 	16631.007814	6888.991331	9742.016484
 80+ 	4981.800783	2309.702141	2672.098642
Total	5274475.750000	2209784.250000	3064691.500000
2008			
 0-4	176561.094451	89367.423607	87193.670844
 5-9	122983.161640	62088.167094	60894.994546
 10-14 	59645.377617	29988.549930	29656.827687
 15-19 	116910.523200	35859.631776	81050.891424
 20-24 	524048.878256	179278.619438	344770.258819
 25-29 	978124.043644	376852.372871	601271.670773
 30-34 	1046067.065361	447858.936012	598208.129349
 35-39 	823307.712967	377975.149017	445332.563950
 40-44 	570755.480553	263146.558693	307608.921860
 45-49 	402567.346382	171968.769417	230598.576965
 50-54 	261378.925587	101683.086918	159695.838669
 55-59 	156839.246204	57952.970264	98886.275940
 60-64 	91583.266354	34422.140289	57161.126064
 65-69 	53096.566721	21494.680033	31601.886688
 70-74 	33149.114880	13366.680508	19782.434372
 75-79 	17738.526402	7250.773868	10487.752535
 80+ 	5775.117891	2578.765862	3196.352030
Total	5440531.500000	2273133.250000	3167398.250000
2009			
 0-4	159114.695616	80526.557363	78588.138252
 5-9	132347.742626	66836.197016	65511.545610
 10-14 	70793.663141	35612.953596	35180.709545
 15-19 	120554.293817	38054.018425	82500.275392
 20-24 	514890.446726	176516.347165	338374.099561
 25-29 	975372.911730	375065.323656	600307.588074
 30-34 	1073675.924248	455767.988167	617907.936081
 35-39 	853656.551933	389441.638817	464214.913116
 40-44 	594740.387642	273955.594749	320784.792892
 45-49 	413663.486603	177658.510498	236004.976105
 50-54 	274938.659107	106713.795635	168224.863472
 55-59 	167001.123581	61388.669647	105612.453934
 60-64 	96805.516869	35884.145439	60921.371429
 65-69 	56768.135810	22534.481832	34233.653978
 70-74 	34740.852064	13727.238261	21013.613803
 75-79 	18646.806783	7524.822815	11121.983968
 80+ 	6429.946935	2771.956044	3657.990891
Total	5564141.250000	2319980.500000	3244160.750000
2010			
 0-4	137856.850863	69814.024436	68042.826427
 5-9	140232.194312	70854.252567	69377.941745
 10-14 	81459.357668	40997.619526	40461.738142
 15-19 	125723.641065	40925.884061	84797.757005
 20-24 	505642.060209	173754.273519	331887.786690
 25-29 	965826.318628	371480.284319	594346.034309
 30-34 	1094614.596283	461556.431313	633058.164970
 35-39 	881168.863976	400196.199432	480972.664543
 40-44 	613406.684093	282470.228939	330936.455154
 45-49 	420646.927837	182619.850464	238027.077374
 50-54 	285056.116357	110980.978320	174075.138037
 55-59 	176179.415658	64622.160437	111557.255221
 60-64 	102009.776965	37444.403912	64565.373054
 65-69 	60276.915099	23508.949851	36767.965248
 70-74 	36232.908110	14014.350417	22218.557692
 75-79 	19213.714976	7639.989911	11573.725065
 80+ 	6806.819463	2839.871301	3966.948161
Total	5652353.250000	2355719.750000	3296633.500000
2011			
 0-4	117470.805511	59559.384809	57911.420702
 5-9	146353.726265	74001.447206	72352.279058
 10-14 	91153.479511	45898.851708	45254.627803
 15-19 	131151.682804	44100.284851	87051.397954
 20-24 	495621.239712	170567.498963	325053.740749
 25-29 	956408.533375	367602.628941	588805.904434
 30-34 	1116056.550980	467510.304306	648546.246674
 35-39 	916500.540131	412753.994049	503746.546082
 40-44 	638223.003937	293722.969299	344500.034637
 45-49 	434437.989014	190154.282303	244283.706711
 50-54 	297458.379753	116235.441750	181222.938004
 55-59 	187887.648109	68631.476013	119256.172096
 60-64 	109207.252354	39636.705994	69570.546360
 65-69 	64568.044044	24703.909142	39864.134901
 70-74 	38464.879114	14547.147816	23917.731298
 75-79 	20092.525879	7813.876909	12278.648970
 80+ 	7308.389499	2947.749593	4360.639906
Total	5768365.750000	2400388.500000	3367977.250000
2012			
 0-4	108333.222003	55004.921516	53328.300487
 5-9	150186.393375	76024.738640	74161.654736
 10-14 	99685.308401	50225.986301	49459.322099
 15-19 	135388.621349	47120.307391	88268.313958
 20-24 	481292.451456	165699.617263	315592.834193
 25-29 	947443.342113	362909.416283	584533.925831
 30-34 	1143861.699310	475318.110703	668543.588608
 35-39 	969691.408337	431590.673218	538100.735119
 40-44 	679487.872154	311279.095222	368208.776932
 45-49 	462619.733017	203503.188309	259116.544708
 50-54 	316643.363647	124376.760811	192266.602837
 55-59 	205090.107586	74500.916576	130589.191010
 60-64 	120213.931143	43067.701164	77146.229979
 65-69 	70468.182425	26376.930340	44091.252085
 70-74 	41947.316693	15514.272943	26433.043750
 75-79 	21607.793294	8150.522219	13457.271075
 80+ 	8130.354344	3168.188061	4962.166284
Total	5962091.250000	2473831.500000	3488259.750000
2013			
 0-4	103168.148279	52360.811777	50807.336502
 5-9	153716.350951	77923.770937	75792.580014
 10-14 	107829.010338	54374.728009	53454.282328
 15-19 	136429.353096	49328.212608	87101.140488
 20-24 	458571.167262	157692.181978	300878.985284
 25-29 	929533.847070	353907.614756	575626.232314
 30-34 	1167727.696870	481047.881031	686679.815839
 35-39 	1032661.286294	453642.907639	579018.378656
 40-44 	732630.386029	333440.542011	399189.844018
 45-49 	500520.336788	221134.494923	279385.841865
 50-54 	339510.827411	134639.380102	204871.447309
 55-59 	225355.743630	81594.385645	143761.357985
 60-64 	133638.714714	47317.400825	86321.313889
 65-69 	77259.277905	28285.500147	48973.777758
 70-74 	46130.138609	16730.573685	29399.564924
 75-79 	23531.970567	8581.725943	14950.244624
 80+ 	9224.451989	3481.568707	5742.883281
Total	6177438.500000	2555483.750000	3621954.750000
2014			
 0-4	114123.193787	57924.066739	56199.127048
 5-9	150796.280864	76569.439279	74226.841585
 10-14 	115206.726478	58156.991005	57049.735472
 15-19 	135541.393791	51048.054720	84493.339071
 20-24 	429364.145974	147543.680626	281820.465348
 25-29 	897715.215244	339534.351388	558180.863856
 30-34 	1179588.504997	482180.532701	697407.972296
 35-39 	1093763.084169	475350.093670	618412.990499
 40-44 	791017.695934	358155.080240	432862.615695
 45-49 	542398.559838	240878.126019	301520.433819
 50-54 	364138.033847	146518.975732	217619.058115
 55-59 	246315.354800	89355.202046	156960.152753
 60-64 	148070.729630	52004.722853	96066.006777
 65-69 	84572.984198	30359.513178	54213.471020
 70-74 	50521.154349	18032.969928	32488.184420
 75-79 	25657.243540	9068.854071	16588.389470
 80+ 	10505.079294	3847.699915	6657.379379
Total	6379295.750000	2636528.500000	3742767.250000
2015			
 0-4	123026.703393	62417.377917	60609.325476
 5-9	146654.136131	74609.553541	72044.582590
 10-14 	121906.786089	61616.094252	60290.691837
 15-19 	132796.140477	52139.665348	80656.475130
 20-24 	394374.280683	135678.757684	258695.522999
 25-29 	849209.597026	318865.940940	530343.656085
 30-34 	1172998.876595	475878.305420	697120.571175
 35-39 	1141663.208601	491457.966291	650205.242310
 40-44 	849389.258680	382839.239647	466550.019033
 45-49 	581512.247467	259149.385515	322362.861952
 50-54 	388778.820563	159106.958571	229671.861992
 55-59 	265556.597745	96983.625984	168572.971761
 60-64 	162104.994943	56610.904608	105494.090334
 65-69 	91984.931270	32427.709640	59557.221631
 70-74 	54584.258788	19198.497010	35385.761777
 75-79 	27782.048021	9552.522949	18229.525072
 80+ 	11890.600394	4222.466872	7668.133522
Total	6516213.750000	2692755.500000	3823458.250000
2016			
 0-4	124161.910403	62951.409151	61210.501252
 5-9	141080.137112	71943.012839	69137.124273
 10-14 	128324.318800	64960.136706	63364.182094
 15-19 	129860.505603	53029.636797	76830.868806
 20-24 	357107.172153	123463.498016	233643.674137
 25-29 	787670.649073	293453.778073	494216.871000
 30-34 	1146851.469761	461484.172005	685367.297756
 35-39 	1171898.950119	499696.510323	672202.439796
 40-44 	903556.660248	403958.565990	499598.094257
 45-49 	618042.660332	276515.258488	341527.401844
 50-54 	413103.159687	171845.453228	241257.706459
 55-59 	282336.937204	104145.922472	178191.014732
 60-64 	175521.402751	61002.720155	114518.682596
 65-69 	99476.675519	34455.269942	65021.405578
 70-74 	58219.081531	20147.610194	38071.471337
 75-79 	29850.630168	10015.155507	19835.474662
 80+ 	13332.160542	4575.640670	8756.519872
Total	6580395.000000	2717644.000000	3862751.000000
2017			
 0-4	116313.843047	58955.080234	57358.762813
 5-9	134788.134852	68882.939085	65905.195767
 10-14 	133797.983038	67877.465786	65920.517252
 15-19 	128216.894499	54213.049370	74003.845130
 20-24 	321176.270496	112170.820888	209005.449608
 25-29 	720530.459607	266361.967329	454168.492278
 30-34 	1106278.428486	441266.489826	665011.938660
 35-39 	1188577.052578	502116.344395	686460.708183
 40-44 	955109.338940	423038.516216	532070.822723
 45-49 	656838.232731	294224.812916	362613.419815
 50-54 	439403.932383	185456.316435	253947.615948
 55-59 	297995.956650	111369.866673	186626.089977
 60-64 	189263.870983	65537.759764	123726.111219
 65-69 	107729.247809	36709.205051	71020.042758
 70-74 	61755.826389	20989.342476	40766.483913
 75-79 	32051.511888	10526.113947	21525.397941
 80+ 	14859.074033	4918.102769	9940.971264
Total	6604685.500000	2724613.750000	3880071.750000
2018			
 0-4	104883.208765	53183.339778	51699.868987
 5-9	128368.661165	65665.849783	62702.811382
 10-14 	138662.025992	70553.953220	68108.072773
 15-19 	128540.386060	55909.880239	72630.505821
 20-24 	289692.865362	102815.962149	186876.903213
 25-29 	653787.929575	240056.966497	413730.963078
 30-34 	1055260.237322	417116.986658	638143.250664
 35-39 	1194061.977085	499891.151424	694170.825661
 40-44 	1004128.015097	440421.593271	563706.421825
 45-49 	699072.908615	312745.539673	386327.368942
 50-54 	468693.173300	200221.255552	268471.917747
 55-59 	313694.999995	119107.318862	194587.681133
 60-64 	203597.750423	70387.635828	133210.114595
 65-69 	116901.941944	39270.368062	77631.573882
 70-74 	65506.384747	21837.521233	43668.863514
 75-79 	34419.982980	11094.849460	23325.133521
 80+ 	16489.735729	5261.593714	11228.142016
Total	6615762.000000	2725541.500000	3890220.500000
2019			
 0-4	91710.240589	46486.989413	45223.251176
 5-9	128806.016542	65907.194133	62898.822409
 10-14 	136941.213569	69952.746343	66988.467226
 15-19 	130323.796894	57910.595640	72413.201255
 20-24 	264101.043638	95770.441893	168330.601744
 25-29 	590483.951141	215771.980368	374711.970774
 30-34 	995327.784128	389905.091429	605422.692699
 35-39 	1188554.646635	493179.274454	695375.372181
 40-44 	1048460.178396	455361.769823	593098.408573
 45-49 	744409.885361	331952.229160	412457.656200
 50-54 	500066.993095	215565.679457	284501.313639
 55-59 	330553.376666	127722.906266	202830.470400
 60-64 	218202.232570	75537.592401	142664.640169
 65-69 	126739.419340	42060.701385	84678.717955
 70-74 	69726.400421	22784.491839	46941.908582
 75-79 	36882.212903	11684.285702	25197.927202
 80+ 	18232.124856	5616.099903	12616.024953
Total	6619521.750000	2723170.000000	3896351.750000
2020			
 0-4	85678.387940	43410.487107	42267.900833
 5-9	122498.464126	62664.616765	59833.847361
 10-14 	134056.761428	68803.432948	65253.328480
 15-19 	133972.395583	60526.886501	73445.509082
 20-24 	244702.999575	90830.040240	153872.959335
 25-29 	532877.026553	194451.165736	338425.860817
 30-34 	929299.465294	360997.638908	568301.826385
 35-39 	1171732.731918	482069.929054	689662.802864
 40-44 	1086447.632010	467277.581072	619170.050938
 45-49 	793242.791267	352281.114262	440961.677006
 50-54 	531936.622934	230402.649685	301533.973249
 55-59 	349553.636115	137505.974185	212047.661930
 60-64 	232686.458386	80964.525116	151721.933270
 65-69 	137068.410220	45037.950596	92030.459624
 70-74 	74633.433496	23911.993408	50721.440087
 75-79 	39386.545614	12265.760884	27120.784730
 80+ 	20091.448142	5990.038241	14101.409901
Total	6619865.500000	2719391.750000	3900473.750000
2021			
 0-4	81503.752232	41293.513385	40210.238847
 5-9	112847.794006	57667.208074	55180.585932
 10-14 	130945.521752	67532.388589	63413.133163
 15-19 	138262.965786	63305.300113	74957.665673
 20-24 	231843.066302	88115.828716	143727.237586
 25-29 	481804.942485	176330.774055	305474.168430
 30-34 	859998.544586	331635.463913	528363.080673
 35-39 	1143644.397537	466644.387726	677000.009811
 40-44 	1115922.794615	475487.371672	640435.422943
 45-49 	843423.107563	371713.467800	471709.639763
 50-54 	565576.017750	246224.475948	319351.541801
 55-59 	370990.871227	148477.114386	222513.756842
 60-64 	246768.861647	86647.767847	160121.093801
 65-69 	147927.443765	48230.090621	99697.353145
 70-74 	80280.117856	25246.503652	55033.614203
 75-79 	41929.600814	12827.661157	29101.939656
 80+ 	22072.071705	6387.274012	15684.797693
Total	6615741.500000	2713766.500000	3901975.000000
2022			
 0-4	77583.225335	39310.396472	38272.828863
 5-9	102699.648068	52414.817990	50284.830079
 10-14 	126398.987927	65444.176687	60954.811240
 15-19 	142741.474075	66139.492431	76601.981644
 20-24 	224637.138827	87266.883291	137370.255536
 25-29 	437833.415192	161459.184693	276374.230498
 30-34 	790388.515757	303025.758284	487362.757473
 35-39 	1105207.916069	447350.294731	657857.621338
 40-44 	1135002.129017	479413.632824	655588.496193
 45-49 	892986.823856	390129.645435	502857.178421
 50-54 	602165.761833	262770.311924	339395.449909
 55-59 	395004.661985	160574.566368	234430.095617
 60-64 	260354.689278	92610.111836	167744.577442
 65-69 	159348.664618	51668.043677	107680.620941
 70-74 	86754.687835	26829.613675	59925.074160
 75-79 	44515.617379	13364.152408	31151.464971
 80+ 	24184.773765	6811.389753	17373.384011
Total	6607807.750000	2706582.250000	3901225.500000
2023			
 0-4	73705.106576	37348.575826	36356.530750
 5-9	91577.265446	46694.197691	44883.067755
 10-14 	120848.564524	62694.912605	58153.651919
 15-19 	147887.518766	69337.406508	78550.112258
 20-24 	221626.123635	87723.285472	133902.838163
 25-29 	401430.818620	149809.058290	251621.760330
 30-34 	723154.065041	276201.127377	446952.937664
 35-39 	1057207.387665	424641.192810	632566.194855
 40-44 	1142923.879429	478807.139610	664116.739819
 45-49 	940062.155148	406959.711697	533102.443451
 50-54 	641451.641626	279834.518354	361617.123272
 55-59 	421598.109025	173669.954711	247928.154314
 60-64 	273917.341136	99019.288800	174898.052336
 65-69 	171211.696320	55358.115183	115853.581137
 70-74 	93968.494105	28640.807787	65327.686317
 75-79 	47269.240751	13910.760235	33358.480516
 80+ 	26413.860026	7255.443284	19158.416742
Total	6596253.250000	2697905.500000	3898347.750000
2024			
 0-4	69859.855812	35403.003639	34456.852174
 5-9	78875.583035	40095.027658	38780.555376
 10-14 	121355.987090	62960.408935	58395.578156
 15-19 	147545.892549	69777.384376	77768.508173
 20-24 	221274.379391	88907.607620	132366.771771
 25-29 	373102.934462	141382.423076	231720.511386
 30-34 	660392.663048	251930.633461	408462.029587
 35-39 	1000693.197186	399120.497585	601572.699600
 40-44 	1139893.069553	473800.122490	666092.947063
 45-49 	982636.863274	421523.434574	561113.428699
 50-54 	683411.477203	297423.222889	385988.254314
 55-59 	450012.781610	187274.038049	262738.743562
 60-64 	288499.708704	106189.776451	182309.932253
 65-69 	183280.629091	59295.302394	123985.326697
 70-74 	101722.505481	30622.872424	71099.633057
 75-79 	50389.893626	14528.714989	35861.178638
 80+ 	28733.513043	7707.612674	21025.900369
Total	6581681.000000	2687941.750000	3893739.250000
2025			
 0-4	66037.977714	33468.855667	32569.122047
 5-9	72961.242844	36999.711596	35961.531248
 10-14 	114975.345238	59564.638084	55410.707154
 15-19 	146350.599344	69765.406672	76585.192672
 20-24 	222896.686553	90761.172925	132135.513628
 25-29 	351959.910073	135501.508622	216458.401451
 30-34 	603256.301491	230613.747776	372642.553715
 35-39 	937895.777859	371801.023182	566094.754677
 40-44 	1125695.611206	464439.877701	661255.733505
 45-49 	1019252.163002	433285.101086	585967.061916
 50-54 	728579.125822	315998.241194	412580.884628
 55-59 	478869.763786	200427.198854	278442.564932
 60-64 	305012.513081	114368.726311	190643.786770
 65-69 	195253.858222	63462.541879	131791.316343
 70-74 	109877.836804	32739.903872	77137.932932
 75-79 	54031.196074	15266.548740	38764.647334
 80+ 	31133.703864	8159.824375	22973.879489
Total	6564039.750000	2676624.000000	3887415.750000
2026			
 0-4	61979.690435	31427.453280	30552.237154
 5-9	69147.408691	35047.582926	34099.825766
 10-14 	104992.765275	54226.197641	50766.567635
 15-19 	145037.869027	69592.266024	75445.603003
 20-24 	225041.807909	92750.248201	132291.559708
 25-29 	338328.295478	132281.968201	206046.327277
 30-34 	552629.075430	212472.580851	340156.494579
 35-39 	871908.955112	344010.696125	527898.258987
 40-44 	1100787.118458	450957.296314	649829.822144
 45-49 	1048186.420349	441740.080654	606446.339695
 50-54 	775244.109985	333865.958672	441378.151314
 55-59 	509373.839062	214483.326464	294890.512598
 60-64 	323810.762722	123611.347938	200199.414784
 65-69 	206948.049122	67863.874412	139084.174711
 70-74 	118486.890328	35020.358548	83466.531780
 75-79 	58237.537900	16142.557386	42094.980514
 80+ 	33630.657841	8612.593274	25018.064567
Total	6543770.750000	2664105.750000	3879665.000000
2027			
 0-4	61076.222756	30981.448537	30094.774219
 5-9	66148.404142	33531.794911	32616.609231
 10-14 	94645.864123	48717.994595	45927.869529
 15-19 	141533.602168	68136.571863	73397.030305
 20-24 	227385.515831	94835.874946	132549.640885
 25-29 	330954.750360	131216.850068	199737.900292
 30-34 	508970.674948	197498.031355	311472.643593
 35-39 	805668.623634	316931.886765	488736.736870
 40-44 	1066063.146019	433772.381458	632290.764561
 45-49 	1067717.316381	446359.374607	621357.941774
 50-54 	821584.561931	350917.841946	470666.719985
 55-59 	542627.856747	229204.789977	313423.066770
 60-64 	345022.380944	133872.184160	211150.196784
 65-69 	218292.316764	72522.039209	145770.277555
 70-74 	127569.667375	37485.984498	90083.682877
 75-79 	63064.437009	17180.007843	45884.429166
 80+ 	36239.057873	9066.494476	27172.563397
Total	6524564.500000	2652231.500000	3872333.000000
2028			
 0-4	61829.053805	31366.765790	30462.288015
 5-9	63892.490230	32397.710598	31494.779632
 10-14 	83619.018145	42913.668859	40705.349286
 15-19 	135956.128637	65441.133464	70514.995172
 20-24 	230455.201417	97342.269819	133112.931598
 25-29 	327848.139565	131529.234684	196318.904881
 30-34 	472758.398157	185668.970732	287089.427425
 35-39 	741789.842487	291552.343647	450237.498840
 40-44 	1022312.785202	413322.465752	608990.319450
 45-49 	1077150.379332	446906.041317	630244.338015
 50-54 	865972.295903	366685.284281	499287.011622
 55-59 	578493.013783	244438.383666	334054.630117
 60-64 	368632.480337	145042.353644	223590.126693
 65-69 	229696.719429	77573.256751	152123.462678
 70-74 	137025.968658	40142.172128	96883.796530
 75-79 	68448.056328	18365.020936	50083.035392
 80+ 	39036.500815	9540.090757	29496.410058
Total	6504916.750000	2640227.250000	3864689.500000
2029			
 0-4	61063.725368	30992.101470	30071.623898
 5-9	62741.867443	31827.275019	30914.592424
 10-14 	70940.316924	36202.638911	34737.678013
 15-19 	135627.492372	65384.598480	70242.893892
 20-24 	228383.531602	97253.927013	131129.604589
 25-29 	326872.149151	132388.764452	194483.384699
 30-34 	444441.772438	176992.879856	267448.892582
 35-39 	682038.486553	268492.932316	413545.554237
 40-44 	970340.201180	390092.957996	580247.243183
 45-49 	1076483.772738	443407.044811	633076.727926
 50-54 	906522.976688	380545.186108	525977.790581
 55-59 	616987.993265	260200.651406	356787.341859
 60-64 	393936.447098	156693.465945	237242.981153
 65-69 	242023.899537	83258.006853	158765.892684
 70-74 	146649.370897	42982.396604	103666.974292
 75-79 	74241.209883	19659.443603	54581.766280
 80+ 	42133.223553	10060.619932	32072.603621
Total	6481428.250000	2626435.000000	3854993.250000
2030			
 0-4	60496.004862	30702.430658	29793.574204
 5-9	63434.528600	32203.706445	31230.822155
 10-14 	64771.660341	32916.562392	31855.097949
 15-19 	128262.040160	61585.756469	66676.283692
 20-24 	225593.274606	96766.026571	128827.248035
 25-29 	326896.135941	133551.626646	193344.509295
 30-34 	423140.421757	170812.908123	252327.513634
 35-39 	627398.036736	248081.887062	379316.149673
 40-44 	912198.761822	365011.833412	547186.928410
 45-49 	1065397.690355	435855.259605	629542.430750
 50-54 	941908.839761	392009.036373	549899.803388
 55-59 	658594.345434	276904.879220	381689.466214
 60-64 	419728.865782	167998.438338	251730.427444
 65-69 	256047.576944	89773.393157	166274.183786
 70-74 	156193.000555	45996.203723	110196.796832
 75-79 	80343.976566	21040.703076	59303.273490
 80+ 	45613.728556	10648.480132	34965.248424
Total	6456019.250000	2611859.500000	3844159.750000
2031			
 0-4	56500.114050	28670.036856	27830.077194
 5-9	64406.859374	32739.956573	31666.902800
 10-14 	61278.229362	31108.932372	30169.296990
 15-19 	116727.956947	55574.198795	61153.758151
 20-24 	222765.104369	96139.244441	126625.859928
 25-29 	326254.202358	134380.519037	191873.683321
 30-34 	409148.710844	167250.361338	241898.349506
 35-39 	578556.720253	230472.806416	348083.913837
 40-44 	850682.455799	339284.393665	511398.062134
 45-49 	1044129.169956	424381.558281	619747.611675
 50-54 	970450.318984	400574.154314	569876.164670
 55-59 	701779.798815	293069.483214	408710.315600
 60-64 	447005.355742	180106.313829	266899.041913
 65-69 	272085.445272	97170.861227	174914.584046
 70-74 	165514.942015	49191.334186	116323.607830
 75-79 	86795.358094	22527.983557	64267.374537
 80+ 	49501.936792	11309.699348	38192.237444
Total	6423582.000000	2593951.500000	3829630.500000
2032			
 0-4	50322.179565	25537.200386	24784.979179
 5-9	64895.571619	33031.256559	31864.315060
 10-14 	58641.735935	29777.426418	28864.309517
 15-19 	105151.857867	49549.247704	55602.610164
 20-24 	217821.014419	94231.851247	123589.163172
 25-29 	325559.577589	135220.218897	190339.358692
 30-34 	401524.526575	165951.144926	235573.381649
 35-39 	536256.954403	215819.571724	320437.382679
 40-44 	788748.766369	314131.566521	474617.199848
 45-49 	1013540.219578	409398.799725	604141.419853
 50-54 	990548.762255	405758.225746	584790.536509
 55-59 	744887.166086	308606.605344	436280.560742
 60-64 	476803.161885	192819.771144	283983.390741
 65-69 	290277.156644	105433.433350	184843.723294
 70-74 	174593.763042	52600.049654	121993.713388
 75-79 	93617.976472	24141.058247	69476.918225
 80+ 	53829.913379	12053.936261	41775.977118
Total	6387020.500000	2574061.250000	3812959.250000
2033			
 0-4	44588.279335	22626.906618	21961.372717
 5-9	64481.450941	32863.043236	31618.407705
 10-14 	56800.338669	28865.392544	27934.946125
 15-19 	93293.802066	43455.706244	49838.095822
 20-24 	210295.882846	90861.204391	119434.678456
 25-29 	325341.258385	136375.437657	188965.820728
 30-34 	397799.007738	165909.153879	231889.853859
 35-39 	500821.948891	204048.586750	296773.362141
 40-44 	728678.643257	290399.923950	438278.719307
 45-49 	974132.576794	391215.356834	582917.219959
 50-54 	1001348.433699	407249.404320	594099.029379
 55-59 	786380.870137	323082.418397	463298.451740
 60-64 	509006.830298	205997.135891	303009.694407
 65-69 	310562.062643	114458.707264	196103.355379
 70-74 	183745.323210	56316.785433	127428.537777
 75-79 	100727.824341	25880.973220	74846.851121
 80+ 	58593.844839	12880.543349	45713.301491
Total	6346598.250000	2552486.750000	3794111.500000
2034			
 0-4	41026.979003	20812.515174	20214.463829
 5-9	61139.147252	31207.440015	29931.707237
 10-14 	56355.082717	28674.972216	27680.110501
 15-19 	79843.880512	36510.126485	43333.754027
 20-24 	207394.329484	89867.395440	117526.934044
 25-29 	320540.999841	135176.602175	185364.397666
 30-34 	395755.918535	166236.693808	229519.224728
 35-39 	472893.186741	195284.264118	277608.922623
 40-44 	672234.403175	268716.057251	403518.345924
 45-49 	926651.587790	370290.348576	556361.239214
 50-54 	1002772.572879	405038.699509	597733.873370
 55-59 	824561.772682	335957.741471	488604.031211
 60-64 	543686.415047	219666.781039	324019.634008
 65-69 	332344.817052	123904.069341	208440.747711
 70-74 	193672.083251	60520.070730	133152.012520
 75-79 	107967.425036	27745.121055	80222.303981
 80+ 	63765.129108	13782.220831	49982.908277
Total	6302605.750000	2529391.000000	3773214.750000
2035			
 0-4	39142.285354	19852.478913	19289.806441
 5-9	55455.506822	28320.047969	27135.458853
 10-14 	57237.125837	29196.660319	28040.465518
 15-19 	73137.346242	33063.190962	40074.155280
 20-24 	198145.413301	85419.448718	112725.964582
 25-29 	316118.372189	134047.459685	182070.912503
 30-34 	394709.723423	166900.867405	227808.856018
 35-39 	452057.084908	189139.677719	262917.407188
 40-44 	620591.881628	249534.503809	371057.377819
 45-49 	873130.243843	347561.690132	525568.553711
 50-54 	994504.203509	399133.736591	595370.466918
 55-59 	858273.295080	346823.571228	511449.723852
 60-64 	581274.190081	234192.982335	347081.207747
 65-69 	354651.199685	133113.854982	221537.344703
 70-74 	205032.930675	65369.524297	139663.406378
 75-79 	115153.390288	29733.526636	85419.863652
 80+ 	69331.115730	14757.245053	54573.870677
Total	6257945.000000	2506160.250000	3751784.750000
2036			
 0-4	37689.120036	19115.899567	18573.220469
 5-9	49215.552109	25118.212816	24097.339293
 10-14 	58563.892245	29969.250371	28594.641874
 15-19 	69712.705112	31348.449663	38364.255449
 20-24 	185150.683439	78913.196766	106237.486673
 25-29 	312651.315504	133191.991281	179459.324224
 30-34 	393024.633371	167253.584711	225771.048660
 35-39 	438725.398731	185790.254147	252935.144585
 40-44 	574404.077179	232998.387344	341405.689835
 45-49 	816169.546658	324133.247263	492036.299395
 50-54 	976590.280112	389563.757105	587026.523007
 55-59 	885832.564233	355147.785655	530684.778578
 60-64 	620348.548118	248277.662818	372070.885299
 65-69 	378158.007515	142965.979790	235192.027724
 70-74 	218012.664061	70871.582002	147141.082059
 75-79 	122124.016673	31834.586073	90289.430600
 80+ 	75284.946541	15810.171913	59474.774628
Total	6211658.000000	2482304.000000	3729354.000000
2037			
 0-4	36446.037996	18485.733804	17960.304191
 5-9	43242.756278	22049.488343	21193.267935
 10-14 	59515.334584	30534.341399	28980.993185
 15-19 	67484.354440	30253.721819	37230.632620
 20-24 	172528.214237	72554.894502	99973.319735
 25-29 	307304.011459	131155.782987	176148.228472
 30-34 	391289.982653	167618.300520	223671.682133
 35-39 	431717.089046	184751.000648	246966.088398
 40-44 	534253.547359	219185.335022	315068.212337
 45-49 	758499.358053	301108.505829	457390.852224
 50-54 	949722.055854	376656.620476	573065.435378
 55-59 	905701.656124	360462.542534	545239.113590
 60-64 	659369.637842	261821.116567	397548.521275
 65-69 	403773.490417	153277.285776	250496.204641
 70-74 	232706.513693	77004.981288	155701.532404
 75-79 	128860.174574	34067.440244	94792.734330
 80+ 	81650.202534	16954.452804	64695.749730
Total	6164064.250000	2457941.500000	3706122.750000
2038			
 0-4	35375.143487	17942.637710	17432.505777
 5-9	37862.856445	19275.293722	18587.562723
 10-14 	59471.387721	30575.459164	28895.928557
 15-19 	66244.034071	29660.057498	36583.976573
 20-24 	160291.554875	66371.326706	93920.228170
 25-29 	299755.967977	127794.883622	171961.084354
 30-34 	390769.060604	168607.763016	222161.297588
 35-39 	428968.118881	185185.428123	243782.690758
 40-44 	500844.970253	208220.015781	292624.954472
 45-49 	702557.710098	279406.619665	423151.090433
 50-54 	914479.130664	360757.218052	553721.912612
 55-59 	917122.145440	362500.454596	554621.690845
 60-64 	697014.218526	274479.104201	422535.114326
 65-69 	431451.359907	163944.854575	267506.505332
 70-74 	249060.041805	83695.040577	165365.001228
 75-79 	135620.155756	36499.450602	99120.705154
 80+ 	88355.551969	18189.439426	70166.112543
Total	6115243.250000	2433105.000000	3682138.250000
2039			
 0-4	34447.467305	17472.011805	16975.455500
 5-9	34504.681622	17526.145649	16978.535972
 10-14 	56563.786262	29138.255239	27425.531022
 15-19 	66382.671847	29771.126694	36611.545152
 20-24 	147005.525534	59529.581456	87475.944078
 25-29 	296797.111222	126737.721028	170059.390194
 30-34 	386883.613594	167784.842655	219098.770939
 35-39 	428278.980782	186180.122326	242098.858456
 40-44 	474945.716148	200298.481598	274647.234550
 45-49 	650099.900358	259642.479824	390457.420534
 50-54 	871570.240222	342299.324135	529270.916087
 55-59 	919976.745458	361231.722099	558745.023358
 60-64 	731777.682203	285798.657828	445979.024374
 65-69 	461269.951740	174989.175166	286280.776573
 70-74 	266578.186368	90678.157260	175900.029109
 75-79 	142928.206551	39244.669229	103683.537322
 80+ 	95265.093641	19507.354309	75757.739332
Total	6065275.500000	2407830.000000	3657445.500000
2040			
 0-4	33552.821273	17020.261921	16532.559352
 5-9	32769.792013	16626.512042	16143.279971
 10-14 	51176.632960	26358.701026	24817.931934
 15-19 	67942.035229	30640.670727	37301.364501
 20-24 	140262.372284	56082.529987	84179.842297
 25-29 	287477.770865	122236.971248	165240.799618
 30-34 	383657.903660	167143.497448	216514.406212
 35-39 	428379.766510	187375.373798	241004.392712
 40-44 	455974.633690	194932.123280	261042.510410
 45-49 	602099.680571	242154.112648	359945.567923
 50-54 	822833.470140	322096.783451	500736.686689
 55-59 	913873.497676	356616.468689	557257.028987
 60-64 	762615.094550	295408.268847	467206.825703
 65-69 	493528.602922	186667.540237	306861.062685
 70-74 	284467.164465	97440.071063	187027.093403
 75-79 	151254.665014	42396.913503	108857.751511
 80+ 	102246.652846	20903.935275	81342.717571
Total	6014112.500000	2382100.750000	3632011.750000
2041			
 0-4	32929.709859	16716.068429	16213.641430
 5-9	31579.545929	16021.655158	15557.890772
 10-14 	45124.127409	23191.512506	21932.614902
 15-19 	69994.919640	31776.623902	38218.295738
 20-24 	136904.557918	54403.294978	82501.262941
 25-29 	274333.239328	115655.729128	158677.510200
 30-34 	381531.900738	166837.437687	214694.463051
 35-39 	427654.570063	188119.941111	239534.628952
 40-44 	444412.238384	192334.953743	252077.284641
 45-49 	559221.074589	227104.744709	332116.329880
 50-54 	770765.566062	301204.044605	469561.521457
 55-59 	898926.480609	348729.456463	550197.024146
 60-64 	788143.257459	302916.292097	485226.965363
 65-69 	527201.802747	198032.525550	329169.277197
 70-74 	303311.162378	104695.178487	198615.983891
 75-79 	160805.247849	45984.307809	114820.940041
 80+ 	109272.599644	22392.287956	86880.311688
Total	5962112.000000	2356116.000000	3605996.000000
2042			
 0-4	35190.233008	17864.755589	17325.477418
 5-9	31062.416995	15762.104146	15300.312848
 10-14 	39313.943955	20153.650099	19160.293857
 15-19 	71511.769809	32610.251907	38901.517901
 20-24 	134863.246826	53392.154444	81471.092383
 25-29 	261603.145823	109240.614819	152362.531004
 30-34 	377424.882664	165308.151325	212116.731339
 35-39 	426862.594574	188829.710571	238032.884003
 40-44 	439081.970778	192023.795404	247058.175373
 45-49 	522009.781061	214570.187391	307439.593670
 50-54 	717890.784960	280624.897980	437265.886980
 55-59 	875708.095840	337842.469961	537865.625878
 60-64 	806963.797944	307912.475794	499051.322150
 65-69 	560938.228839	209001.456399	351936.772440
 70-74 	323903.515173	112300.091549	211603.423624
 75-79 	171644.190466	49991.766458	121652.424008
 80+ 	116362.856457	23990.939969	92371.916487
Total	5912335.750000	2331419.500000	3580916.250000
2043			
 0-4	37132.524028	18851.372222	18281.151806
 5-9	31220.030900	15846.882781	15373.148119
 10-14 	34038.941680	17390.214620	16648.727060
 15-19 	71898.869735	32845.441501	39053.428233
 20-24 	133896.040964	52915.195472	80980.845492
 25-29 	249441.879536	103082.500978	146359.378558
 30-34 	370848.014885	162337.205814	208510.809071
 35-39 	427348.441439	190162.998335	237185.443104
 40-44 	437937.003012	193160.899977	244776.103035
 45-49 	491175.485678	204691.474327	286484.011351
 50-54 	666504.920731	261204.288364	405300.632366
 55-59 	844694.485157	324247.244655	520447.240502
 60-64 	818350.453269	310146.701612	508203.751658
 65-69 	593604.622146	219306.266757	374298.355389
 70-74 	346230.766884	120179.139229	226051.627656
 75-79 	183714.461028	54366.582192	129347.878836
 80+ 	123659.959958	25736.847822	97923.112137
Total	5861697.000000	2306471.250000	3555225.750000
2044			
 0-4	37828.127516	19207.060229	18621.067286
 5-9	32471.261097	16490.097521	15981.163576
 10-14 	30629.053482	15584.943521	15044.109961
 15-19 	69492.977483	31629.616748	37863.360735
 20-24 	134302.169156	53134.423248	81167.745908
 25-29 	236430.947931	96367.932800	140063.015131
 30-34 	368243.760439	161356.643068	206887.117371
 35-39 	424861.109152	189879.325495	234981.783657
 40-44 	438764.150431	194811.881243	243952.269188
 45-49 	467488.958132	197680.771809	269808.186323
 50-54 	618264.266796	243504.271502	374759.995295
 55-59 	806486.102164	308316.886680	498169.215485
 60-64 	822135.597178	309566.372965	512569.224213
 65-69 	623913.101003	228588.785718	395324.315285
 70-74 	370367.931287	128344.704442	242023.226846
 75-79 	196644.071807	58930.760370	137713.311437
 80+ 	131429.877598	27686.915526	103742.962072
Total	5809753.500000	2281081.500000	3528672.000000
2045			
 0-4	36877.028939	18723.432051	18153.596888
 5-9	34724.435169	17651.978464	17072.456705
 10-14 	28890.850724	14672.388196	14218.462528
 15-19 	64378.423781	28955.479019	35422.944762
 20-24 	136184.352069	54130.183784	82054.168285
 25-29 	229836.836300	92976.305483	136860.530817
 30-34 	359314.589928	156962.815994	202351.773933
 35-39 	423171.709755	189850.518066	233321.191689
 40-44 	440258.736258	196582.828096	243675.908161
 45-49 	450455.805874	193102.693581	257353.112293
 50-54 	574108.898090	227847.650513	346261.247578
 55-59 	762761.332294	290773.347676	471987.984617
 60-64 	817920.363426	306123.841420	511796.522006
 65-69 	650990.895203	236552.224524	414438.670679
 70-74 	396515.336088	136970.023824	259545.312264
 75-79 	209868.563835	63337.194198	146531.369637
 80+ 	139887.143478	29886.733864	110000.409614
Total	5756145.500000	2255099.750000	3501045.750000
2046			
 0-4	34646.396996	17588.409676	17057.987319
 5-9	36760.358271	18715.731929	18044.626342
 10-14 	27965.827740	14200.132282	13765.695458
 15-19 	58386.629185	25796.658399	32589.970786
 20-24 	138584.139539	55400.047486	83184.092054
 25-29 	226727.617930	91388.911034	135338.706896
 30-34 	346520.495691	150484.360304	196036.135387
 35-39 	422620.100708	190188.340363	232431.760345
 40-44 	440825.693108	197828.301216	242997.391891
 45-49 	440592.790697	191191.152298	249401.638399
 50-54 	534675.369318	214392.518429	320282.850889
 55-59 	715821.659114	272561.977573	443259.681540
 60-64 	805777.519114	299872.601200	505904.917913
 65-69 	673651.932102	242881.566671	430770.365431
 70-74 	423926.700362	145392.741658	278533.958704
 75-79 	223784.102504	68084.460936	155699.641568
 80+ 	149123.989314	32353.442908	116770.546407
Total	5700391.500000	2228321.500000	3472070.000000
2047			
 0-4	32144.855756	16316.448788	15828.406968
 5-9	38089.905613	19418.674636	18671.230977
 10-14 	27546.587333	13997.385158	13549.202174
 15-19 	52693.441719	22805.107819	29888.333900
 20-24 	140364.203709	56333.389740	84030.813968
 25-29 	225023.955405	90506.893757	134517.061647
 30-34 	334162.778439	144185.848389	189976.930050
 35-39 	420016.825750	189282.095800	230734.729950
 40-44 	441291.681561	199009.763828	242281.917732
 45-49 	436762.289421	191481.354282	245280.935139
 50-54 	500481.600344	203213.089590	297268.510754
 55-59 	667995.875753	254582.357400	413413.518353
 60-64 	786181.487547	291033.481996	495148.005551
 65-69 	690681.618523	247241.169980	443440.448544
 70-74 	451482.161631	153551.034539	297931.127091
 75-79 	239054.142267	73072.055532	165982.086736
 80+ 	159160.152645	35081.945090	124078.207555
Total	5643133.750000	2201112.250000	3442021.500000
2048			
 0-4	30372.334735	15413.227165	14959.107569
 5-9	38070.941183	19435.579723	18635.361459
 10-14 	27952.121716	14221.414561	13730.707155
 15-19 	47548.488707	20105.009999	27443.478709
 20-24 	140987.833281	56661.723809	84326.109472
 25-29 	224458.703392	90185.984699	134272.718693
 30-34 	322489.554451	138204.321236	184285.233215
 35-39 	414762.848484	186858.786514	227904.061970
 40-44 	443003.627052	200791.616554	242212.010498
 45-49 	436960.199509	193153.729038	243806.470470
 50-54 	472226.520929	194454.220856	277772.300074
 55-59 	621410.779308	237589.597779	383821.181529
 60-64 	759510.628939	279842.943230	479667.685709
 65-69 	701418.219664	249413.617409	452004.602255
 70-74 	478259.461159	161252.205723	317007.255436
 75-79 	255684.730881	78248.553935	177436.176947
 80+ 	170008.540947	38055.100754	131953.440193
Total	5585125.500000	2173887.750000	3411237.750000
2049			
 0-4	29523.759422	14978.734662	14545.024760
 5-9	36466.711711	18634.383747	17832.327964
 10-14 	29297.855947	14938.105941	14359.750005
 15-19 	44186.509543	18331.293379	25855.216164
 20-24 	138917.113634	55592.694108	83324.419525
 25-29 	225279.442391	90564.509737	134714.932654
 30-34 	310159.762922	131768.505320	178391.257603
 35-39 	412954.461893	186143.655306	226810.806587
 40-44 	441988.891298	201104.582132	240884.309166
 45-49 	439010.518017	195285.828938	243724.689079
 50-54 	450679.207241	188335.100546	262344.106695
 55-59 	577608.465166	222084.973169	355523.491997
 60-64 	726264.737184	266611.651218	459653.085966
 65-69 	705671.435854	249336.905181	456334.530674
 70-74 	503215.232955	168235.336631	334979.896323
 75-79 	273731.657977	83616.521437	190115.136541
 80+ 	181567.790506	41196.753514	140371.036992
Total	5526523.750000	2146759.500000	3379764.250000
2050			
 0-4	29134.488825	14779.483553	14355.005273
 5-9	33608.000788	17171.354027	16436.646761
 10-14 	31577.853779	16151.629856	15426.223923
 15-19 	42574.603294	17487.768099	25086.835195
 20-24 	134066.135102	53046.364822	81019.770280
 25-29 	227623.372864	91735.194309	135888.178555
 30-34 	304096.183721	128570.386624	175525.797096
 35-39 	404883.797548	182060.174326	222823.623222
 40-44 	441787.651197	201694.631517	240093.019680
 45-49 	441579.609566	197462.850735	244116.758831
 50-54 	435401.654554	184459.004068	250942.650486
 55-59 	537462.185629	208360.222889	329101.962740
 60-64 	687931.926724	251953.289717	435978.637008
 65-69 	703056.118775	246960.804479	456095.314296
 70-74 	525660.942838	174280.673887	351380.268951
 75-79 	293294.753785	89271.073179	204023.680605
 80+ 	193619.903651	44333.105466	149286.798185
Total	5467359.250000	2119778.000000	3347581.250000

