Year	CD4500	CD4350_500	CD4250_349	CD4200_249	CD4100_199	CD450_99	CD450
1970	0	0	0	0	0	0	0
1971	0	0	0	0	0	0	0
1972	0	0	0	0	0	0	0
1973	0	0	0	0	0	0	0
1974	0	0	0	0	0	0	0
1975	0	0	0	0	0	0	0
1976	4.767203	3.104038	0	0	0	0	0
1977	8.923915	6.012909	0.678774	0.128116	0.04181	0.004948	0.001034
1978	12.559307	8.716619	1.69399	0.432617	0.235884	0.04652	0.021437
1979	16.620419	11.77674	2.854751	0.852706	0.596981	0.141972	0.086675
1980	20.213452	14.612837	4.176234	1.354256	1.093795	0.286388	0.202719
1981	26.170778	19.027245	5.544518	1.90819	1.69893	0.471569	0.363789
1982	37.107465	26.802983	7.279369	2.550807	2.396327	0.688967	0.561165
1983	63.233228	44.738994	9.950282	3.434846	3.258329	0.949183	0.794387
1984	131.064457	90.5833	15.351803	5.001845	4.530552	1.303273	1.089816
1985	312.585683	212.539947	28.347458	8.486663	6.939261	1.90906	1.539595
1986	795.68815	536.55571	62.139336	17.25172	12.494751	3.213615	2.412797
1987	2043.21	1373.59	151.512815	40.229015	26.611119	6.431615	4.452637
1988	5139.67	3454.32	383.670077	100.156156	63.371789	14.764816	9.646219
1989	12402.92	8348.22	967.313074	252.407259	157.962625	36.343892	23.136581
1990	28289.78	19096.04	2363.10	622.591461	393.210597	90.729807	57.582981
1991	60523.41	41021.40	5507.68	1476.14	953.361883	222.737533	142.921187
1992	120033.37	81805.61	12100.51	3315.31	2207.81	525.260243	343.606258
1993	218933.73	150277.73	24801.57	6981.03	4826.76	1173.97	787.037255
1994	364998.30	252792.74	47041.68	13667.69	9872.49	2462.79	1699.27
1995	555530.55	388904.31	82119.12	24740.30	18776.13	4817.39	3434.18
1996	774022.80	548642.41	131600.17	41241.54	33013.88	8725.98	6444.71
1997	996315.69	716109.70	194370.54	63499.24	53761.39	14652.17	11234.75
1998	1199659.28	875228.51	266347.00	90723.15	81294.42	22842.55	18198.32
1999	1369795.99	1014872.41	341958.83	121202.19	114756.71	33199.10	27459.82
2000	1501854.40	1129989.16	415682.12	152758.55	152282.77	45254.36	38772.22
2001	1597938.24	1220421.63	483421.30	183386.72	191578.01	58318.58	51587.15
2002	1662178.56	1287518.67	541955.13	211236.41	230018.63	71513.96	65062.78
2003	1695683.68	1328919.82	585481.21	233041.47	262595.11	83082.78	77260.35
2004	1717679.30	1361149.46	622749.76	252520.48	287638.66	91204.64	83752.08
2005	1727514.22	1381194.32	649650.45	267263.24	302745.50	95166.89	84162.38
2006	1732284.49	1394500.85	668690.64	278122.58	305029.77	93681.81	77213.74
2007	1735356.57	1403840.56	681771.37	285834.03	300103.41	89140.39	67107.45
2008	1740017.72	1412032.82	690803.42	291248.67	312290.97	93464.93	70777.43
2009	1747415.50	1420413.07	697143.34	295000.62	329673.39	101767.16	81444.99
2010	1753808.90	1427023.92	668732.10	279164.47	326943.11	100284.05	74531.83
2011	1749683.91	1425776.12	587632.38	231356.15	249882.83	66943.41	31709.87
2012	1728830.97	1413087.07	458667.36	154517.53	121869.00	22970.44	6941.91
2013	1676602.21	1378885.50	339271.14	89604.04	48503.35	9880.80	3215.35
2014	1322438.85	1015621.87	315986.85	80635.72	33856.80	6716.95	2552.70
2015	1214678.89	949326.29	372841.84	123504.95	85570.80	20280.84	8670.73
2016	1077473.31	850156.66	372940.59	134260.52	106117.25	26009.87	11131.64
2017	895003.52	703042.04	316588.25	112685.93	79891.29	17996.71	6613.66
2018	749141.83	585761.64	265426.45	94685.90	65939.87	14977.29	5516.99
2019	639383.02	497987.17	225496.21	81215.55	57765.42	13363.26	5064.40
2020	567414.53	442522.94	201556.72	74733.66	57860.69	13818.49	5625.72
2021	514247.38	401411.06	183077.02	69174.22	56690.27	13557.71	5767.23
2022	476632.31	371438.07	169151.81	64833.54	55616.37	13146.64	5850.22
2023	449893.46	349971.83	158866.36	61588.38	54965.65	13040.11	6004.95
2024	429029.41	334095.23	150775.26	58871.60	54148.60	13088.51	6117.52
2025	413185.15	322147.03	144551.58	56726.24	53383.05	13191.48	6279.36
2026	401210.35	313019.78	139560.10	54916.78	52536.88	13304.32	6394.27
2027	392114.81	305921.46	135531.29	53349.76	51495.61	13346.07	6423.70
2028	384635.90	300010.24	132232.17	51988.53	50310.35	13235.58	6348.76
2029	378823.63	295544.37	130035.34	51147.99	49744.63	13285.96	6408.01
2030	372943.25	290734.66	127735.24	50208.29	48945.21	13205.80	6379.37
2031	366701.14	285352.30	125174.07	49111.41	47832.69	12978.36	6268.02
2032	362157.03	281099.36	122914.52	48186.38	46972.48	12732.67	6187.43
2033	356460.70	276378.43	120779.78	47271.46	46026.37	12412.80	6044.79
2034	350088.54	271388.83	118738.70	46445.63	45189.55	12132.91	5936.08
2035	347138.50	269329.31	117821.33	46301.73	45696.08	12390.18	6298.35
2036	344996.0562	267715.6392	116836.4385	45978.15605	45608.11834	12318.50192	6294.846987
2037	343939.0725	266639.5962	115997.3424	45649.12903	45302.79502	12135.05667	6203.602586
2038	343234.6676	265857.8286	115241.4764	45311.20984	44869.37033	11917.45532	6070.431867
2039	342434.8382	265044.6591	114466.4055	44927.75121	44289.26454	11664.21042	5907.387219
2040	341525.8382	264402.3976	113830.1298	44614.02426	43796.11841	11463.08914	5772.969487
2041	340452.8244	263650.5667	113111.0477	44255.36807	43224.50163	11280.0632	5613.726816
2042	339303.5301	262733.9123	112231.9577	43796.93856	42481.42417	11059.24795	5424.342699
2043	338322.3862	261806.8213	111313.7375	43313.28712	41699.49808	10824.07186	5234.239973
2044	337472.9877	260828.7257	110335.1249	42800.32392	40899.21011	10587.04248	5050.261657
2045	336398.4897	259503.467	109113.8347	42158.26025	39905.08261	10289.14999	4836.841134
2046	335352.3662	258064.5488	107818.8437	41480.91287	38867.33144	9959.140717	4617.995297
2047	334252.7694	256652.1886	106565.8291	40831.74608	37896.07295	9634.383442	4417.265799
2048	332986.9077	255167.4803	105289.6038	40176.82853	36930.64586	9311.100511	4223.861164
2049	331577.6606	253629.4804	103995.1351	39516.87845	35961.34637	8983.239279	4031.900151
2050	330012.4799	252043.9742	102673.1468	38843.21298	34972.59799	8645.081041	3835.789934


