South_Africa	Total	Male	Female
1970			
 0-4	2348.748356	1176.532446	1172.215911
 5-9	1347.410884	681.227170	666.183714
 10-14 	873.698852	440.685094	433.013758
 15-19 	1981.832335	1001.629375	980.202960
 20-24 	2026.347667	1022.051789	1004.295877
 25-29 	1780.147232	889.250670	890.896562
 30-34 	1508.879908	750.780702	758.099206
 35-39 	1303.077473	659.914527	643.162946
 40-44 	1096.602740	564.403441	532.199299
 45-49 	910.231679	453.231881	456.999798
 50-54 	778.314247	378.603508	399.710738
 55-59 	611.107013	291.632577	319.474436
 60-64 	479.561922	215.528028	264.033894
 65-69 	327.371819	139.083611	188.288208
 70-74 	219.917599	87.803967	132.113632
 75-79 	132.339812	48.691891	83.647921
 80+ 	99.733638	32.313814	67.419824
Total	17825.323175	8833.364491	8991.958684
1971			
 0-4	94538.571616	51858.079911	42680.491705
 5-9	7765.694080	4582.928333	3182.765748
 10-14 	5365.549487	3295.937692	2069.611795
 15-19 	7626.641113	4221.184401	3405.456712
 20-24 	9308.064649	5108.864093	4199.200556
 25-29 	9482.509441	4988.752921	4493.756520
 30-34 	9596.318324	5088.356899	4507.961425
 35-39 	10458.580851	5807.958980	4650.621871
 40-44 	11859.726055	7088.142240	4771.583815
 45-49 	13311.143390	7942.320276	5368.823114
 50-54 	16230.892337	9665.498809	6565.393528
 55-59 	17976.856476	10345.128002	7631.728474
 60-64 	20325.353574	11448.097063	8877.256510
 65-69 	20367.901761	10907.028358	9460.873404
 70-74 	18733.077460	9379.675961	9353.401500
 75-79 	15754.884008	7119.391384	8635.492624
 80+ 	19910.633508	7244.110500	12666.523007
Total	308612.398129	166091.455823	142520.942306
1972			
 0-4	94758.088771	52173.245092	42584.843679
 5-9	7774.249447	4601.929453	3172.319993
 10-14 	5349.351781	3301.508723	2047.843058
 15-19 	7663.282188	4266.332686	3396.949502
 20-24 	9449.896699	5225.819950	4224.076748
 25-29 	9493.097673	5042.641768	4450.455905
 30-34 	9659.435024	5158.907522	4500.527502
 35-39 	10468.635808	5822.615523	4646.020285
 40-44 	11951.394833	7148.417913	4802.976920
 45-49 	13431.626774	8076.844165	5354.782608
 50-54 	16217.944827	9686.472961	6531.471866
 55-59 	18194.055528	10495.296431	7698.759098
 60-64 	20368.961067	11552.784915	8816.176152
 65-69 	20702.874225	11091.602636	9611.271589
 70-74 	18631.412282	9304.103465	9327.308817
 75-79 	15666.533807	7056.291192	8610.242615
 80+ 	19912.866104	7216.673031	12696.193073
Total	309693.706837	167221.487426	142472.219411
1973			
 0-4	95007.548785	52491.646457	42515.902328
 5-9	7788.060560	4624.404852	3163.655708
 10-14 	5335.541398	3310.099268	2025.442130
 15-19 	7683.304289	4304.736233	3378.568056
 20-24 	9593.358927	5344.928760	4248.430167
 25-29 	9529.325287	5111.521544	4417.803743
 30-34 	9722.089962	5235.453528	4486.636434
 35-39 	10492.475616	5851.353460	4641.122156
 40-44 	12037.520631	7202.729000	4834.791631
 45-49 	13580.982676	8225.649786	5355.332890
 50-54 	16223.606504	9733.188780	6490.417725
 55-59 	18402.190917	10636.789816	7765.401101
 60-64 	20442.601309	11675.458585	8767.142724
 65-69 	21035.451539	11290.893643	9744.557897
 70-74 	18631.999391	9286.052165	9345.947226
 75-79 	15577.663606	6993.591546	8584.072060
 80+ 	19931.806780	7191.726565	12740.080216
Total	311015.528179	168510.223989	142505.304190
1974			
 0-4	95227.644159	52806.895527	42420.748632
 5-9	7780.172845	4631.108254	3149.064591
 10-14 	5330.246371	3323.994195	2006.252176
 15-19 	7690.834228	4337.977082	3352.857146
 20-24 	9723.984291	5457.871557	4266.112734
 25-29 	9601.268465	5198.500817	4402.767648
 30-34 	9774.408011	5310.531778	4463.876232
 35-39 	10535.185250	5896.428531	4638.756720
 40-44 	12116.469143	7251.807792	4864.661351
 45-49 	13746.391270	8375.592539	5370.798731
 50-54 	16269.202700	9817.030647	6452.172053
 55-59 	18578.396832	10758.697194	7819.699639
 60-64 	20573.987204	11824.816218	8749.170985
 65-69 	21330.581969	11486.288464	9844.293505
 70-74 	18746.126741	9330.204983	9415.921758
 75-79 	15493.614414	6932.437306	8561.177108
 80+ 	19963.470918	7168.103837	12795.367081
Total	312481.984810	169908.286722	142573.698088
1975			
 0-4	94715.554258	52555.455875	42160.098382
 5-9	7762.759792	4644.083228	3118.676563
 10-14 	5332.242827	3342.536209	1989.706618
 15-19 	7676.464916	4361.207146	3315.257770
 20-24 	9823.348660	5554.418959	4268.929701
 25-29 	9692.259255	5294.715732	4397.543522
 30-34 	9800.874538	5373.687733	4427.186805
 35-39 	10583.425988	5950.264841	4633.161147
 40-44 	12172.602608	7286.910809	4885.691799
 45-49 	13907.680375	8511.646276	5396.034098
 50-54 	16347.990905	9932.688325	6415.302580
 55-59 	18703.654636	10852.822480	7850.832156
 60-64 	20758.383657	11994.984647	8763.399010
 65-69 	21564.474128	11665.414109	9899.060019
 70-74 	18961.831535	9429.556752	9532.274783
 75-79 	15414.335500	6873.519020	8540.816481
 80+ 	20005.852701	7145.276991	12860.575710
Total	313223.736278	170769.189134	142454.547144
1976			
 0-4	93928.922591	52335.500405	41593.422186
 5-9	7712.991746	4636.835108	3076.156638
 10-14 	5326.311012	3353.995268	1972.315745
 15-19 	7628.385816	4366.996638	3261.389178
 20-24 	9860.711838	5615.138488	4245.573350
 25-29 	9783.208397	5387.367311	4395.841087
 30-34 	9764.572543	5400.594441	4363.978102
 35-39 	10612.495816	5996.684763	4615.811053
 40-44 	12172.882315	7287.838996	4885.043320
 45-49 	14022.188531	8599.152553	5423.035978
 50-54 	16458.560380	10077.581992	6380.978388
 55-59 	18720.425085	10888.314861	7832.110225
 60-64 	21006.396957	12180.887236	8825.509721
 65-69 	21669.605074	11793.547349	9876.057725
 70-74 	19284.211827	9583.190788	9701.021039
 75-79 	15325.002887	6807.132460	8517.870427
 80+ 	20043.282412	7115.470739	12927.811673
Total	313320.155231	171426.229395	141893.925835
1977			
 0-4	92934.011360	51924.281694	41009.729667
 5-9	7621.411232	4608.147570	3013.263662
 10-14 	5310.815756	3359.116910	1951.698845
 15-19 	7547.071554	4355.594368	3191.477185
 20-24 	9831.848456	5640.514493	4191.333963
 25-29 	9851.500361	5466.899831	4384.600530
 30-34 	9694.087827	5407.513841	4286.573986
 35-39 	10613.310869	6031.609788	4581.701082
 40-44 	12132.726433	7267.229489	4865.496945
 45-49 	14088.373972	8644.625977	5443.747995
 50-54 	16576.147140	10226.372097	6349.775043
 55-59 	18682.578116	10903.164478	7779.413638
 60-64 	21249.532288	12353.195041	8896.337247
 65-69 	21722.359433	11901.845553	9820.513881
 70-74 	19625.591825	9754.259894	9871.331931
 75-79 	15279.807623	6764.318889	8515.488734
 80+ 	20075.341053	7080.047377	12995.293676
Total	312836.515299	171688.737290	141147.778009
1978			
 0-4	91548.948378	51270.289317	40278.659061
 5-9	7469.676625	4543.430076	2926.246548
 10-14 	5261.644424	3341.575496	1920.068928
 15-19 	7421.529972	4318.927459	3102.602513
 20-24 	9718.527966	5620.924439	4097.603527
 25-29 	9855.384201	5511.256766	4344.127436
 30-34 	9587.593272	5392.091892	4195.501380
 35-39 	10549.710710	6033.272324	4516.438386
 40-44 	12040.042508	7217.479084	4822.563423
 45-49 	14079.494639	8635.146393	5444.348246
 50-54 	16661.077148	10347.339047	6313.738101
 55-59 	18603.047286	10907.705894	7695.341391
 60-64 	21421.584064	12477.867390	8943.716674
 65-69 	21753.386360	12000.392517	9752.993843
 70-74 	19918.194304	9914.276245	10003.918059
 75-79 	15294.648022	6753.006491	8541.641532
 80+ 	20094.524682	7037.032802	13057.491880
Total	311279.014560	171322.013632	139957.000928
1979			
 0-4	89769.216927	50367.887273	39401.329654
 5-9	7270.805022	4452.004975	2818.800047
 10-14 	5163.437964	3289.447293	1873.990670
 15-19 	7260.057489	4260.535540	2999.521949
 20-24 	9526.710248	5558.257408	3968.452840
 25-29 	9785.438632	5514.685871	4270.752761
 30-34 	9460.816089	5362.778385	4098.037705
 35-39 	10419.762738	5999.259859	4420.502878
 40-44 	11907.722778	7147.680992	4760.041786
 45-49 	13999.268794	8577.587907	5421.680887
 50-54 	16702.264258	10428.170956	6274.093303
 55-59 	18510.246195	10919.022760	7591.223435
 60-64 	21500.764174	12547.209970	8953.554204
 65-69 	21795.553172	12101.302688	9694.250484
 70-74 	20132.923490	10051.440250	10081.483241
 75-79 	15381.659217	6779.676470	8601.982747
 80+ 	20109.381903	6991.531649	13117.850253
Total	308696.029091	170348.480245	138347.548845
1980			
 0-4	87765.498181	49323.125215	38442.372966
 5-9	7022.312091	4319.277463	2703.034628
 10-14 	5054.331869	3237.905051	1816.426818
 15-19 	7092.879851	4196.149686	2896.730165
 20-24 	9290.119816	5470.137119	3819.982697
 25-29 	9666.146616	5489.511302	4176.635314
 30-34 	9338.245686	5332.223149	4006.022537
 35-39 	10248.230352	5941.758600	4306.471752
 40-44 	11763.850168	7075.040445	4688.809723
 45-49 	13873.446324	8490.060593	5383.385730
 50-54 	16714.988163	10476.193988	6238.794175
 55-59 	18436.093721	10953.237869	7482.855852
 60-64 	21503.930593	12573.641251	8930.289342
 65-69 	21879.519294	12215.761272	9663.758022
 70-74 	20278.881399	10169.902537	10108.978862
 75-79 	15547.697972	6845.512009	8702.185964
 80+ 	20135.599988	6949.458038	13186.141950
Total	305611.772085	169058.895587	136552.876498
1981			
 0-4	85717.473283	48248.413516	37469.059767
 5-9	6775.385633	4193.534730	2581.850903
 10-14 	4934.649461	3174.860624	1759.788837
 15-19 	6938.205468	4135.176595	2803.028873
 20-24 	9051.064738	5380.826833	3670.237906
 25-29 	9533.429423	5458.058105	4075.371318
 30-34 	9270.865740	5333.669913	3937.195827
 35-39 	10075.453666	5886.206057	4189.247609
 40-44 	11663.720036	7038.559394	4625.160642
 45-49 	13746.638363	8408.097719	5338.540644
 50-54 	16729.421004	10507.213131	6222.207873
 55-59 	18452.522386	11057.693708	7394.828678
 60-64 	21439.077384	12571.405330	8867.672054
 65-69 	22081.514264	12379.616884	9701.897379
 70-74 	20348.059606	10274.265646	10073.793960
 75-79 	15832.351365	6971.333098	8861.018266
 80+ 	20194.984560	6923.712797	13271.271763
Total	302784.816380	167942.644081	134842.172299
1982			
 0-4	83744.455212	47220.403846	36524.051366
 5-9	6547.329355	4074.530635	2472.798720
 10-14 	4818.851614	3116.070246	1702.781367
 15-19 	6813.190248	4089.011834	2724.178414
 20-24 	8834.365771	5301.732696	3532.633075
 25-29 	9401.464003	5426.299100	3975.164903
 30-34 	9243.611872	5356.367002	3887.244870
 35-39 	9934.085342	5848.176544	4085.908798
 40-44 	11603.181918	7032.617530	4570.564388
 45-49 	13646.004384	8347.783490	5298.220894
 50-54 	16755.130225	10532.217506	6222.912719
 55-59 	18543.951336	11207.329170	7336.622165
 60-64 	21381.261640	12587.040348	8794.221292
 65-69 	22342.456003	12563.960089	9778.495914
 70-74 	20424.415593	10391.271710	10033.143883
 75-79 	16167.091243	7126.887561	9040.203682
 80+ 	20335.393784	6929.646315	13405.747470
Total	300536.239542	167151.345622	133384.893920
1983			
 0-4	81762.126875	46194.982530	35567.144346
 5-9	6334.424680	3965.060536	2369.364144
 10-14 	4704.082880	3060.236111	1643.846769
 15-19 	6704.581986	4049.595775	2654.986211
 20-24 	8636.936538	5231.830560	3405.105978
 25-29 	9263.083175	5391.832852	3871.250323
 30-34 	9227.683184	5386.023656	3841.659528
 35-39 	9831.477325	5832.061580	3999.415745
 40-44 	11557.518095	7042.913109	4514.604986
 45-49 	13574.692857	8313.246096	5261.446761
 50-54 	16780.008890	10549.856185	6230.152705
 55-59 	18684.762115	11381.268708	7303.493407
 60-64 	21359.962382	12643.005379	8716.957003
 65-69 	22607.035688	12742.482896	9864.552791
 70-74 	20548.896960	10535.115121	10013.781839
 75-79 	16501.007251	7293.828132	9207.179119
 80+ 	20566.627524	6971.115515	13595.512009
Total	298644.908405	166584.454742	132060.453662
1984			
 0-4	79630.767252	45086.239265	34544.527987
 5-9	6122.378426	3854.996368	2267.382058
 10-14 	4590.040963	3007.044454	1582.996509
 15-19 	6579.496369	3996.506275	2582.990094
 20-24 	8446.796715	5162.983275	3283.813440
 25-29 	9097.868483	5341.748839	3756.119644
 30-34 	9187.536732	5400.684610	3786.852122
 35-39 	9753.572675	5827.106227	3926.466447
 40-44 	11492.742921	7045.092553	4447.650368
 45-49 	13514.212957	8291.572517	5222.640440
 50-54 	16776.368016	10545.345375	6231.022642
 55-59 	18833.269845	11547.162132	7286.107713
 60-64 	21378.675592	12739.777818	8638.897773
 65-69 	22827.045547	12893.148908	9933.896639
 70-74 	20733.495413	10705.233079	10028.262334
 75-79 	16797.266772	7457.009208	9340.257564
 80+ 	20889.820170	7047.551837	13842.268333
Total	296651.354846	165949.202739	130702.152108
1985			
 0-4	77432.013362	43934.635270	33497.378092
 5-9	5922.804489	3751.090356	2171.714133
 10-14 	4467.975173	2943.269393	1524.705780
 15-19 	6454.807110	3947.343715	2507.463395
 20-24 	8279.105563	5102.423782	3176.681781
 25-29 	8913.740559	5276.258429	3637.482130
 30-34 	9124.065496	5396.896286	3727.169210
 35-39 	9702.990194	5831.910065	3871.080128
 40-44 	11411.155357	7035.028379	4376.126979
 45-49 	13468.451809	8281.584391	5186.867418
 50-54 	16748.294219	10520.894930	6227.399289
 55-59 	18983.469210	11695.161069	7288.308141
 60-64 	21451.047125	12879.280817	8571.766308
 65-69 	23005.167202	13019.388049	9985.779153
 70-74 	20994.463081	10904.761323	10089.701758
 75-79 	17060.180071	7616.856769	9443.323301
 80+ 	21312.564493	7158.857790	14153.706703
Total	294732.294512	165295.640813	129436.653699
1986			
 0-4	75202.710813	42744.947672	32457.763141
 5-9	5735.129786	3651.529310	2083.600475
 10-14 	4353.809583	2885.457036	1468.352548
 15-19 	6325.603634	3892.951234	2432.652400
 20-24 	8131.728519	5042.870883	3088.857636
 25-29 	8722.473151	5201.464538	3521.008613
 30-34 	9034.563152	5372.580781	3661.982372
 35-39 	9692.066957	5854.005350	3838.061608
 40-44 	11305.218661	7003.873882	4301.344779
 45-49 	13444.298393	8283.531489	5160.766905
 50-54 	16682.434933	10466.107294	6216.327639
 55-59 	19108.773853	11794.424841	7314.349013
 60-64 	21611.429713	13079.703442	8531.726271
 65-69 	23096.848998	13098.416619	9998.432378
 70-74 	21358.515399	11132.021174	10226.494225
 75-79 	17243.886400	7753.225855	9490.660545
 80+ 	21844.520712	7303.653571	14540.867141
Total	292894.012658	164560.764972	128333.247686
1987			
 0-4	73076.057638	41594.053356	31482.004282
 5-9	5566.095903	3560.029494	2006.066409
 10-14 	4250.131189	2831.004172	1419.127017
 15-19 	6205.758377	3843.361146	2362.397231
 20-24 	8020.395946	4998.234869	3022.161078
 25-29 	8547.875735	5125.666501	3422.209234
 30-34 	8938.406909	5333.819315	3604.587595
 35-39 	9712.326951	5883.297979	3829.028973
 40-44 	11213.222715	6970.367694	4242.855020
 45-49 	13436.664717	8291.693576	5144.971142
 50-54 	16614.477202	10405.135968	6209.341233
 55-59 	19217.344526	11856.492127	7360.852399
 60-64 	21835.305272	13306.507230	8528.798042
 65-69 	23190.018268	13187.184173	10002.834094
 70-74 	21780.891086	11374.602102	10406.288984
 75-79 	17437.565103	7898.706156	9538.858947
 80+ 	22441.083753	7474.025602	14967.058152
Total	291483.621292	163934.181461	127549.439831
1988			
 0-4	70972.976820	40439.416091	30533.560730
 5-9	5412.934426	3476.178282	1936.756144
 10-14 	4158.220337	2781.151376	1377.068962
 15-19 	6098.408485	3798.481323	2299.927163
 20-24 	7944.776103	4967.054652	2977.721451
 25-29 	8407.171922	5062.288963	3344.882960
 30-34 	8846.997018	5290.728275	3556.268742
 35-39 	9754.961737	5918.153625	3836.808112
 40-44 	11161.450092	6953.167744	4208.282348
 45-49 	13434.826920	8300.794203	5134.032718
 50-54 	16560.408088	10349.628668	6210.779420
 55-59 	19299.350640	11880.037306	7419.313334
 60-64 	22094.420144	13533.534857	8560.885288
 65-69 	23316.260244	13307.011654	10009.248590
 70-74 	22208.885857	11607.964645	10600.921212
 75-79 	17683.834844	8066.872037	9616.962806
 80+ 	23071.547403	7659.608418	15411.938985
Total	290427.431081	163392.072117	127035.358964
1989			
 0-4	68865.118389	39269.162703	29595.955686
 5-9	5265.869774	3394.165429	1871.704344
 10-14 	4074.902058	2736.701304	1338.200753
 15-19 	6019.480975	3771.805966	2247.675009
 20-24 	7890.322143	4939.364428	2950.957715
 25-29 	8331.213563	5033.796974	3297.416589
 30-34 	8782.383111	5264.078441	3518.304671
 35-39 	9828.419181	5971.360518	3857.058663
 40-44 	11189.766963	6981.287036	4208.479927
 45-49 	13476.445915	8339.377105	5137.068810
 50-54 	16603.441861	10364.785405	6238.656457
 55-59 	19440.979788	11943.075005	7497.904783
 60-64 	22430.879260	13801.536602	8629.342658
 65-69 	23515.899433	13489.438486	10026.460947
 70-74 	22612.594631	11824.017159	10788.577471
 75-79 	18003.111480	8263.838175	9739.273305
 80+ 	23724.448688	7862.541595	15861.907093
Total	290055.277213	163250.332332	126804.944881
1990			
 0-4	66994.020056	38211.767281	28782.252775
 5-9	5124.203344	3313.909223	1810.294121
 10-14 	4002.760145	2697.505654	1305.254492
 15-19 	5957.600528	3743.284746	2214.315781
 20-24 	7907.366053	4957.108909	2950.257144
 25-29 	8360.408124	5060.648898	3299.759226
 30-34 	8777.429286	5270.773418	3506.655868
 35-39 	9956.111170	6056.390958	3899.720212
 40-44 	11316.776414	7072.774420	4244.001994
 45-49 	13563.958308	8413.758272	5150.200036
 50-54 	16713.831574	10431.187076	6282.644497
 55-59 	19563.424976	11989.150027	7574.274949
 60-64 	22745.088050	14028.509611	8716.578439
 65-69 	23734.197207	13686.203915	10047.993293
 70-74 	22946.209445	11991.584221	10954.625224
 75-79 	18380.836415	8472.593521	9908.242894
 80+ 	24374.351275	8066.968281	16307.382994
Total	290418.572373	163464.118432	126954.453941
1991			
 0-4	65770.491533	37488.405624	28282.085910
 5-9	4993.534895	3238.179545	1755.355350
 10-14 	3942.136439	2664.651663	1277.484776
 15-19 	5935.161933	3730.587202	2204.574730
 20-24 	8031.178651	5015.329947	3015.848704
 25-29 	8568.112727	5166.750570	3401.362156
 30-34 	8923.652072	5350.038005	3573.614067
 35-39 	10231.313968	6209.339252	4021.974716
 40-44 	11639.296996	7267.556555	4371.740441
 45-49 	13784.412927	8565.213857	5219.199070
 50-54 	17073.900583	10670.648351	6403.252232
 55-59 	19908.612110	12194.159151	7714.452959
 60-64 	23315.582170	14411.471766	8904.110404
 65-69 	24305.607702	14141.465128	10164.142574
 70-74 	23382.040069	12261.017726	11121.022343
 75-79 	18945.421015	8778.318093	10167.102922
 80+ 	25056.295518	8320.187134	16736.108384
Total	293806.751307	165473.319568	128333.431738
1992			
 0-4	65521.455819	37270.706600	28250.749219
 5-9	4869.450469	3163.617726	1705.832743
 10-14 	3887.558826	2634.832635	1252.726190
 15-19 	5962.023449	3732.116632	2229.906816
 20-24 	8315.527363	5137.047837	3178.479525
 25-29 	9037.317048	5392.548227	3644.768821
 30-34 	9294.833298	5539.058553	3755.774746
 35-39 	10729.376412	6472.323539	4257.052873
 40-44 	12185.310126	7578.093321	4607.216805
 45-49 	14193.883888	8815.463513	5378.420375
 50-54 	17641.216782	11036.947234	6604.269549
 55-59 	20435.312880	12515.955933	7919.356946
 60-64 	24041.652750	14877.488601	9164.164148
 65-69 	25084.202121	14729.810338	10354.391783
 70-74 	23904.772826	12606.596891	11298.175935
 75-79 	19597.880637	9128.193681	10469.686955
 80+ 	25798.699553	8611.652956	17187.046597
Total	300500.474245	169242.454218	131258.020027
1993			
 0-4	66508.005817	37677.147363	28830.858454
 5-9	4763.583446	3095.640316	1667.943129
 10-14 	3843.440524	2608.961496	1234.479027
 15-19 	6105.571555	3759.559944	2346.011612
 20-24 	8847.001394	5350.905153	3496.096241
 25-29 	9910.301251	5788.158995	4122.142256
 30-34 	10037.438013	5902.273095	4135.164919
 35-39 	11613.146874	6922.056021	4691.090853
 40-44 	13057.077251	8046.663669	5010.413581
 45-49 	14898.095417	9205.137715	5692.957702
 50-54 	18434.082808	11514.580496	6919.502312
 55-59 	21172.486268	12949.187102	8223.299166
 60-64 	24920.670664	15412.742544	9507.928120
 65-69 	26053.926127	15421.167314	10632.758814
 70-74 	24571.195654	13051.702453	11519.493202
 75-79 	20326.469221	9510.311709	10816.157513
 80+ 	26674.712496	8956.568207	17718.144289
Total	311737.204781	175172.763592	136564.441189
1994			
 0-4	68679.421966	38669.177693	30010.244273
 5-9	4685.878409	3039.350081	1646.528328
 10-14 	3806.174463	2585.236479	1220.937984
 15-19 	6399.931888	3817.454337	2582.477550
 20-24 	9726.036510	5700.345038	4025.691471
 25-29 	11337.762149	6404.898591	4932.863558
 30-34 	11328.216472	6519.845784	4808.370688
 35-39 	13087.399794	7651.362243	5436.037551
 40-44 	14404.260922	8732.114406	5672.146516
 45-49 	16051.704641	9788.804396	6262.900245
 50-54 	19529.952008	12106.950461	7423.001547
 55-59 	22171.094649	13489.725121	8681.369528
 60-64 	25941.386282	15988.586500	9952.799782
 65-69 	27144.406824	16148.247164	10996.159660
 70-74 	25336.277561	13562.965685	11773.311875
 75-79 	21043.583662	9880.419255	11163.164407
 80+ 	27579.722878	9314.979571	18264.743308
Total	328253.211077	183400.462806	144852.748271
1995			
 0-4	71932.076548	40212.024268	31720.052280
 5-9	4638.791531	2998.828569	1639.962962
 10-14 	3767.969265	2559.625733	1208.343532
 15-19 	6788.349357	3902.881808	2885.467549
 20-24 	10971.653903	6166.136935	4805.516968
 25-29 	13536.796556	7356.097618	6180.698938
 30-34 	13362.650246	7484.401302	5878.248944
 35-39 	15384.341630	8764.813828	6619.527802
 40-44 	16435.747161	9719.307026	6716.440134
 45-49 	17881.465523	10654.663895	7226.801627
 50-54 	21110.309230	12874.391531	8235.917699
 55-59 	23569.140521	14185.288845	9383.851677
 60-64 	27152.424047	16613.745289	10538.678758
 65-69 	28298.589323	16858.076428	11440.512895
 70-74 	26125.772918	14080.382449	12045.390468
 75-79 	21677.860478	10205.983258	11471.877221
 80+ 	28411.480872	9671.764352	18739.716520
Total	351045.419109	194308.413134	156737.005975
1996			
 0-4	75916.083300	42125.955847	33790.127453
 5-9	4620.293135	2971.203142	1649.089993
 10-14 	3720.876894	2529.601323	1191.275571
 15-19 	7243.385446	4000.061255	3243.324191
 20-24 	12573.003705	6751.829240	5821.174465
 25-29 	16631.897515	8666.904543	7964.992973
 30-34 	16320.919612	8873.055614	7447.863998
 35-39 	18713.615108	10361.956677	8351.658430
 40-44 	19282.371485	11062.241693	8220.129792
 45-49 	20493.924688	11843.973753	8649.950935
 50-54 	23076.323054	13735.735507	9340.587547
 55-59 	25238.771819	14948.560912	10290.210907
 60-64 	28407.511904	17197.997951	11209.513953
 65-69 	29430.617952	17481.126507	11949.491446
 70-74 	26894.701127	14597.230845	12297.470283
 75-79 	22023.664771	10430.024315	11593.640456
 80+ 	28784.919409	9944.520322	18840.399086
Total	379372.880925	207521.979446	171850.901478
1997			
 0-4	80387.797336	44321.465652	36066.331684
 5-9	4643.377727	2966.731411	1676.646317
 10-14 	3664.668767	2493.211931	1171.456836
 15-19 	7727.547687	4095.683053	3631.864634
 20-24 	14450.698597	7418.628391	7032.070205
 25-29 	20695.718780	10379.323846	10316.394933
 30-34 	20360.960318	10768.483776	9592.476541
 35-39 	23239.003360	12515.122295	10723.881065
 40-44 	23128.925321	12832.435163	10296.490158
 45-49 	24104.357518	13437.079112	10667.278406
 50-54 	25692.565786	14822.012116	10870.553670
 55-59 	27343.216677	15861.347787	11481.868890
 60-64 	29862.101657	17840.017285	12022.084372
 65-69 	30572.885663	18049.411962	12523.473701
 70-74 	27625.054314	15078.446501	12546.607813
 75-79 	22192.145822	10594.975509	11597.170313
 80+ 	28788.803756	10141.319008	18647.484748
Total	414479.829086	223615.694801	190864.134285
1998			
 0-4	84759.475591	46563.377281	38196.098310
 5-9	4755.999144	2976.119536	1779.879609
 10-14 	3574.036218	2441.490978	1132.545240
 15-19 	8178.517965	4157.890554	4020.627410
 20-24 	16588.665444	8096.543503	8492.121941
 25-29 	25644.667275	12450.441160	13194.226115
 30-34 	25497.914212	13173.399183	12324.515029
 35-39 	28938.262100	15227.426255	13710.835846
 40-44 	27917.328046	15009.604606	12907.723440
 45-49 	28650.117159	15405.592065	13244.525094
 50-54 	28899.190351	16119.619825	12779.570526
 55-59 	29737.857859	16867.556066	12870.301793
 60-64 	31433.769225	18525.283272	12908.485953
 65-69 	31646.410562	18559.913235	13086.497327
 70-74 	28248.396110	15507.058832	12741.337278
 75-79 	22151.351797	10700.907660	11450.444137
 80+ 	28520.405422	10281.590748	18238.814674
Total	455142.364480	242063.814758	213078.549722
1999			
 0-4	88834.181120	48748.391135	40085.789985
 5-9	4998.877887	3011.100742	1987.777145
 10-14 	3486.974495	2386.495044	1100.479451
 15-19 	8560.541306	4178.000229	4382.541078
 20-24 	18770.492607	8731.978216	10038.514391
 25-29 	31429.421908	14840.865522	16588.556386
 30-34 	31688.359914	16023.234230	15665.125684
 35-39 	35773.811148	18489.574323	17284.236826
 40-44 	33517.243228	17549.984296	15967.258931
 45-49 	33966.770464	17689.640125	16277.130339
 50-54 	32585.418640	17602.229478	14983.189162
 55-59 	32287.415376	17920.920394	14366.494982
 60-64 	33100.386983	19264.456648	13835.930334
 65-69 	32709.590013	19068.446207	13641.143805
 70-74 	28917.988295	15959.119048	12958.869247
 75-79 	22220.526042	10891.850477	11328.675566
 80+ 	28375.549688	10462.693488	17912.856200
Total	501223.549114	262818.979601	238404.569513
2000			
 0-4	92883.439719	50946.619490	41936.820229
 5-9	5348.399336	3100.970589	2247.428747
 10-14 	3539.355682	2351.733333	1187.622349
 15-19 	8873.534596	4174.918011	4698.616585
 20-24 	20874.773703	9308.367029	11566.406674
 25-29 	37815.413867	17338.243735	20477.170132
 30-34 	38999.188262	19354.321181	19644.867081
 35-39 	43696.864785	22273.337800	21423.526985
 40-44 	39753.735238	20391.210225	19362.525014
 45-49 	39849.054725	20212.707947	19636.346778
 50-54 	36641.445537	19238.749832	17402.695705
 55-59 	34932.525650	18997.122770	15935.402880
 60-64 	34925.553108	20081.656932	14843.896176
 65-69 	33920.908968	19645.835872	14275.073095
 70-74 	29904.588208	16539.714925	13364.873283
 75-79 	22749.091410	11255.956734	11493.134676
 80+ 	28809.527241	10807.086901	18002.440340
Total	553517.400036	286018.553308	267498.846728
2001			
 0-4	97141.170846	53242.763610	43898.407236
 5-9	5828.988411	3269.428748	2559.559663
 10-14 	3660.979281	2361.674660	1299.304621
 15-19 	9132.855417	4171.385471	4961.469947
 20-24 	22789.931909	9815.143336	12974.788573
 25-29 	44597.712091	19908.781275	24688.930816
 30-34 	47220.078002	22940.014177	24280.063825
 35-39 	52526.592913	26445.047024	26081.545889
 40-44 	46389.140675	23441.655233	22947.485442
 45-49 	46029.234784	22866.205293	23163.029491
 50-54 	41050.390633	21048.513836	20001.876797
 55-59 	37658.382450	20093.393640	17564.988810
 60-64 	37026.336185	21026.429431	15999.906754
 65-69 	35377.610871	20317.281688	15060.329183
 70-74 	31335.256186	17275.277477	14059.978709
 75-79 	24031.003771	11954.979597	12076.024174
 80+ 	30197.608168	11417.359097	18780.249071
Total	611993.272595	311595.333594	300397.939001
2002			
 0-4	101643.363398	55599.447632	46043.915767
 5-9	6445.320294	3528.716368	2916.603926
 10-14 	3872.045769	2434.850665	1437.195104
 15-19 	9349.889712	4184.460149	5165.429563
 20-24 	24392.152485	10237.075874	14155.076611
 25-29 	51414.079398	22323.840931	29090.238467
 30-34 	55961.376270	26628.493370	29332.882900
 35-39 	61986.837432	30879.445606	31107.391826
 40-44 	53104.969676	26585.851648	26519.118028
 45-49 	52146.320693	25520.945936	26625.374758
 50-54 	45537.662447	22921.881224	22615.781223
 55-59 	40429.713507	21199.886072	19229.827435
 60-64 	39394.010018	22078.467566	17315.542452
 65-69 	37186.269509	21119.420519	16066.848990
 70-74 	33266.440407	18177.191429	15089.248978
 75-79 	25999.001480	12903.936960	13095.064519
 80+ 	32623.925219	12323.472632	20300.452587
Total	674753.377713	338647.384581	336105.993132
2003			
 0-4	105911.337652	57832.234903	48079.102749
 5-9	7192.319585	3890.830889	3301.488695
 10-14 	4191.355932	2590.326372	1601.029560
 15-19 	9556.596311	4247.048204	5309.548107
 20-24 	25603.724712	10596.821673	15006.903039
 25-29 	57611.718936	24429.402464	33182.316472
 30-34 	64616.889935	30160.900455	34455.989480
 35-39 	71469.568635	35259.369805	36210.198830
 40-44 	59511.033246	29656.514133	29854.519113
 45-49 	57834.707663	28040.619635	29794.088028
 50-54 	49896.978151	24791.544689	25105.433461
 55-59 	43241.775499	22342.705224	20899.070276
 60-64 	41980.025224	23225.787917	18754.237307
 65-69 	39363.378592	22072.315281	17291.063311
 70-74 	35586.725101	19202.344458	16384.380642
 75-79 	28394.756141	13986.085622	14408.670519
 80+ 	35953.196645	13469.738775	22483.457870
Total	737916.087960	365794.590500	372121.497460
2004			
 0-4	109200.635347	59622.548502	49578.086845
 5-9	8006.598251	4321.350937	3685.247314
 10-14 	4613.953723	2822.694749	1791.258974
 15-19 	9744.657525	4350.603590	5394.053935
 20-24 	26294.740296	10866.043264	15428.697032
 25-29 	61843.469008	25895.728324	35947.740684
 30-34 	71348.759854	32986.129068	38362.630786
 35-39 	78665.422286	38665.474469	39999.947818
 40-44 	64110.872051	32093.696343	32017.175708
 45-49 	61575.308259	29909.464495	31665.843764
 50-54 	52970.539514	26290.950887	26679.588627
 55-59 	45412.180618	23338.492582	22073.688036
 60-64 	44242.586460	24297.368824	19945.217636
 65-69 	41550.852751	23060.049310	18490.803441
 70-74 	37913.757928	20211.177579	17702.580349
 75-79 	30808.329957	15052.032244	15756.297713
 80+ 	40011.262800	14831.121349	25180.141451
Total	788313.926627	388614.926516	399699.000111
2005			
 0-4	111272.080611	60811.180248	50460.900364
 5-9	8817.110868	4773.418499	4043.692370
 10-14 	5120.419922	3111.327796	2009.092126
 15-19 	9903.473992	4478.109500	5425.364493
 20-24 	26446.728023	11016.617459	15430.110564
 25-29 	64050.537459	26684.088139	37366.449320
 30-34 	75605.730069	34718.586362	40887.143707
 35-39 	83720.050726	41219.169305	42500.881420
 40-44 	67089.334173	33861.050805	33228.283368
 45-49 	63423.881907	31053.532707	32370.349200
 50-54 	54790.794508	27338.898844	27451.895664
 55-59 	46946.377347	24138.903477	22807.473870
 60-64 	46050.166872	25193.452909	20856.713964
 65-69 	43611.946172	24001.216717	19610.729455
 70-74 	40058.516677	21107.486191	18951.030485
 75-79 	33103.800313	16047.334776	17056.465537
 80+ 	44715.211226	16411.851104	28303.360122
Total	824726.160868	405966.224837	418759.936030
2006			
 0-4	112031.897669	61313.928609	50717.969060
 5-9	9554.276375	5195.302383	4358.973991
 10-14 	5682.596220	3427.621431	2254.974789
 15-19 	10024.297192	4604.686252	5419.610940
 20-24 	26134.671697	11029.767724	15104.903974
 25-29 	64035.389181	26744.738864	37290.650317
 30-34 	77073.543094	35430.293874	41643.249220
 35-39 	85659.250773	42280.492668	43378.758105
 40-44 	67882.450816	34611.243356	33271.207460
 45-49 	63074.743367	31289.360031	31785.383336
 50-54 	55084.521126	27763.163097	27321.358029
 55-59 	47719.470908	24673.991488	23045.479419
 60-64 	47134.358962	25769.107051	21365.251911
 65-69 	45389.164550	24827.318368	20561.846182
 70-74 	41872.886851	21836.228810	20036.658041
 75-79 	35313.129692	16992.842938	18320.286753
 80+ 	50275.509620	18315.725674	31959.783946
Total	843942.158093	416105.812619	427836.345474
2007			
 0-4	110084.529573	60379.055554	49705.474019
 5-9	10152.359012	5531.782342	4620.576671
 10-14 	6266.498460	3739.707121	2526.791338
 15-19 	10095.322892	4699.660358	5395.662533
 20-24 	25424.735363	10870.044511	14554.690852
 25-29 	62327.470629	26227.396317	36100.074312
 30-34 	76377.880861	35204.917920	41172.962940
 35-39 	85289.858165	42318.294111	42971.564053
 40-44 	67220.340328	34659.658369	32560.681959
 45-49 	61248.138127	30851.958263	30396.179864
 50-54 	54245.989436	27657.886980	26588.102456
 55-59 	47843.106729	24927.177351	22915.929377
 60-64 	47589.259178	26040.803665	21548.455513
 65-69 	46730.856474	25453.386876	21277.469598
 70-74 	43195.079175	22333.368314	20861.710861
 75-79 	37159.755737	17778.579031	19381.176706
 80+ 	56056.270427	20309.030209	35747.240218
Total	847307.450565	418982.707294	428324.743271
2008			
 0-4	108674.558905	59607.127942	49067.430963
 5-9	10564.815026	5740.291442	4824.523584
 10-14 	6831.452174	4016.822158	2814.630016
 15-19 	10133.994406	4747.633663	5386.360743
 20-24 	24591.705141	10569.688723	14022.016418
 25-29 	62010.604690	25998.893302	36011.711388
 30-34 	78367.169375	35730.843509	42636.325866
 35-39 	88889.003539	43684.044704	45204.958835
 40-44 	69753.967138	35806.316956	33947.650182
 45-49 	62306.964744	31358.978364	30947.986381
 50-54 	55397.172953	28077.633667	27319.539286
 55-59 	49152.986223	25448.164780	23704.821443
 60-64 	48488.921585	26336.629585	22152.292000
 65-69 	48110.950756	26010.776591	22100.174166
 70-74 	44358.661229	22732.284735	21626.376494
 75-79 	38796.505628	18452.787486	20343.718141
 80+ 	61721.433772	22263.620742	39457.813030
Total	868150.867285	426582.538349	441568.328936
2009			
 0-4	101022.467385	55563.287159	45459.180226
 5-9	10802.274751	5831.777552	4970.497199
 10-14 	7366.868324	4261.577385	3105.290939
 15-19 	10193.440146	4781.513003	5411.927142
 20-24 	23790.469331	10201.881614	13588.587717
 25-29 	62581.304190	25959.796980	36621.507211
 30-34 	82220.869507	36827.347184	45393.522324
 35-39 	94769.125630	45881.781982	48887.343648
 40-44 	73755.850689	37416.067395	36339.783294
 45-49 	64971.318878	32465.696791	32505.622087
 50-54 	57534.319021	28783.265548	28751.053474
 55-59 	51017.496729	26084.824049	24932.672680
 60-64 	49590.325807	26642.738072	22947.587736
 65-69 	49391.356890	26473.725651	22917.631240
 70-74 	45387.277955	23059.546467	22327.731488
 75-79 	40113.077263	18958.616622	21154.460640
 80+ 	66597.918087	23902.889628	42695.028459
Total	891105.760583	433096.333080	458009.427503
2010			
 0-4	91242.725955	50385.202382	40857.523573
 5-9	10649.446601	5710.742913	4938.703688
 10-14 	7847.302154	4472.955895	3374.346259
 15-19 	10263.027727	4815.995309	5447.032418
 20-24 	22677.035639	9726.496636	12950.539004
 25-29 	59832.830011	24954.309214	34878.520797
 30-34 	80771.852624	36196.410693	44575.441931
 35-39 	93533.199342	45334.409639	48198.789703
 40-44 	72573.309377	37144.310766	35428.998611
 45-49 	62975.711994	31902.676310	31073.035684
 50-54 	55962.790569	28239.791970	27722.998599
 55-59 	50580.626109	25976.078689	24604.547420
 60-64 	49378.015389	26556.795086	22821.220303
 65-69 	49714.523640	26597.812513	23116.711128
 70-74 	45945.525639	23229.215051	22716.310588
 75-79 	40834.467166	19194.949122	21639.518044
 80+ 	70472.144525	25127.065767	45345.078759
Total	875254.534460	425565.217953	449689.316507
2011			
 0-4	76912.932446	42877.726101	34035.206345
 5-9	10150.668726	5414.855917	4735.812810
 10-14 	8280.403124	4663.361191	3617.041933
 15-19 	10276.679312	4843.829382	5432.849931
 20-24 	20981.353311	9121.606680	11859.746631
 25-29 	50046.745680	21889.635022	28157.110657
 30-34 	66412.152331	31212.854491	35199.297840
 35-39 	75291.685870	38481.866948	36809.818921
 40-44 	58277.370820	31518.207674	26759.163146
 45-49 	50280.556665	27161.539560	23119.017105
 50-54 	46375.789374	24844.641488	21531.147887
 55-59 	45138.379606	24212.818495	20925.561112
 60-64 	46444.169916	25682.932361	20761.237555
 65-69 	48227.372554	26098.472650	22128.899904
 70-74 	45422.578343	22990.277315	22432.301028
 75-79 	40116.153977	18798.131227	21318.022750
 80+ 	70699.060013	25003.339897	45695.720116
Total	769334.052069	384816.096399	384517.955670
2012			
 0-4	62739.062090	35483.166579	27255.895511
 5-9	9413.801058	5011.767800	4402.033259
 10-14 	8611.425638	4811.972049	3799.453589
 15-19 	10239.219846	4874.306025	5364.913820
 20-24 	18824.007604	8431.984524	10392.023079
 25-29 	39003.105384	18194.913792	20808.191592
 30-34 	50041.749464	24991.572669	25050.176795
 35-39 	54223.074910	29745.357802	24477.717108
 40-44 	42625.988320	24649.378768	17976.609552
 45-49 	38008.208246	21921.026771	16087.181475
 50-54 	38014.408220	21405.431282	16608.976937
 55-59 	40569.011380	22429.346185	18139.665195
 60-64 	44260.170929	24906.884274	19353.286655
 65-69 	47122.702541	25636.607924	21486.094616
 70-74 	45337.028145	22912.435871	22424.592274
 75-79 	39642.363715	18427.583627	21214.780088
 80+ 	70952.561485	24809.177034	46143.384450
Total	659627.888974	338642.912977	320984.975997
2013			
 0-4	56782.989547	32305.749301	24477.240246
 5-9	8700.856653	4632.018014	4068.838640
 10-14 	8765.111779	4876.777513	3888.334265
 15-19 	10153.339379	4897.769369	5255.570010
 20-24 	16785.279939	7774.055023	9011.224916
 25-29 	31607.109403	15531.356326	16075.753076
 30-34 	40798.924797	21183.837756	19615.087040
 35-39 	43772.019198	24944.958943	18827.060255
 40-44 	35752.483165	21284.784433	14467.698732
 45-49 	32943.260670	19605.896666	13337.364005
 50-54 	34519.853897	20017.583450	14502.270446
 55-59 	38797.718571	21770.975511	17026.743060
 60-64 	43845.105362	24851.535887	18993.569475
 65-69 	47019.389366	25605.262782	21414.126584
 70-74 	45995.870774	23172.295170	22823.575604
 75-79 	39691.958090	18258.286697	21433.671393
 80+ 	71400.321502	24650.887612	46749.433890
Total	607331.592090	315364.030452	291967.561638
2014			
 0-4	59142.389947	33336.920685	25805.469261
 5-9	7932.293419	4229.903800	3702.389620
 10-14 	8826.850762	4894.096547	3932.754215
 15-19 	10123.241285	4916.293240	5206.948045
 20-24 	15591.681338	7188.306472	8403.374866
 25-29 	29113.197484	13664.991070	15448.206414
 30-34 	38759.286914	18808.999292	19950.287622
 35-39 	43682.430073	22259.057555	21423.372518
 40-44 	36002.051946	19614.384632	16387.667314
 45-49 	33158.467092	18450.332837	14708.134255
 50-54 	34467.180055	19276.102223	15191.077832
 55-59 	39117.570057	21388.715980	17728.854077
 60-64 	44759.002403	24986.421109	19772.581293
 65-69 	47714.434872	25724.189571	21990.245301
 70-74 	47170.742155	23544.029023	23626.713132
 75-79 	40205.694614	18235.878801	21969.815813
 80+ 	72073.712645	24553.943625	47519.769020
Total	607840.227059	305072.566461	302767.660598
2015			
 0-4	59734.905466	33473.120378	26261.785089
 5-9	7072.646237	3787.539689	3285.106548
 10-14 	8715.208329	4822.571975	3892.636354
 15-19 	10113.282879	4955.749357	5157.533522
 20-24 	14659.088095	6743.559237	7915.528858
 25-29 	27732.002915	12653.737973	15078.264942
 30-34 	37892.824651	17984.647460	19908.177191
 35-39 	44416.529957	22227.095969	22189.433988
 40-44 	36836.210395	19970.950229	16865.260166
 45-49 	33844.764783	18961.187483	14883.577300
 50-54 	34470.820675	19499.086283	14971.734392
 55-59 	39109.570346	21485.287085	17624.283260
 60-64 	45471.390007	25405.251151	20066.138856
 65-69 	48412.246318	26079.840420	22332.405898
 70-74 	48254.664665	24017.802868	24236.861798
 75-79 	40906.922193	18398.351404	22508.570789
 80+ 	72872.986952	24507.535188	48365.451764
Total	610516.064864	304973.314150	305542.750714
2016			
 0-4	60172.484774	33525.093611	26647.391163
 5-9	6127.253069	3271.620279	2855.632789
 10-14 	8462.869702	4667.347188	3795.522514
 15-19 	10020.914997	4924.006045	5096.908952
 20-24 	13615.865719	6253.921391	7361.944328
 25-29 	26112.001982	11805.758521	14306.243461
 30-34 	37138.315456	17445.630963	19692.684492
 35-39 	45398.093513	22480.007106	22918.086407
 40-44 	38097.815681	20518.437823	17579.377858
 45-49 	34548.868079	19402.357888	15146.510191
 50-54 	34547.366993	19726.833695	14820.533298
 55-59 	38996.747849	21521.835779	17474.912070
 60-64 	46119.431460	25743.916144	20375.515315
 65-69 	49303.434009	26529.466595	22773.967414
 70-74 	49203.593987	24423.247162	24780.346824
 75-79 	41897.102603	18708.189173	23188.913430
 80+ 	73777.504376	24482.338648	49295.165728
Total	613539.664246	305430.008010	308109.656236
2017			
 0-4	61829.971801	34200.345217	27629.626585
 5-9	5437.397294	2889.187419	2548.209875
 10-14 	8067.718978	4435.613752	3632.105227
 15-19 	9951.926624	4905.756139	5046.170485
 20-24 	12662.025616	5825.136166	6836.889450
 25-29 	24516.153451	10981.872506	13534.280945
 30-34 	36172.900636	16848.776401	19324.124235
 35-39 	46214.078669	22680.589284	23533.489385
 40-44 	39460.334946	21096.500224	18363.834723
 45-49 	35345.076450	19899.154631	15445.921820
 50-54 	34758.775790	20043.348700	14715.427090
 55-59 	38786.274364	21559.447705	17226.826659
 60-64 	46620.161601	26014.435166	20605.726435
 65-69 	50286.884510	27039.619299	23247.265211
 70-74 	50059.776392	24794.533181	25265.243210
 75-79 	43090.623599	19136.389434	23954.234165
 80+ 	74827.074363	24503.486993	50323.587371
Total	618087.155085	306854.192217	311232.962868
2018			
 0-4	61875.578277	34073.914904	27801.663373
 5-9	4915.994843	2594.379175	2321.615667
 10-14 	7429.794367	4080.001148	3349.793219
 15-19 	9860.758079	4865.735545	4995.022534
 20-24 	11847.006058	5469.465643	6377.540415
 25-29 	22959.290380	10200.405921	12758.884459
 30-34 	34998.054797	16159.657424	18838.397372
 35-39 	46845.644564	22778.952003	24066.692561
 40-44 	40860.297131	21666.307129	19193.990003
 45-49 	36319.495151	20454.780820	15864.714331
 50-54 	35098.039657	20404.789149	14693.250508
 55-59 	38547.536595	21618.417918	16929.118677
 60-64 	46966.107167	26218.693525	20747.413641
 65-69 	51321.059828	27582.006620	23739.053208
 70-74 	50886.906316	25164.687565	25722.218751
 75-79 	44398.745266	19636.524385	24762.220881
 80+ 	76076.677549	24594.759947	51481.917603
Total	621206.986023	307563.478820	313643.507203
2019			
 0-4	60484.183865	33221.506908	27262.676957
 5-9	4606.171448	2402.547870	2203.623578
 10-14 	6821.044848	3739.764922	3081.279926
 15-19 	9695.719378	4784.929734	4910.789644
 20-24 	11212.102851	5196.815557	6015.287295
 25-29 	21493.768070	9485.881462	12007.886608
 30-34 	33669.038962	15402.520188	18266.518774
 35-39 	47253.586744	22758.327595	24495.259149
 40-44 	42277.662859	22217.775007	20059.887853
 45-49 	37521.075520	21113.297666	16407.777854
 50-54 	35500.755451	20753.477754	14747.277697
 55-59 	38366.099565	21737.206312	16628.893254
 60-64 	47154.612314	26368.350455	20786.261859
 65-69 	52355.696076	28129.227971	24226.468105
 70-74 	51758.583201	25571.254265	26187.328937
 75-79 	45737.177399	20165.387940	25571.789459
 80+ 	77587.668149	24783.293293	52804.374856
Total	623494.946702	307831.564897	315663.381804
2020			
 0-4	59326.920284	32490.872109	26836.048176
 5-9	4556.886607	2342.965857	2213.920749
 10-14 	5997.960311	3293.697888	2704.262423
 15-19 	9388.454010	4628.044183	4760.409827
 20-24 	10741.067543	5004.352428	5736.715115
 25-29 	20139.308188	8844.900180	11294.408008
 30-34 	32209.057342	14595.483617	17613.573725
 35-39 	47387.936683	22594.229697	24793.706986
 40-44 	43641.174106	22721.954691	20919.219415
 45-49 	38784.366316	21731.428100	17052.938216
 50-54 	36132.864283	21259.472668	14873.391615
 55-59 	38313.499464	21949.218941	16364.280523
 60-64 	47183.838050	26474.624936	20709.213114
 65-69 	53341.270603	28655.092047	24686.178556
 70-74 	52719.881514	26036.502802	26683.378712
 75-79 	47025.706807	20685.293428	26340.413379
 80+ 	79414.131422	25091.474569	54322.656853
Total	626304.323532	308399.608139	317904.715392
2021			
 0-4	58079.632632	31719.236112	26360.396519
 5-9	4606.490840	2333.893008	2272.597833
 10-14 	5165.321848	2847.279295	2318.042553
 15-19 	9033.930523	4459.544862	4574.385661
 20-24 	10473.069826	4907.936417	5565.133409
 25-29 	18958.158109	8300.335621	10657.822488
 30-34 	30719.886994	13792.629082	16927.257911
 35-39 	47276.748097	22307.962745	24968.785352
 40-44 	44919.887518	23169.321952	21750.565565
 45-49 	40232.593832	22458.496835	17774.096996
 50-54 	36851.719297	21730.036994	15121.682303
 55-59 	38408.084186	22227.810481	16180.273705
 60-64 	47070.837992	26554.258009	20516.579983
 65-69 	54191.314462	29112.821165	25078.493298
 70-74 	53879.593502	26614.467795	27265.125707
 75-79 	48179.606404	21154.551565	27025.054838
 80+ 	81609.218142	25545.078480	56064.139662
Total	629656.094202	309235.660419	320420.433783
2022			
 0-4	56059.956335	30563.417136	25496.539199
 5-9	4843.438336	2440.601127	2402.837209
 10-14 	4608.034308	2544.322695	2063.711612
 15-19 	8640.970925	4268.354537	4372.616388
 20-24 	10360.182228	4878.966423	5481.215805
 25-29 	17980.082012	7860.446394	10119.635618
 30-34 	29273.166708	13031.331602	16241.835106
 35-39 	46907.515745	21900.140058	25007.375687
 40-44 	46085.476317	23547.877537	22537.598780
 45-49 	41806.395659	23190.398864	18615.996795
 50-54 	37703.791456	22268.804227	15434.987229
 55-59 	38692.513467	22613.616332	16078.897135
 60-64 	46869.176505	26634.893013	20234.283492
 65-69 	54881.401902	29497.469350	25383.932552
 70-74 	55154.536910	27258.571486	27895.965424
 75-79 	49266.334510	21604.372361	27661.962150
 80+ 	84118.108505	26121.043301	57997.065204
Total	633251.081828	310224.626441	323026.455387
2023			
 0-4	53928.617675	29356.504796	24572.112879
 5-9	5039.202523	2541.060493	2498.142030
 10-14 	4222.152040	2331.062436	1891.089604
 15-19 	8252.193633	4072.037312	4180.156321
 20-24 	10347.884424	4881.999609	5465.884815
 25-29 	17225.047435	7530.548797	9694.498638
 30-34 	27909.283189	12335.918191	15573.364999
 35-39 	46274.105700	21379.448922	24894.656778
 40-44 	47082.546798	23837.377873	23245.168925
 45-49 	43437.124057	23923.208080	19513.915977
 50-54 	38737.296841	22878.072208	15859.224634
 55-59 	39129.442166	23062.183320	16067.258845
 60-64 	46640.945408	26744.956884	19895.988524
 65-69 	55391.076777	29810.937386	25580.139391
 70-74 	56486.966148	27937.089399	28549.876748
 75-79 	50342.785610	22063.646468	28279.139142
 80+ 	86871.688895	26789.322612	60082.366283
Total	637318.359317	311475.374786	325842.984531
2024			
 0-4	51916.007172	28215.041266	23700.965906
 5-9	5090.267706	2569.080866	2521.186840
 10-14 	4025.456914	2206.779400	1818.677514
 15-19 	7833.113193	3867.219201	3965.893991
 20-24 	10370.184913	4895.806144	5474.378769
 25-29 	16691.204492	7302.313044	9388.891448
 30-34 	26617.857694	11703.118535	14914.739159
 35-39 	45340.266231	20737.761867	24602.504364
 40-44 	47780.766022	23978.535162	23802.230860
 45-49 	45027.759380	24613.304363	20414.455017
 50-54 	39966.846970	23584.550395	16382.296575
 55-59 	39601.903352	23483.845544	16118.057808
 60-64 	46460.858488	26918.218806	19542.639682
 65-69 	55695.556492	30054.901404	25640.655088
 70-74 	57802.782777	28612.675205	29190.107572
 75-79 	51465.008573	22558.979598	28906.028975
 80+ 	89791.224598	27519.711289	62271.513309
Total	641477.064965	312821.842090	328655.222875
2025			
 0-4	50027.572681	27140.313163	22887.259518
 5-9	5163.493988	2607.573261	2555.920727
 10-14 	4055.295311	2197.365528	1857.929783
 15-19 	7438.460181	3671.450472	3767.009709
 20-24 	10370.975891	4881.833854	5489.142037
 25-29 	16377.426792	7176.679123	9200.747669
 30-34 	25423.467863	11142.424253	14281.043610
 35-39 	44135.917853	19999.498659	24136.419194
 40-44 	48128.664615	23948.875764	24179.788851
 45-49 	46513.295186	25234.516727	21278.778459
 50-54 	41239.341698	24247.110788	16992.230909
 55-59 	40289.960170	24063.787166	16226.173004
 60-64 	46421.531378	27197.061103	19224.470275
 65-69 	55798.040830	30242.512892	25555.527939
 70-74 	59055.347828	29261.872282	29793.475546
 75-79 	52676.002976	23109.047653	29566.955323
 80+ 	92811.892308	28290.556428	64521.335880
Total	645926.687549	314412.479115	331514.208433
2026			
 0-4	46417.800311	25194.066168	21223.734143
 5-9	5140.689349	2596.602519	2544.086831
 10-14 	4146.144327	2218.565138	1927.579188
 15-19 	7134.472262	3520.413755	3614.058508
 20-24 	10305.827520	4821.932593	5483.894926
 25-29 	16282.892883	7147.148428	9135.744455
 30-34 	24349.601634	10657.622684	13691.978950
 35-39 	42716.053905	19200.095286	23515.958619
 40-44 	48092.911660	23738.248944	24354.662716
 45-49 	47809.111004	25750.151312	22058.959693
 50-54 	42643.998986	24998.906042	17645.092944
 55-59 	41016.521833	24585.261089	16431.260744
 60-64 	46521.532483	27540.208865	18981.323618
 65-69 	55701.546916	30384.928787	25316.618129
 70-74 	60136.104012	29830.884098	30305.219914
 75-79 	54068.384257	23754.139712	30314.244546
 80+ 	95847.322586	29071.151467	66776.171119
Total	648330.915928	315010.326886	333320.589042
2027			
 0-4	42520.118232	23107.159193	19412.959039
 5-9	4948.810928	2500.058422	2448.752507
 10-14 	4342.530533	2293.895549	2048.634984
 15-19 	6997.412039	3454.331669	3543.080370
 20-24 	10109.511523	4683.900583	5425.610940
 25-29 	16355.109960	7184.768646	9170.341314
 30-34 	23410.214012	10248.503768	13161.710245
 35-39 	41128.723965	18366.208848	22762.515117
 40-44 	47590.104569	23314.916732	24275.187837
 45-49 	48805.566737	26109.935477	22695.631260
 50-54 	44065.692284	25713.492510	18352.199774
 55-59 	41802.920696	25141.371359	16661.549337
 60-64 	46801.408645	27992.481023	18808.927622
 65-69 	55464.173174	30512.470106	24951.703067
 70-74 	61011.410192	30314.028638	30697.381554
 75-79 	55558.781931	24452.358663	31106.423268
 80+ 	98990.500039	29894.426602	69096.073437
Total	649902.989461	315284.307788	334618.681672
2028			
 0-4	40482.111726	21970.182284	18511.929441
 5-9	4698.082412	2373.334929	2324.747483
 10-14 	4440.865554	2321.201570	2119.663984
 15-19 	6994.275695	3454.059179	3540.216516
 20-24 	9829.003245	4496.729052	5332.274193
 25-29 	16525.090309	7252.765319	9272.324991
 30-34 	22644.290927	9925.863222	12718.427705
 35-39 	39444.319153	17532.459429	21911.859724
 40-44 	46635.920521	22695.302701	23940.617820
 45-49 	49444.586681	26291.623750	23152.962931
 50-54 	45438.393468	26387.654011	19050.739457
 55-59 	42703.908649	25738.239493	16965.669155
 60-64 	47220.776047	28503.093613	18717.682433
 65-69 	55166.851569	30660.606492	24506.245077
 70-74 	61662.287929	30714.847525	30947.440404
 75-79 	57094.021633	25175.825238	31918.196395
 80+ 	102259.444585	30773.477713	71485.966872
Total	652684.230103	316267.265522	336416.964581
2029			
 0-4	38291.081241	20758.453105	17532.628136
 5-9	4416.719204	2230.838820	2185.880384
 10-14 	4392.024280	2276.565258	2115.459022
 15-19 	7068.790855	3490.219502	3578.571353
 20-24 	9640.928015	4404.094204	5236.833810
 25-29 	16711.746426	7314.223659	9397.522768
 30-34 	22128.099182	9712.288844	12415.810338
 35-39 	37823.571802	16768.162882	21055.408920
 40-44 	45401.529757	21965.929792	23435.599965
 45-49 	49763.329399	26316.510760	23446.818639
 50-54 	46771.740618	27032.414288	19739.326331
 55-59 	43812.392192	26446.190996	17366.201196
 60-64 	47675.229902	28982.114446	18693.115456
 65-69 	54926.664184	30881.186708	24045.477476
 70-74 	62077.964737	31042.509625	31035.455112
 75-79 	58612.358912	25895.626104	32716.732808
 80+ 	105682.485487	31722.065814	73960.419673
Total	655196.656194	317239.394806	337957.261387
2030			
 0-4	37670.485086	20351.782699	17318.702387
 5-9	4145.510676	2093.428307	2052.082369
 10-14 	4359.870290	2241.283053	2118.587237
 15-19 	7126.506093	3517.364240	3609.141853
 20-24 	9415.413637	4296.655365	5118.758272
 25-29 	16825.338105	7323.375330	9501.962774
 30-34 	21832.336171	9591.132344	12241.203826
 35-39 	36248.181532	16056.396511	20191.785021
 40-44 	43879.434042	21129.899780	22749.534262
 45-49 	49662.145980	26135.233279	23526.912701
 50-54 	47958.050248	27598.268906	20359.781342
 55-59 	44951.129981	27104.940885	17846.189096
 60-64 	48381.119338	29658.514865	18722.604473
 65-69 	54844.568766	31219.960101	23624.608665
 70-74 	62252.664873	31308.070833	30944.594040
 75-79 	60060.951662	26590.290474	33470.661188
 80+ 	109278.439267	32748.064670	76530.374598
Total	658892.145746	318964.661641	339927.484105
2031			
 0-4	37193.401513	20014.698130	17178.703384
 5-9	3901.326827	1969.316802	1932.010025
 10-14 	4308.285224	2196.838996	2111.446228
 15-19 	7133.172795	3516.420399	3616.752396
 20-24 	9158.851447	4174.356522	4984.494925
 25-29 	16800.335523	7255.736571	9544.598952
 30-34 	21730.723734	9548.064799	12182.658935
 35-39 	34740.581326	15396.721267	19343.860060
 40-44 	42139.711578	20222.735714	21916.975864
 45-49 	49124.212159	25742.122619	23382.089541
 50-54 	48914.680133	28047.548042	20867.132091
 55-59 	46225.422720	27865.365971	18360.056748
 60-64 	49107.415830	30255.330816	18852.085014
 65-69 	54918.727634	31629.991265	23288.736369
 70-74 	62189.296201	31525.340572	30663.955630
 75-79 	61330.239997	27213.843000	34116.396997
 80+ 	113134.889214	33880.680914	79254.208300
Total	662051.273856	320455.112399	341596.161457
2032			
 0-4	37173.293224	19912.538621	17260.754602
 5-9	3731.711110	1883.577608	1848.133502
 10-14 	4144.611498	2096.582187	2048.029311
 15-19 	7127.057970	3499.302754	3627.755216
 20-24 	8989.938397	4088.404401	4901.533996
 25-29 	16631.175955	7115.676474	9515.499481
 30-34 	21793.349168	9566.320734	12227.028434
 35-39 	33430.457609	14833.631989	18596.825620
 40-44 	40360.593939	19327.115215	21033.478723
 45-49 	48222.600316	25175.506440	23047.093876
 50-54 	49637.313046	28377.416988	21259.896058
 55-59 	47570.162292	28621.770277	18948.392015
 60-64 	49921.158890	30905.803738	19015.355152
 65-69 	55215.815927	32172.562558	23043.253369
 70-74 	61961.259430	31729.420274	30231.839156
 75-79 	62381.370395	27760.878877	34620.491518
 80+ 	117142.028610	35080.759623	82061.268986
Total	665433.897775	322147.268758	343286.629017
2033			
 0-4	36504.448147	19485.212038	17019.236109
 5-9	3606.367961	1820.357293	1786.010668
 10-14 	3914.079303	1975.573972	1938.505331
 15-19 	7034.008548	3432.694543	3601.314005
 20-24 	8918.958673	4058.175781	4860.782893
 25-29 	16326.209449	6907.328300	9418.881149
 30-34 	21934.168378	9605.049827	12329.118550
 35-39 	32377.991691	14388.569819	17989.421872
 40-44 	38620.902233	18478.355415	20142.546818
 45-49 	47007.197136	24464.600300	22542.596836
 50-54 	50090.689954	28571.835644	21518.854310
 55-59 	48928.345404	29376.255782	19552.089622
 60-64 	50890.872261	31624.113590	19266.758671
 65-69 	55691.555569	32791.977799	22899.577770
 70-74 	61662.943638	31959.804835	29703.138803
 75-79 	63190.284331	28235.024774	34955.259556
 80+ 	121262.618431	36333.122702	84929.495729
Total	667961.641106	323508.052416	344453.588690
2034			
 0-4	35755.779582	19019.443929	16736.335653
 5-9	3541.255482	1788.979480	1752.276003
 10-14 	3684.395479	1859.422697	1824.972782
 15-19 	6925.437989	3372.899378	3552.538611
 20-24 	8825.794504	4007.192336	4818.602168
 25-29 	15918.781074	6659.573747	9259.207327
 30-34 	22013.457624	9610.667810	12402.789814
 35-39 	31601.135592	14058.160450	17542.975142
 40-44 	36956.698522	17690.009362	19266.689161
 45-49 	45542.977884	23645.327325	21897.650559
 50-54 	50225.722667	28605.155342	21620.567325
 55-59 	50261.398244	30114.249317	20147.148927
 60-64 	52106.745571	32483.255390	19623.490181
 65-69 	56200.147994	33371.323192	22828.824803
 70-74 	61417.513642	32265.894533	29151.619109
 75-79 	63738.636912	28641.427035	35097.209877
 80+ 	125459.046315	37621.573143	87837.473172
Total	670174.925078	324814.554466	345360.370612
2035			
 0-4	35131.330418	18616.879310	16514.451109
 5-9	3436.521432	1736.731089	1699.790343
 10-14 	3419.564072	1724.527627	1695.036445
 15-19 	6817.252239	3317.939355	3499.312884
 20-24 	8727.439245	3950.725673	4776.713572
 25-29 	15443.456845	6387.464916	9055.991928
 30-34 	21962.704394	9551.688320	12411.016074
 35-39 	31105.146154	13844.821897	17260.324256
 40-44 	35412.783640	16976.576702	18436.206938
 45-49 	43911.403263	22760.904933	21150.498330
 50-54 	50035.679509	28468.757924	21566.921585
 55-59 	51516.544734	30813.676073	20702.868662
 60-64 	53403.182247	33316.273490	20086.908757
 65-69 	57021.546472	34191.597749	22829.948723
 70-74 	61356.126304	32702.534921	28653.591384
 75-79 	64033.769559	28993.897657	35039.871902
 80+ 	129690.615723	38931.412867	90759.202855
Total	672425.066251	326286.410503	346138.655748
2036			
 0-4	34939.115759	18519.323159	16419.792600
 5-9	3413.222119	1725.667689	1687.554430
 10-14 	3182.632399	1604.150506	1578.481893
 15-19 	6706.814479	3260.324983	3446.489496
 20-24 	8636.285843	3900.885107	4735.400736
 25-29 	15021.030663	6188.648672	8832.381991
 30-34 	21884.887085	9516.057047	12368.830039
 35-39 	31032.058381	13855.253157	17176.805224
 40-44 	34242.115209	16501.949358	17740.165851
 45-49 	42520.853992	22079.900735	20440.953257
 50-54 	49975.975628	28473.182947	21502.792681
 55-59 	53134.529700	31772.135080	21362.394620
 60-64 	55475.339204	34656.231523	20819.107682
 65-69 	58480.350167	35271.905552	23208.444616
 70-74 	62076.127560	33512.502893	28563.624667
 75-79 	64651.498575	29530.608321	35120.890254
 80+ 	134507.192345	40384.067538	94123.124807
Total	679880.029108	330752.794266	349127.234842
2037			
 0-4	34550.920937	18322.173419	16228.747518
 5-9	3445.550554	1742.774440	1702.776114
 10-14 	3025.839297	1525.385675	1500.453622
 15-19 	6546.690548	3182.815521	3363.875027
 20-24 	8548.217401	3853.233751	4694.983650
 25-29 	14704.219813	6036.849305	8667.370507
 30-34 	21640.313559	9410.474438	12229.839122
 35-39 	31129.443924	13935.284145	17194.159779
 40-44 	33258.855456	16116.573066	17142.282389
 45-49 	41136.370106	21418.628316	19717.741790
 50-54 	49598.173600	28309.855179	21288.318421
 55-59 	54574.378983	32640.225481	21934.153502
 60-64 	57693.440194	36034.245757	21659.194438
 65-69 	60051.311982	36425.919434	23625.392548
 70-74 	63031.512557	34459.293189	28572.219368
 75-79 	65054.165450	30041.443514	35012.721936
 80+ 	139084.821806	41781.862531	97302.959275
Total	687074.226166	335237.037159	351837.189007
2038			
 0-4	34180.486782	18133.808891	16046.677891
 5-9	3455.191473	1748.496582	1706.694891
 10-14 	2930.888226	1477.998854	1452.889372
 15-19 	6359.447206	3094.761180	3264.686026
 20-24 	8406.234455	3775.546185	4630.688270
 25-29 	14519.775913	5959.475030	8560.300883
 30-34 	21267.854732	9245.645648	12022.209083
 35-39 	31286.501670	14035.628795	17250.872875
 40-44 	32502.149994	15836.676382	16665.473612
 45-49 	39817.447049	20804.435242	19013.011807
 50-54 	48931.243384	27994.690883	20936.552502
 55-59 	55788.683768	33392.194189	22396.489579
 60-64 	60000.748128	37456.301007	22544.447121
 65-69 	61820.639727	37669.774105	24150.865623
 70-74 	64183.070043	35484.909640	28698.160403
 75-79 	65340.273370	30564.261434	34776.011936
 80+ 	143367.021275	43119.854731	100247.166544
Total	694157.657196	339794.458776	354363.198420
2039			
 0-4	33836.329787	17958.435906	15877.893882
 5-9	3454.746449	1749.011300	1705.735148
 10-14 	2888.154865	1458.331290	1429.823575
 15-19 	6167.047982	3004.264267	3162.783714
 20-24 	8288.921726	3721.441431	4567.480295
 25-29 	14369.323652	5879.605762	8489.717890
 30-34 	20827.254760	9055.328458	11771.926301
 35-39 	31348.569981	14096.698969	17251.871012
 40-44 	31993.917541	15665.927348	16327.990192
 45-49 	38594.993542	20251.941931	18343.051611
 50-54 	48049.854323	27568.775264	20481.079059
 55-59 	56722.046436	33994.299331	22727.747104
 60-64 	62365.248971	38911.597797	23453.651174
 65-69 	63910.479342	39095.868256	24814.611087
 70-74 	65369.734995	36462.626469	28907.108525
 75-79 	65644.174531	31150.004381	34494.170150
 80+ 	147273.035904	44388.490818	102884.545086
Total	701103.834786	344412.648978	356691.185808
2040			
 0-4	33250.723844	17659.225069	15591.498775
 5-9	3463.604364	1753.862439	1709.741925
 10-14 	2801.448984	1414.934951	1386.514033
 15-19 	5989.466845	2922.541800	3066.925045
 20-24 	8214.198082	3686.576484	4527.621598
 25-29 	14186.681835	5787.590408	8399.091427
 30-34 	20385.193463	8867.012363	11518.181101
 35-39 	31267.722105	14092.049580	17175.672525
 40-44 	31749.934407	15615.884513	16134.049894
 45-49 	37504.451126	19775.740006	17728.711120
 50-54 	47034.439701	27075.762683	19958.677017
 55-59 	57353.672116	34427.826840	22925.845276
 60-64 	64730.310718	40375.071085	24355.239633
 65-69 	66143.677763	40514.503238	25629.174525
 70-74 	66910.072538	37712.893101	29197.179437
 75-79 	66109.975877	31855.040944	34254.934933
 80+ 	150753.307341	45589.151364	105164.155977
Total	707848.881109	349125.666871	358723.214238
2041			
 0-4	31028.338478	16527.158489	14501.179989
 5-9	3383.047707	1713.014311	1670.033396
 10-14 	2782.634345	1405.993770	1376.640575
 15-19 	5844.590046	2856.123936	2988.466111
 20-24 	8132.689782	3649.525111	4483.164671
 25-29 	14008.749822	5701.733636	8307.016186
 30-34 	19932.056326	8673.278176	11258.778150
 35-39 	31016.978094	14013.968504	17003.009590
 40-44 	31736.255116	15672.465702	16063.789414
 45-49 	36546.223388	19370.604637	17175.618751
 50-54 	45952.485307	26553.249774	19399.235534
 55-59 	57667.955160	34681.574299	22986.380861
 60-64 	67009.769345	41799.122178	25210.647167
 65-69 	68700.053462	42152.840175	26547.213287
 70-74 	68528.408591	38875.983714	29652.424877
 75-79 	66750.211817	32621.984795	34128.227021
 80+ 	153734.839817	46716.551858	107018.287960
Total	712755.286602	352985.173064	359770.113538
2042			
 0-4	29682.794427	15841.342959	13841.451468
 5-9	3255.866116	1648.433166	1607.432950
 10-14 	2800.449621	1415.569043	1384.880578
 15-19 	5733.484425	2804.979381	2928.505044
 20-24 	8006.572476	3593.475139	4413.097337
 25-29 	13836.309158	5617.590904	8218.718254
 30-34 	19552.469869	8511.643031	11040.826838
 35-39 	30573.377506	13854.455093	16718.922413
 40-44 	31841.779979	15783.790333	16057.989647
 45-49 	35738.132114	19041.989735	16696.142379
 50-54 	44869.126079	26036.573720	18832.552359
 55-59 	57637.147880	34738.808459	22898.339421
 60-64 	69123.751236	43136.408991	25987.342245
 65-69 	71478.204876	43860.013057	27618.191819
 70-74 	70277.522429	40124.943396	30152.579033
 75-79 	67640.739191	33522.671637	34118.067554
 80+ 	156278.862439	47797.560906	108481.301533
Total	718326.589821	357330.248949	360996.340872
2043			
 0-4	29387.602494	15689.263257	13698.339238
 5-9	3140.466296	1589.707538	1550.758757
 10-14 	2787.061504	1409.456865	1377.604639
 15-19 	5654.669106	2768.743051	2885.926055
 20-24 	7895.631741	3545.839400	4349.792341
 25-29 	13588.817746	5492.537298	8096.280448
 30-34 	19290.677994	8420.288304	10870.389691
 35-39 	30014.405248	13634.056471	16380.348777
 40-44 	31980.103760	15906.589613	16073.514147
 45-49 	35133.045657	18815.496145	16317.549511
 50-54 	43842.405327	25554.996705	18287.408622
 55-59 	57289.389109	34615.029449	22674.359660
 60-64 	71009.668053	44349.602421	26660.065631
 65-69 	74411.726800	45644.985678	28766.741122
 70-74 	72265.758704	41476.481537	30789.277167
 75-79 	68745.100087	34497.712797	34247.387291
 80+ 	158485.476862	48867.902754	109617.574108
Total	724922.006488	362278.689283	362643.317204
2044			
 0-4	29611.485378	15800.693641	13810.791737
 5-9	3028.223879	1532.471956	1495.751923
 10-14 	2758.936206	1395.783177	1363.153029
 15-19 	5602.757271	2743.891755	2858.865516
 20-24 	7790.666633	3502.873194	4287.793439
 25-29 	13396.859831	5411.728587	7985.131244
 30-34 	18975.824517	8286.695659	10689.128858
 35-39 	29416.600182	13395.715405	16020.884777
 40-44 	32034.619288	15991.479542	16043.139746
 45-49 	34775.480268	18707.337458	16068.142811
 50-54 	42917.539790	25132.986381	17784.553409
 55-59 	56710.544855	34359.678559	22350.866296
 60-64 	72593.729254	45391.149365	27202.579889
 65-69 	77468.064173	47496.824181	29971.239991
 70-74 	74634.867042	43029.886232	31604.980809
 75-79 	69891.160280	35418.691774	34472.468506
 80+ 	160484.352073	49973.431354	110510.920720
Total	732091.710920	367571.318221	364520.392699
2045			
 0-4	29679.637064	15834.396623	13845.240441
 5-9	2899.687221	1466.760935	1432.926286
 10-14 	2744.977174	1388.923056	1356.054118
 15-19 	5516.334252	2702.718051	2813.616200
 20-24 	7687.356395	3462.379969	4224.976427
 25-29 	13234.993458	5346.201466	7888.791992
 30-34 	18586.445672	8121.488632	10464.957040
 35-39 	28844.123999	13168.568067	15675.555932
 40-44 	31928.918447	15996.364713	15932.553734
 45-49 	34646.661964	18714.454613	15932.207352
 50-54 	42092.168229	24769.613168	17322.555061
 55-59 	55955.287118	34007.685970	21947.601148
 60-64 	73817.805626	46220.432636	27597.372990
 65-69 	80569.044613	49380.314789	31188.729824
 70-74 	77203.645674	44587.688882	32615.956792
 75-79 	71404.864244	36615.017142	34789.847101
 80+ 	162449.149651	51173.297414	111275.852238
Total	739261.100802	372956.306126	366304.794675
2046			
 0-4	29952.953718	15971.036444	13981.917274
 5-9	2801.283234	1416.294930	1384.988304
 10-14 	2707.190891	1369.806721	1337.384170
 15-19 	5441.333039	2665.038937	2776.294101
 20-24 	7595.363346	3425.318555	4170.044791
 25-29 	13039.608485	5267.308698	7772.299787
 30-34 	18214.601146	7969.017862	10245.583284
 35-39 	28269.213954	12934.625913	15334.588041
 40-44 	31684.529823	15933.754221	15750.775601
 45-49 	34747.894352	18838.094025	15909.800327
 50-54 	41390.629434	24472.013717	16918.615717
 55-59 	55112.087599	33609.880477	21502.207122
 60-64 	74660.871978	46821.218904	27839.653074
 65-69 	83613.551948	51238.969497	32374.582451
 70-74 	80159.350648	46391.733719	33767.616929
 75-79 	73026.188993	37720.370017	35305.818976
 80+ 	164386.000079	52390.458765	111995.541314
Total	746802.652669	378434.941404	368367.711265
2047			
 0-4	30268.110323	16129.932497	14138.177825
 5-9	2745.499023	1387.992644	1357.506379
 10-14 	2619.670087	1325.208410	1294.461677
 15-19 	5370.224452	2626.423340	2743.801112
 20-24 	7516.735429	3393.703649	4123.031780
 25-29 	12820.849136	5179.311237	7641.537899
 30-34 	17864.277266	7818.716711	10045.560554
 35-39 	27780.439036	12736.746764	15043.692271
 40-44 	31314.967930	15809.595940	15505.371990
 45-49 	35003.739381	19039.126540	15964.612840
 50-54 	40859.326452	24262.802591	16596.523862
 55-59 	54268.701226	33214.824243	21053.876983
 60-64 	75088.572929	47170.573053	27917.999875
 65-69 	86505.520332	53015.749881	33489.770451
 70-74 	83418.166451	48290.430683	35127.735768
 75-79 	74787.877588	38915.657189	35872.220399
 80+ 	166402.547141	53721.086452	112681.460689
Total	754635.224181	384037.881825	370597.342356
2048			
 0-4	30399.236973	16196.134591	14203.102381
 5-9	2728.698875	1379.580343	1349.118532
 10-14 	2516.989291	1272.871093	1244.118198
 15-19 	5290.154093	2586.171125	2703.982967
 20-24 	7431.586614	3357.944111	4073.642503
 25-29 	12619.026767	5101.705163	7517.321604
 30-34 	17450.760744	7631.827531	9818.933213
 35-39 	27403.565545	12606.998860	14796.566684
 40-44 	30863.591370	15636.010481	15227.580889
 45-49 	35308.193177	19260.899335	16047.293842
 50-54 	40535.768903	24165.267041	16370.501863
 55-59 	53470.834574	32846.615091	20624.219483
 60-64 	75116.681852	47279.019428	27837.662424
 65-69 	89156.946032	54659.545895	34497.400137
 70-74 	86896.235691	50292.823482	36603.412209
 75-79 	76812.359804	40213.648733	36598.711071
 80+ 	168517.967455	55111.820584	113406.146870
Total	762518.597758	389598.882888	372919.714870
2049			
 0-4	30483.356086	16237.939642	14245.416444
 5-9	2710.426911	1371.164051	1339.262860
 10-14 	2406.497706	1216.417418	1190.080287
 15-19 	5216.197475	2552.186249	2664.011226
 20-24 	7334.351283	3312.702970	4021.648313
 25-29 	12431.303508	5034.188224	7397.115284
 30-34 	17152.561085	7516.968903	9635.592182
 35-39 	26933.586337	12412.312470	14521.273867
 40-44 	30390.708115	15448.605975	14942.102140
 45-49 	35535.657056	19444.480368	16091.176688
 50-54 	40463.388963	24199.329428	16264.059534
 55-59 	52762.216820	32530.635558	20231.581262
 60-64 	74842.611021	47207.041021	27635.570000
 65-69 	91464.935741	56107.063878	35357.871863
 70-74 	90556.247689	52386.975422	38169.272267
 75-79 	79240.059877	41705.000210	37535.059667
 80+ 	170596.724878	56448.782745	114147.942133
Total	770520.830551	395131.794533	375389.036018
2050			
 0-4	30530.611549	16260.308567	14270.302982
 5-9	2694.833160	1363.509610	1331.323550
 10-14 	2283.399613	1153.268442	1130.131171
 15-19 	5151.497205	2522.237868	2629.259337
 20-24 	7217.124202	3258.576545	3958.547657
 25-29 	12262.024038	4976.789417	7285.234621
 30-34 	16897.352087	7422.055855	9475.296232
 35-39 	26391.127415	12183.288369	14207.839047
 40-44 	29988.255535	15294.031058	14694.224477
 45-49 	35629.074795	19554.384885	16074.689910
 50-54 	40652.617159	24378.646439	16273.970720
 55-59 	52160.835267	32275.706454	19885.128813
 60-64 	74342.048861	47002.823937	27339.224924
 65-69 	93354.203028	57306.911313	36047.291715
 70-74 	94310.951208	54535.586520	39775.364688
 75-79 	81924.119092	43217.615509	38706.503583
 80+ 	173152.571019	58161.201916	114991.369103
Total	778942.645233	400866.942704	378075.702529
