Year	4		9		14		19		24		29		34		39		44		49		54		59		64		69		74		79		100	
1970	3651 	3086 	2729 	2336 	1896 	1640 	1405 	1230 	1047 	878 	757 	599 	473 	324 	219 	132 	100 
1971	3771 	3166 	2792 	2417 	1970 	1683 	1442 	1256 	1072 	893 	766 	609 	478 	332 	220 	134 	105 
1972	3877 	3258 	2855 	2496 	2056 	1727 	1486 	1283 	1100 	914 	774 	624 	482 	341 	221 	135 	108 
1973	3971 	3358 	2919 	2572 	2149 	1773 	1534 	1312 	1130 	939 	783 	641 	486 	351 	222 	135 	109 
1974	4059 	3461 	2986 	2643 	2241 	1828 	1582 	1345 	1160 	965 	794 	658 	493 	360 	224 	135 	107 
1975	4142 	3558 	3060 	2711 	2326 	1893 	1629 	1382 	1190 	993 	809 	672 	503 	367 	227 	134 	102 
1976	4233 	3662 	3140 	2772 	2402 	1961 	1669 	1416 	1215 	1017 	824 	680 	513 	373 	234 	136 	107 
1977	4305 	3765 	3230 	2830 	2474 	2039 	1707 	1456 	1240 	1042 	843 	688 	526 	376 	242 	137 	110 
1978	4367 	3864 	3327 	2890 	2542 	2123 	1747 	1499 	1266 	1069 	865 	695 	541 	380 	250 	138 	111 
1979	4430 	3959 	3428 	2956 	2609 	2208 	1796 	1542 	1295 	1097 	889 	705 	555 	386 	256 	140 	110 
1980	4505 	4047 	3530 	3032 	2675 	2289 	1856 	1585 	1329 	1125 	915 	720 	568 	394 	261 	142 	106 
1981	4575 	4138 	3631 	3118 	2743 	2369 	1927 	1628 	1366 	1152 	940 	736 	577 	405 	267 	148 	111 
1982	4661 	4220 	3733 	3212 	2808 	2447 	2009 	1669 	1408 	1178 	966 	755 	586 	418 	271 	155 	115 
1983	4754 	4293 	3835 	3311 	2873 	2522 	2098 	1714 	1453 	1206 	995 	778 	594 	431 	275 	161 	117 
1984	4841 	4359 	3931 	3412 	2942 	2594 	2186 	1766 	1499 	1238 	1023 	802 	605 	444 	280 	165 	118 
1985	4912 	4422 	4018 	3511 	3018 	2663 	2270 	1828 	1543 	1273 	1052 	827 	620 	455 	287 	168 	116 
1986	4995 	4496 	4094 	3602 	3091 	2720 	2342 	1891 	1579 	1304 	1075 	849 	635 	464 	297 	173 	124 
1987	5044 	4576 	4164 	3695 	3172 	2772 	2410 	1965 	1614 	1340 	1097 	873 	652 	472 	308 	177 	132 
1988	5069 	4660 	4230 	3790 	3260 	2826 	2476 	2046 	1652 	1379 	1121 	898 	671 	480 	319 	181 	137 
1989	5087 	4747 	4302 	3885 	3355 	2886 	2542 	2129 	1699 	1420 	1149 	924 	693 	491 	330 	185 	140 
1990	5110 	4829 	4387 	3981 	3456 	2960 	2610 	2212 	1760 	1463 	1182 	952 	718 	505 	340 	190 	140 
1991	5112 	4893 	4470 	4077 	3574 	3055 	2684 	2299 	1841 	1517 	1228 	983 	743 	521 	349 	199 	149 
1992	5115 	4952 	4562 	4166 	3700 	3164 	2759 	2388 	1934 	1574 	1282 	1017 	773 	541 	357 	208 	156 
1993	5116 	4999 	4655 	4248 	3826 	3285 	2837 	2477 	2033 	1633 	1342 	1057 	805 	563 	367 	217 	162 
1994	5102 	5031 	4740 	4325 	3943 	3408 	2920 	2563 	2132 	1698 	1403 	1100 	840 	588 	379 	225 	166 
1995	5066 	5045 	4806 	4399 	4044 	3527 	3009 	2643 	2224 	1771 	1463 	1148 	876 	614 	392 	231 	167 
1996	5026 	5064 	4887 	4483 	4082 	3580 	3077 	2730 	2339 	1877 	1528 	1193 	898 	629 	400 	232 	178 
1997	4969 	5059 	4947 	4579 	4123 	3625 	3132 	2796 	2448 	1992 	1598 	1246 	923 	645 	409 	231 	185 
1998	4905 	5035 	4985 	4678 	4179 	3665 	3176 	2843 	2549 	2109 	1678 	1308 	953 	661 	417 	231 	185 
1999	4855 	4997 	5002 	4772 	4256 	3707 	3209 	2879 	2639 	2224 	1770 	1377 	992 	680 	425 	233 	179 
2000	4834 	4951 	5003 	4853 	4352 	3756 	3236 	2906 	2713 	2334 	1874 	1455 	1040 	703 	435 	235 	166 
2001	4828 	4933 	5031 	4939 	4455 	3845 	3292 	2923 	2723 	2379 	1931 	1499 	1088 	740 	475 	256 	177 
2002	4869 	4897 	5043 	5010 	4571 	3934 	3355 	2945 	2723 	2419 	1985 	1544 	1134 	776 	511 	284 	187 
2003	4943 	4849 	5041 	5062 	4699 	4025 	3427 	2973 	2721 	2455 	2034 	1592 	1176 	815 	540 	321 	196 
2004	5031 	4800 	5023 	5100 	4829 	4124 	3506 	3006 	2722 	2484 	2078 	1645 	1214 	856 	563 	363 	207 
2005	5120 	4763 	4986 	5126 	4949 	4238 	3591 	3049 	2731 	2504 	2119 	1698 	1254 	896 	585 	402 	223 
2006	5265 	4763 	4932 	5144 	5040 	4346 	3650 	3083 	2750 	2521 	2159 	1746 	1291 	930 	610 	435 	255 
2007	5379 	4799 	4868 	5144 	5120 	4483 	3711 	3122 	2764 	2537 	2200 	1790 	1336 	957 	641 	454 	299 
2008	5461 	4868 	4802 	5117 	5185 	4640 	3779 	3168 	2770 	2553 	2239 	1830 	1389 	977 	676 	459 	353 
2009	5511 	4955 	4749 	5064 	5233 	4798 	3864 	3216 	2772 	2568 	2273 	1866 	1444 	996 	711 	458 	411 
2010	5531 	5036 	4720 	4990 	5259 	4940 	3974 	3264 	2775 	2579 	2299 	1901 	1495 	1021 	739 	463 	465 
2011	5566	5123	4724	4906	5220	5030	4114	3333	2799	2571	2323	1939	1535	1059	749		466		492
2012	5525	5217	4758	4820	5163	5092	4276	3405	2837	2558	2341	1979	1571	1106	754		480		503
2013	5437	5312	4814	4741	5090	5128	4446	3485	2884	2544	2353	2019	1604	1158	759		498		505
2014	5342	5395	4884	4680	5008	5139	4600	3582	2936	2536	2355	2053	1637	1208	772		512		501
2015	5268	5450	4961	4645	4921	5129	4723	3701	2990	2540	2350	2079	1673	1251	795		521		494
2016	5143	5482	5054	4651	4835	5093	4812	3838	3056	2558	2343	2099	1708	1289	829		531		514
2017	5099	5460	5152	4679	4744	5035	4869	3990	3119	2586	2327	2112	1743	1319	869		536		531
2018	5108	5389	5251	4726	4661	4960	4901	4145	3187	2623	2309	2119	1776	1348	911		541		542
2019	5123	5294	5334	4790	4601	4881	4916	4288	3271	2668	2297	2122	1807	1378	951		552		546
2020	5111	5214	5381	4867	4575	4805	4916	4408	3379	2718	2297	2119	1833	1411	986		572		541
2021	5119	5157	5382	4964	4572	4715	4877	4492	3509	2773	2311	2107	1847	1441	1017	599		562
2022	5085	5121	5348	5078	4604	4632	4825	4555	3657	2831	2339	2092	1860	1472	1045	631		579
2023	5021	5105	5289	5190	4664	4563	4766	4598	3811	2900	2377	2079	1871	1505	1071	664		592
2024	4955	5097	5228	5274	4743	4517	4702	4621	3949	2985	2420	2073	1877	1534	1098	694		601
2025	4909	5078	5181	5317	4832	4502	4639	4625	4060	3089	2466	2077	1878	1558	1127	721		607
2026	4862	5049	5147	5331	4926	4504	4560	4604	4156	3215	2522	2091	1869	1575	1156	748		644
2027	4832	5013	5123	5305	5036	4535	4481	4562	4226	3357	2580	2116	1857	1588	1185	771		678
2028	4817	4970	5106	5253	5145	4591	4413	4508	4271	3503	2646	2151	1845	1598	1212	792		707
2029	4807	4924	5087	5197	5233	4668	4369	4448	4294	3637	2726	2193	1841	1605	1237	814		731
2030	4796	4883	5060	5155	5286	4759	4358	4388	4297	3747	2825	2241	1849	1608	1258	837		750
2031	4794	4850	5027	5124	5295	4850	4362	4322	4289	3840	2946	2290	1861	1602	1274	862		795
2032	4788	4823	4988	5105	5269	4958	4394	4254	4262	3912	3084	2345	1884	1592	1288	886		834
2033	4779	4803	4946	5093	5222	5069	4452	4195	4220	3963	3226	2409	1917	1584	1299	910		868
2034	4770	4789	4905	5076	5174	5159	4530	4157	4169	3995	3356	2489	1958	1583	1307	930		895
2035	4762	4775	4870	5049	5140	5216	4622	4149	4114	4008	3465	2589	2005	1592	1311	947		915
2036	4760	4763	4840	5017	5108	5228	4716	4163	4063	4006	3559	2701	2051	1604	1308	963		965
2037	4752	4756	4815	4979	5089	5205	4826	4201	4010	3987	3634	2831	2101	1625	1301	976		1008
2038	4740	4752	4795	4938	5078	5161	4937	4262	3961	3956	3690	2968	2162	1655	1296	987		1044
2039	4726	4749	4778	4898	5065	5118	5028	4339	3930	3917	3726	3097	2239	1692	1295	994		1070
2040	4709	4745	4764	4863	5042	5089	5087	4430	3924	3874	3745	3207	2335	1735	1304	998		1087
2041	4689	4740	4755	4834	5008	5061	5104	4530	3948	3831	3750	3296	2440	1777	1316	997		1134
2042	4666	4733	4749	4810	4969	5045	5087	4644	3993	3786	3740	3369	2562	1823	1335	994		1173
2043	4641	4723	4745	4790	4929	5035	5049	4756	4057	3746	3718	3427	2691	1878	1361	990		1202
2044	4614	4710	4741	4774	4892	5024	5012	4849	4135	3724	3687	3470	2814	1948	1392	991		1219
2045	4586	4694	4736	4761	4860	5005	4988	4908	4225	3726	3652	3498	2922	2038	1428	998		1222
2046	4554	4678	4732	4752	4830	4973	4967	4935	4330	3752	3617	3504	3005	2134	1466	1009	1255
2047	4523	4657	4725	4747	4805	4936	4955	4926	4448	3800	3580	3498	3076	2246	1506	1026	1279
2048	4493	4632	4716	4744	4786	4897	4949	4896	4563	3866	3548	3482	3135	2364	1554	1046	1294
2049	4463	4604	4704	4741	4772	4862	4941	4865	4656	3948	3531	3460	3181	2477	1615	1070	1300
2050	4432	4574	4688	4735	4761	4832	4925	4845	4716	4040	3538	3436	3214	2577	1693	1099	1297


