SouthAfrica_test	Total	Male	Female
1970			
 0-4	3651166.000000	1836339.000000	1814827.000000
 5-9	3085670.000000	1561367.000000	1524303.000000
 10-14 	2729289.000000	1377170.000000	1352119.000000
 15-19 	2336303.000000	1180176.000000	1156127.000000
 20-24 	1896299.000000	956340.000000	939959.000000
 25-29 	1640001.000000	819098.000000	820903.000000
 30-34 	1405257.000000	699097.000000	706160.000000
 35-39 	1229702.000000	622742.000000	606960.000000
 40-44 	1046950.000000	538866.000000	508084.000000
 45-49 	877790.000000	437000.000000	440790.000000
 50-54 	757179.000000	368254.000000	388925.000000
 55-59 	598738.000000	285672.000000	313066.000000
 60-64 	472792.000000	212408.000000	260384.000000
 65-69 	324343.000000	137741.000000	186602.000000
 70-74 	218842.000000	87335.000000	131507.000000
 75-79 	132161.000000	48601.000000	83560.000000
 80+ 	100020.000000	32384.000000	67636.000000
Total	22502502.000000	11200590.000000	11301912.000000
1971			
 0-4	3742426.178132	1881431.046089	1860995.132043
 5-9	3157418.378070	1595536.636356	1561881.741714
 10-14 	2787614.628404	1407268.985090	1380345.643314
 15-19 	2413772.906795	1218141.785982	1195631.120814
 20-24 	1972450.641004	995166.784197	977283.856807
 25-29 	1669989.096631	835834.261837	834154.834794
 30-34 	1441901.465601	716860.319401	725041.146199
 35-39 	1251532.522278	630097.513834	621435.008444
 40-44 	1072975.154850	550451.052678	522524.102172
 45-49 	896470.467911	449819.571210	446650.896700
 50-54 	764286.168546	371069.974349	393216.194196
 55-59 	614987.618632	293107.311038	321880.307594
 60-64 	477010.928048	215557.210736	261453.717312
 65-69 	334774.903563	141524.564229	193250.339334
 70-74 	218321.409332	86363.914539	131957.494793
 75-79 	132480.286760	48274.795170	84205.491590
 80+ 	99907.792519	31961.110751	67946.681768
Total	23048320.547075	11468466.837486	11579853.709589
1972			
 0-4	3831029.072778	1924941.931960	1906087.140818
 5-9	3249696.230377	1639999.280882	1609696.949495
 10-14 	2851219.727577	1439839.198015	1411380.529562
 15-19 	2491214.199612	1256659.472424	1234554.727189
 20-24 	2054716.421480	1037748.911012	1016967.510468
 25-29 	1715541.143155	861494.834577	854046.308578
 30-34 	1487094.040414	740599.162903	746494.877511
 35-39 	1281638.500939	643127.326737	638511.174202
 40-44 	1102788.772677	564304.931816	538483.840860
 45-49 	918678.487559	464012.457129	454666.030431
 50-54 	774486.078768	376274.056454	398212.022314
 55-59 	630454.738733	300358.317458	330096.421275
 60-64 	482780.873393	219310.913056	263469.960337
 65-69 	343934.315322	145045.296882	198889.018440
 70-74 	219298.465207	86239.266284	133059.198923
 75-79 	132950.084635	48126.017396	84824.067239
 80+ 	100475.695970	31944.928170	68530.767801
Total	23667996.848597	11780026.303154	11887970.545443
1973			
 0-4	3917762.510984	1968656.509706	1949106.001278
 5-9	3346981.496774	1685749.136111	1661232.360664
 10-14 	2916671.850805	1473300.220593	1443371.630212
 15-19 	2564908.256227	1293322.849780	1271585.406447
 20-24 	2139982.859991	1081387.107396	1058595.752595
 25-29 	1766194.097949	889537.623897	876656.474052
 30-34 	1533116.016318	765303.736380	767812.279938
 35-39 	1313753.736839	657562.439606	656191.297233
 40-44 	1132788.022342	577591.909807	555196.112535
 45-49 	943083.069700	478894.655417	464188.414283
 50-54 	785640.982387	382544.387053	403096.595334
 55-59 	645672.412868	307274.070891	338398.341976
 60-64 	489529.496433	223475.507257	266053.989176
 65-69 	352866.222888	148668.803012	204197.419876
 70-74 	221543.850129	86657.587525	134886.262604
 75-79 	133419.529888	47959.072045	85460.457843
 80+ 	101118.601939	31932.716825	69185.885114
Total	24305033.014460	12099818.333301	12205214.681159
1974			
 0-4	4006831.835991	2015797.404419	1991034.431573
 5-9	3439789.213047	1727000.156641	1712789.056406
 10-14 	2986810.362233	1508914.819491	1477895.542741
 15-19 	2634649.384945	1328136.427560	1306512.957385
 20-24 	2225454.481515	1124621.453194	1100833.028321
 25-29 	1823235.543894	920390.436947	902845.106947
 30-34 	1578271.938533	789930.976344	788340.962189
 35-39 	1348161.784872	673610.332250	674551.452622
 40-44 	1162327.936304	590153.025260	572174.911045
 45-49 	969058.941819	493776.543252	475282.398567
 50-54 	798542.135819	390320.732663	408221.403156
 55-59 	659720.190954	313511.793301	346208.397653
 60-64 	497901.712045	228180.274405	269721.437640
 65-69 	360944.719834	152174.253875	208770.465958
 70-74 	225227.603699	87672.972379	137554.631320
 75-79 	133900.402704	47776.302547	86124.100157
 80+ 	101815.931559	31920.140072	69895.791487
Total	24952644.119767	12423888.044599	12528756.075168
1975			
 0-4	4082945.311018	2051856.044276	2031089.266742
 5-9	3538182.164235	1775671.235134	1762510.929101
 10-14 	3064506.404437	1548138.537590	1516367.866847
 15-19 	2700595.223313	1361210.634364	1339384.588949
 20-24 	2309473.444553	1166542.448526	1142930.996026
 25-29 	1886506.886076	953772.688937	932734.197139
 30-34 	1621365.327770	813641.239267	807724.088503
 35-39 	1384581.362053	691101.867684	693479.494369
 40-44 	1190871.868108	601773.345486	589098.522622
 45-49 	996140.176742	508222.782102	487917.394640
 50-54 	813350.391858	399626.673027	413723.718832
 55-59 	672295.044536	318997.118592	353297.925944
 60-64 	508012.100300	233375.766776	274636.333524
 65-69 	367991.213109	155494.111602	212497.101507
 70-74 	230294.663313	89239.766363	141054.896951
 75-79 	134436.104194	47598.633374	86837.470820
 80+ 	102582.070213	31905.099027	70676.971187
Total	25604129.755829	12748167.992127	12855961.763702
1976			
 0-4	4156056.937845	2091435.727217	2064621.210627
 5-9	3631625.908201	1818347.297927	1813278.610273
 10-14 	3148474.735562	1588555.828150	1559918.907412
 15-19 	2762941.971565	1392799.760340	1370142.211226
 20-24 	2387042.761682	1204573.983281	1182468.778401
 25-29 	1957174.554102	989902.957310	967271.596791
 30-34 	1659329.538152	834432.271376	824897.266777
 35-39 	1422851.498422	709871.079591	712980.418831
 40-44 	1217178.071307	612073.486518	605104.584789
 45-49 	1022956.947989	520985.291011	501971.656978
 50-54 	831049.881164	410898.963500	420150.917664
 55-59 	682029.708394	323246.150456	358783.557938
 60-64 	520684.011635	239190.212022	281493.799613
 65-69 	373210.521993	158345.033449	214865.488544
 70-74 	236936.941363	91406.543345	145530.398018
 75-79 	135023.681651	47413.234672	87610.446978
 80+ 	103413.526440	31885.583723	71527.942717
Total	26247981.197465	13065363.403888	13182617.793578
1977			
 0-4	4227160.410754	2127060.620923	2100099.789831
 5-9	3719009.444850	1861028.180605	1857981.264244
 10-14 	3240115.775394	1632632.144926	1607483.630468
 15-19 	2825158.669178	1424472.735984	1400685.933194
 20-24 	2460496.121536	1240385.096276	1220111.025261
 25-29 	2032654.972475	1027902.074684	1004752.897791
 30-34 	1698369.653716	855552.240773	842817.412944
 35-39 	1462632.966334	729842.244580	732790.721754
 40-44 	1243610.966740	622586.568715	621024.398025
 45-49 	1049861.987354	532846.009856	517015.977498
 50-54 	851019.780615	423250.036590	427769.744025
 55-59 	691253.004296	327600.294648	363652.709647
 60-64 	534278.006877	245129.201802	289148.805075
 65-69 	378248.490743	161227.508891	217020.981852
 70-74 	244085.073102	93828.519841	150256.553262
 75-79 	136172.639748	47447.791932	88724.847816
 80+ 	104317.233562	31866.282486	72450.951075
Total	26898445.197274	13384657.553512	13513787.643762
1978			
 0-4	4296085.978867	2161660.618784	2134425.360084
 5-9	3803932.916377	1903658.517460	1900274.398917
 10-14 	3336565.017553	1677892.865145	1658672.152409
 15-19 	2889425.348029	1457153.622545	1432271.725484
 20-24 	2530670.267788	1274621.079608	1256049.188180
 25-29 	2111104.224292	1066946.185465	1044158.038828
 30-34 	1742004.555673	878748.096904	863256.458769
 35-39 	1502683.508239	750396.282388	752287.225851
 40-44 	1271597.632019	634193.509863	637404.122155
 45-49 	1076743.885148	544032.934945	532710.950203
 50-54 	872927.502770	436146.966683	436780.536087
 55-59 	701323.388483	332883.710131	368439.678352
 60-64 	547690.644482	250789.582811	296901.061671
 65-69 	384188.365981	164465.985865	219722.380116
 70-74 	251085.574104	96328.453948	154757.120156
 75-79 	138192.913226	47811.560265	90381.352961
 80+ 	105279.995067	31844.234076	73435.760991
Total	27561501.718100	13709574.206886	13851927.511214
1979			
 0-4	4365651.397192	2196716.237898	2168935.159294
 5-9	3891919.086870	1950122.073087	1941797.013783
 10-14 	3428410.746618	1718557.505301	1709853.241317
 15-19 	2958750.646247	1492237.761750	1466512.884497
 20-24 	2598128.703451	1307776.539614	1290352.163837
 25-29 	2191201.371191	1106506.837488	1084694.533703
 30-34 	1793026.296369	905418.731701	887607.564668
 35-39 	1542631.057141	771349.704588	771281.352553
 40-44 	1302318.287843	647686.308429	654631.979414
 45-49 	1103609.215267	554804.993839	548804.221429
 50-54 	896637.206166	449249.462343	447387.743823
 55-59 	713219.966304	339662.098840	373557.867464
 60-64 	560332.824571	256018.965350	304313.859221
 65-69 	391681.429935	168234.787561	223446.642374
 70-74 	257584.858517	98821.000573	158763.857944
 75-79 	141244.761986	48561.097484	92683.664502
 80+ 	106342.295938	31840.237723	74502.058215
Total	28242690.151608	14043564.343570	14199125.808039
1980			
 0-4	4437260.899787	2232961.714705	2204299.185082
 5-9	3968340.624462	1986148.275109	1982192.349353
 10-14 	3525991.898507	1766727.998391	1759263.900117
 15-19 	3036018.400311	1531169.501205	1504848.899106
 20-24 	2663358.825469	1340208.153608	1323150.671861
 25-29 	2272409.776871	1146404.403911	1126005.372960
 30-34 	1852691.040686	936207.640700	916483.399986
 35-39 	1582568.755761	792718.637633	789850.118128
 40-44 	1336380.759827	663488.186832	672892.572995
 45-49 	1130545.015238	565360.251518	565184.763720
 50-54 	922123.878522	462434.888100	459688.990423
 55-59 	727328.191689	348118.730872	379209.460817
 60-64 	572129.809005	260881.231823	311248.577181
 65-69 	400906.333906	172555.000418	228351.333489
 70-74 	263549.920814	101316.532261	162233.388553
 75-79 	145316.480970	49685.862608	95630.618361
 80+ 	107568.304245	31884.311823	75683.992423
Total	28944488.916071	14388271.321517	14556217.594553
1981			
 0-4	4511496.016275	2270764.205412	2240731.810862
 5-9	4045613.891453	2027863.842466	2017750.048987
 10-14 	3619430.106787	1809297.558732	1810132.548055
 15-19 	3120918.534051	1572160.308985	1548758.225066
 20-24 	2728790.824470	1373646.907636	1355143.916834
 25-29 	2353553.302116	1186609.050504	1166944.251612
 30-34 	1926305.803038	974127.240179	952178.562859
 35-39 	1623189.055058	815050.183606	808138.871452
 40-44 	1376294.618675	683251.408591	693043.210084
 45-49 	1158176.883533	576579.879189	581597.004344
 50-54 	949317.525758	475389.392229	473928.133529
 55-59 	745221.155021	359118.335339	386102.819682
 60-64 	582364.647767	265295.578069	317069.069698
 65-69 	412748.797973	177680.425871	235068.372102
 70-74 	268565.534735	103737.352938	164828.181797
 75-79 	150589.749111	51257.482180	99332.266931
 80+ 	108999.824432	32002.737595	76997.086837
Total	29681576.270253	14753831.889521	14927744.380732
1982			
 0-4	4585743.642238	2308652.381197	2277091.261042
 5-9	4123234.522535	2066972.156414	2056262.366120
 10-14 	3707040.301533	1851913.449575	1855126.851958
 15-19 	3213615.619105	1616873.369346	1596742.249759
 20-24 	2795090.520631	1407762.821061	1387327.699570
 25-29 	2432701.396931	1225942.558397	1206758.838535
 30-34 	2007093.681154	1015473.912690	991619.768464
 35-39 	1667000.946237	839119.445361	827881.500876
 40-44 	1419261.808071	705227.127140	714034.680931
 45-49 	1187063.306370	588754.711507	598308.594863
 50-54 	977430.057202	488061.433562	489368.623640
 55-59 	765698.403904	371423.803333	394274.600571
 60-64 	592555.166016	270060.918631	322494.247385
 65-69 	425611.659840	183056.222283	242555.437557
 70-74 	273667.718036	106298.617463	167369.100573
 75-79 	156288.695663	53024.332496	103264.363167
 80+ 	110845.228214	32258.487855	78586.740359
Total	30439942.673682	15130875.748312	15309066.925370
1983			
 0-4	4657646.509756	2345336.399738	2312310.110018
 5-9	4199158.106855	2105429.498760	2093728.608096
 10-14 	3792348.433766	1894539.953244	1897808.480523
 15-19 	3310890.797488	1662577.265766	1648313.531722
 20-24 	2863444.113477	1442860.992409	1420583.121068
 25-29 	2509251.241718	1264113.602335	1245137.639383
 30-34 	2091913.260969	1058560.458644	1033352.802325
 35-39 	1716357.683503	865905.970044	850451.713459
 40-44 	1463349.779559	728330.244690	735019.534868
 45-49 	1218034.452692	602359.001900	615675.450791
 50-54 	1005987.254938	500410.406399	505576.848539
 55-59 	788250.553356	384413.256640	403837.296715
 60-64 	603690.226436	275754.026851	327936.199584
 65-69 	438480.814043	188303.555005	250177.259038
 70-74 	279591.733093	109172.753747	170418.979346
 75-79 	161926.289116	54857.881166	107068.407950
 80+ 	113256.825201	32688.995363	80567.829839
Total	31213578.075966	15515614.262702	15697963.813264
1984			
 0-4	4724299.510921	2379320.086162	2344979.424760
 5-9	4275461.513487	2144261.794386	2131199.719101
 10-14 	3880666.331755	1941003.691393	1939662.640362
 15-19 	3402905.152421	1703257.424346	1699647.728075
 20-24 	2935218.675938	1479213.420016	1456005.255921
 25-29 	2581281.443325	1299860.923158	1281420.520167
 30-34 	2177076.192346	1101153.082097	1075923.110249
 35-39 	1772093.991129	895398.339578	876695.651550
 40-44 	1506694.169519	751303.770656	755390.398863
 45-49 	1251026.484326	617302.830683	633723.653643
 50-54 	1034115.832650	512058.684469	522057.148180
 55-59 	812227.804644	397399.335951	414828.468694
 60-64 	616306.761123	282629.850437	333676.910687
 65-69 	450727.889456	193207.702714	257520.186742
 70-74 	286740.038879	112421.711253	174318.327626
 75-79 	167224.813659	56682.293447	110542.520212
 80+ 	116304.694668	33305.952977	82998.741691
Total	31990371.300246	15899780.893723	16090590.406522
1985			
 0-4	4783483.674778	2409505.161059	2373978.513719
 5-9	4352842.416344	2183764.045239	2169078.371106
 10-14 	3957141.437667	1977013.932217	1980127.505450
 15-19 	3499530.553722	1750683.246477	1748847.307244
 20-24 	3012105.875181	1517377.049481	1494728.825700
 25-29 	2647091.758258	1331988.503831	1315103.254427
 30-34 	2259909.347155	1141503.360858	1118405.986297
 35-39 	1833764.862334	926980.348415	906784.513919
 40-44 	1548031.350964	773138.459277	774892.891688
 45-49 	1285504.917985	633164.341746	652340.576239
 50-54 	1060997.692697	522560.804121	538436.888576
 55-59 	837049.055225	409868.183010	427180.872215
 60-64 	630446.043318	290624.529848	339821.513470
 65-69 	462181.071891	197742.451255	264438.620637
 70-74 	295162.441239	116006.378543	179156.062696
 75-79 	172138.231366	58480.144286	113658.087080
 80+ 	119950.081048	34091.702566	85858.378483
Total	32757330.811171	16274492.642227	16482838.168944
1986			
 0-4	4831902.845997	2433972.176379	2397930.669618
 5-9	4428686.231468	2222274.520432	2206411.711036
 10-14 	4031998.887415	2017367.880773	2014631.006642
 15-19 	3590131.345426	1791417.741652	1798713.603775
 20-24 	3092220.047858	1554717.359056	1537502.688802
 25-29 	2705989.999421	1360326.432907	1345663.566514
 30-34 	2335038.324758	1177210.139181	1157828.185577
 35-39 	1902825.851841	961381.849673	941444.002169
 40-44 	1585146.633356	792415.351418	792731.281938
 45-49 	1321596.501167	649908.921218	671687.579949
 50-54 	1085395.126667	531438.000585	553957.126082
 55-59 	861543.910279	420735.713736	440808.196544
 60-64 	646840.950689	300025.786836	346815.163853
 65-69 	471916.388435	201625.635980	270290.752455
 70-74 	305294.679214	119959.758344	185334.920870
 75-79 	176270.371746	60150.894302	116119.477444
 80+ 	124209.877885	35038.620726	89171.257159
Total	33497007.973623	16629966.783197	16867041.190425
1987			
 0-4	4870258.438466	2453509.733021	2416748.705445
 5-9	4502675.928612	2259881.943522	2242793.985090
 10-14 	4106067.476753	2054553.477605	2051513.999148
 15-19 	3673645.726294	1831398.685066	1842247.041227
 20-24 	3177859.984834	1593785.846567	1584074.138267
 25-29 	2761991.527479	1385857.067980	1376134.459499
 30-34 	2404033.000464	1208340.196105	1195692.804359
 35-39 	1975452.051234	996134.760479	979317.290756
 40-44 	1622319.365584	810969.193690	811350.171893
 45-49 	1357945.285561	666803.548334	691141.737228
 50-54 	1108776.938390	539651.426904	569125.511486
 55-59 	885432.328160	430308.208139	455124.120021
 60-64 	664721.922325	309941.337776	354780.584549
 65-69 	481412.061994	205635.949335	275776.112659
 70-74 	316148.304625	124052.111018	192096.193607
 75-79 	180463.315436	61901.986100	118561.329336
 80+ 	128806.802251	36100.472829	92706.329422
Total	34218010.458459	16968825.944467	17249184.513992
1988			
 0-4	4895979.054400	2466817.861022	2429161.193378
 5-9	4574004.187258	2296153.239824	2277850.947434
 10-14 	4177917.245297	2090828.940744	2087088.304553
 15-19 	3754641.247119	1871279.428176	1883361.818943
 20-24 	3267836.236304	1633771.834710	1634064.401594
 25-29 	2818926.682919	1411378.747790	1407547.935129
 30-34 	2468578.114629	1236638.176011	1231939.938619
 35-39 	2050229.035520	1031105.907962	1019123.127558
 40-44 	1663495.015372	831057.610366	832437.405006
 45-49 	1394187.213370	683856.078173	710331.135197
 50-54 	1133131.340110	548488.040516	584643.299594
 55-59 	908952.886995	439055.600027	469897.286968
 60-64 	683901.880081	320062.621040	363839.259040
 65-69 	491448.276861	210224.368824	281223.908036
 70-74 	326939.309107	128008.328313	198930.980794
 75-79 	185245.742009	63849.218371	121396.523638
 80+ 	133502.439299	37233.862195	96268.577104
Total	34928915.906651	17299809.864064	17629106.042587
1989			
 0-4	4908017.704446	2473247.940187	2434769.764259
 5-9	4640246.752897	2329887.872533	2310358.880364
 10-14 	4250876.624578	2127774.238437	2123102.386141
 15-19 	3840849.141425	1916082.844254	1924766.297171
 20-24 	3357080.926213	1671829.225033	1685251.701179
 25-29 	2884171.313571	1442010.694683	1442160.618888
 30-34 	2532258.118343	1265506.885396	1266751.232947
 35-39 	2128032.361236	1067811.747493	1060220.613743
 40-44 	1713830.296611	855831.887208	857998.409403
 45-49 	1433066.473842	702925.985909	730140.487933
 50-54 	1162597.294353	560665.611134	601931.683219
 55-59 	934291.570220	448743.680894	485547.889326
 60-64 	705264.705978	330917.661643	374347.044335
 65-69 	502869.075189	215912.602073	286956.473116
 70-74 	337304.438469	131763.663724	205540.774744
 75-79 	190927.212778	66059.860323	124867.352456
 80+ 	138206.519320	38432.392172	99774.127148
Total	35659890.529470	17645404.793096	18014485.736373
1990			
 0-4	4907518.859167	2473349.810600	2434169.048567
 5-9	4698899.558944	2359781.208315	2339118.350629
 10-14 	4326526.014021	2166190.235942	2160335.778079
 15-19 	3918650.566199	1952587.418388	1966063.147810
 20-24 	3457773.470054	1721434.398565	1736339.071489
 25-29 	2963381.505664	1481003.068177	1482378.437487
 30-34 	2597547.287900	1296423.242126	1301124.045774
 35-39 	2209371.794779	1106705.008762	1102666.786017
 40-44 	1774884.754334	886628.490662	888256.263671
 45-49 	1474602.777757	724531.241098	750071.536659
 50-54 	1197369.492427	576595.309731	620774.182696
 55-59 	960882.018221	459148.821207	501733.197013
 60-64 	728552.638765	342152.559516	386400.079249
 65-69 	516023.683105	222846.925418	293176.757687
 70-74 	347303.900259	135446.380750	211857.519509
 75-79 	197557.573569	68544.974080	129012.599490
 80+ 	142944.666103	39708.344998	103236.321104
Total	36419790.561266	18013077.438336	18406713.122931
1991			
 0-4	4905051.003934	2472338.266034	2432712.737900
 5-9	4749867.655252	2385914.133687	2363953.521565
 10-14 	4404689.342346	2206065.936647	2198623.405700
 15-19 	4002265.955876	1996455.003795	2005810.952081
 20-24 	3568004.812341	1770771.903295	1797232.909046
 25-29 	3067238.680191	1528767.991920	1538470.688270
 30-34 	2677379.730535	1333208.407627	1344171.322908
 35-39 	2300545.781790	1148332.363026	1152213.418765
 40-44 	1855916.221549	925875.215621	930041.005928
 45-49 	1523129.824007	749775.257160	773354.566847
 50-54 	1244872.504059	600154.567134	644717.936925
 55-59 	995031.073347	474195.884191	520835.189156
 60-64 	758401.463202	356276.684432	402124.778771
 65-69 	534887.428400	233329.226391	301558.202009
 70-74 	357932.306454	139962.543693	217969.762761
 75-79 	205983.092860	71710.189971	134272.902889
 80+ 	147795.709722	41189.052014	106606.657708
Total	37298992.585866	18434322.626637	18864669.959229
1992			
 0-4	4906391.126165	2473253.120978	2433138.005187
 5-9	4788324.072657	2405674.079935	2382649.992723
 10-14 	4482305.565075	2245686.794612	2236618.770463
 15-19 	4090398.128838	2039352.920589	2051045.208249
 20-24 	3682319.306612	1824653.181823	1857666.124790
 25-29 	3190974.776089	1586193.420636	1604781.355454
 30-34 	2768680.243195	1375680.783249	1392999.459946
 35-39 	2397347.574960	1192208.279979	1205139.294981
 40-44 	1950396.184355	970661.605892	979734.578463
 45-49 	1580385.456860	778745.507228	801639.949631
 50-54 	1300830.232494	628279.035600	672551.196895
 55-59 	1035168.155756	492513.951031	542654.204725
 60-64 	792223.854851	371896.506943	420327.347908
 65-69 	557219.549146	245606.115404	311613.433743
 70-74 	369394.634532	145235.159459	224159.475073
 75-79 	215199.040676	75186.448781	140012.591895
 80+ 	152948.337005	42844.292976	110104.044029
Total	38260506.239267	18893671.205115	19366835.034152
1993			
 0-4	4914864.372368	2477781.261213	2437083.111155
 5-9	4813067.750050	2418464.798795	2394602.951255
 10-14 	4557674.148196	2284153.311536	2273520.836661
 15-19 	4180181.774211	2082721.795120	2097459.979091
 20-24 	3801767.899645	1881711.549541	1920056.350105
 25-29 	3327968.130855	1649025.827301	1678942.303554
 30-34 	2869684.031110	1423025.377839	1446658.653271
 35-39 	2497266.222979	1237281.794286	1259984.428693
 40-44 	2054701.803467	1018585.990888	1036115.812579
 45-49 	1647978.616715	811055.753980	836922.862735
 50-54 	1362430.037868	658471.220384	703958.817484
 55-59 	1081139.842803	513301.095405	567838.747398
 60-64 	828906.226362	388201.883080	440704.343282
 65-69 	582104.117224	258821.948624	323282.168600
 70-74 	381889.778600	151313.737120	230576.041480
 75-79 	224570.173899	78731.134624	145839.039275
 80+ 	158529.823746	44672.599924	113857.223823
Total	39284724.750099	19377321.079659	19907403.670440
1994			
 0-4	4922909.502534	2482160.563186	2440748.939348
 5-9	4825658.678183	2425053.893011	2400604.785172
 10-14 	4627179.352338	2319566.938888	2307612.413450
 15-19 	4271855.493150	2126812.811070	2145042.682080
 20-24 	3925254.389884	1943784.188055	1981470.201829
 25-29 	3457747.200607	1708526.969271	1749220.231336
 30-34 	2971420.294932	1472622.154795	1498798.140137
 35-39 	2593207.254112	1280335.595935	1312871.658177
 40-44 	2164798.002337	1066487.394248	1098310.608089
 45-49 	1728488.253217	846050.373663	882437.879554
 50-54 	1429386.868606	688728.042037	740658.826569
 55-59 	1133584.908914	535754.229283	597830.679631
 60-64 	867461.956776	404169.629453	463292.327323
 65-69 	608106.465604	271769.187056	336337.278549
 70-74 	394586.204487	157736.662743	236849.541744
 75-79 	233031.047369	81959.579270	151071.468099
 80+ 	163891.581755	46517.325473	117374.256282
Total	40318567.454806	19858035.537438	20460531.917369
1995			
 0-4	4923359.709811	2482855.628934	2440504.080878
 5-9	4825489.213320	2425083.368843	2400405.844478
 10-14 	4687864.778506	2350330.146265	2337534.632241
 15-19 	4363889.287316	2171344.409563	2192544.877753
 20-24 	4031220.077411	1995069.644337	2036150.433074
 25-29 	3577082.944171	1772502.362270	1804580.581902
 30-34 	3062885.290471	1521439.204423	1541446.086049
 35-39 	2676648.103275	1317565.922181	1359082.181094
 40-44 	2276263.983261	1111355.191856	1164908.791405
 45-49 	1823499.249428	883055.936811	940443.312617
 50-54 	1502830.936401	718019.624326	784811.312075
 55-59 	1193593.743835	559427.819977	634165.923858
 60-64 	907732.192725	419211.722086	488520.470640
 65-69 	634349.955924	283591.812246	350758.143678
 70-74 	406585.905034	163916.097729	242669.807306
 75-79 	239721.672110	84606.914080	155114.758030
 80+ 	168031.214270	48204.237113	119826.977157
Total	41301048.257271	20307580.043038	20993468.214233
1996			
 0-4	4905631.201302	2473819.834401	2431811.366901
 5-9	4810658.950325	2416915.228301	2393743.722024
 10-14 	4736274.099403	2374234.193400	2362039.906003
 15-19 	4450802.310839	2213422.449121	2237379.861718
 20-24 	4123258.795025	2046092.691463	2077166.103562
 25-29 	3665786.430765	1823728.386034	1842058.044731
 30-34 	3133435.497341	1564245.275713	1569190.221628
 35-39 	2738345.449966	1346624.608060	1391720.841907
 40-44 	2373513.397014	1148137.871885	1225375.525129
 45-49 	1924190.474092	919744.466807	1004446.007284
 50-54 	1571324.831437	741656.772086	829668.059351
 55-59 	1255057.588666	581831.199803	673226.388863
 60-64 	946254.406084	432003.890964	514250.515120
 65-69 	659656.955471	293395.244510	366261.710960
 70-74 	417711.714693	169826.550174	247885.164519
 75-79 	243242.242240	86368.078354	156874.163887
 80+ 	169891.264135	49548.698229	120342.565906
Total	42125035.608800	20681595.439306	21443440.169494
1997			
 0-4	4877146.779448	2459366.355689	2417780.423759
 5-9	4786408.786106	2403824.636390	2382584.149717
 10-14 	4769608.046702	2390063.978126	2379544.068576
 15-19 	4532443.997403	2253583.727707	2278860.269696
 20-24 	4203879.871138	2090765.755318	2113114.115820
 25-29 	3726500.367208	1869200.459350	1857299.907858
 30-34 	3184227.597056	1603017.620612	1581209.976445
 35-39 	2779194.430375	1367866.596602	1411327.833772
 40-44 	2457148.913982	1177191.086855	1279957.827127
 45-49 	2029339.625145	955671.773988	1073667.851157
 50-54 	1643244.552824	763897.956278	879346.596546
 55-59 	1320482.544280	604224.750667	716257.793613
 60-64 	986460.816844	444405.791125	542055.025719
 65-69 	684852.201671	301862.392227	382989.809445
 70-74 	428394.015229	175200.769828	253193.245401
 75-79 	245199.025502	87699.084644	157499.940858
 80+ 	170228.606213	50612.664049	119615.942164
Total	42824760.177126	20998455.399454	21826304.777672
1998			
 0-4	4847773.907177	2444472.440982	2403301.466195
 5-9	4755553.047693	2387461.811141	2368091.236552
 10-14 	4786673.778508	2397400.621147	2389273.157361
 15-19 	4607608.372358	2291231.225965	2316377.146393
 20-24 	4274589.146696	2131365.305724	2143223.840971
 25-29 	3772133.503535	1909773.025513	1862360.478023
 30-34 	3220715.220251	1637512.016091	1583203.204160
 35-39 	2802185.709852	1383902.155852	1418283.554001
 40-44 	2522306.495467	1198605.813910	1323700.681556
 45-49 	2130338.151291	988920.427322	1141417.723969
 50-54 	1716571.581881	785471.360298	931100.221583
 55-59 	1386001.124128	625607.170716	760393.953412
 60-64 	1028821.752027	457053.119798	571768.632229
 65-69 	710816.290724	309705.510909	401110.779816
 70-74 	439926.724840	180390.458102	259536.266738
 75-79 	247224.885080	89131.049781	158093.835299
 80+ 	170329.021304	51616.883941	118712.137363
Total	43419568.712812	21269620.397192	22149948.315620
1999			
 0-4	4826787.837664	2433735.682310	2393052.155354
 5-9	4722089.064418	2370172.803523	2351916.260895
 10-14 	4791668.390676	2398667.640253	2393000.750423
 15-19 	4675787.217845	2325693.661718	2350093.556128
 20-24 	4344755.518758	2170069.284804	2174686.233954
 25-29 	3821206.714913	1950468.527449	1870738.187464
 30-34 	3247525.190431	1664784.636615	1582740.553815
 35-39 	2816199.555013	1398861.171580	1417338.383433
 40-44 	2566208.368514	1213369.304390	1352839.064124
 45-49 	2218041.602391	1017721.589102	1200320.013289
 50-54 	1786924.144028	806413.123785	980511.020243
 55-59 	1446934.145137	645073.994801	801860.150336
 60-64 	1072892.990573	470426.181602	602466.808971
 65-69 	738763.957589	317789.541028	420974.416561
 70-74 	454939.078749	186276.626586	268662.452162
 75-79 	252623.270743	91709.696834	160913.573909
 80+ 	172424.437009	53020.085618	119404.351392
Total	43955771.484451	21514253.551998	22441517.932453
2000			
 0-4	4822458.955467	2431344.693808	2391114.261659
 5-9	4689785.649787	2354036.004525	2335749.645262
 10-14 	4787389.858617	2395517.982632	2391871.875985
 15-19 	4737270.238293	2356713.910613	2380556.327680
 20-24 	4421067.893026	2209154.328190	2211913.564835
 25-29 	3869379.229838	1979499.547623	1889879.682215
 30-34 	3284649.187082	1697524.017752	1587125.169330
 35-39 	2830344.716316	1416356.605825	1413988.110491
 40-44 	2589292.366706	1222934.529261	1366357.837445
 45-49 	2286863.214098	1041116.334979	1245746.879119
 50-54 	1850162.035820	826319.857174	1023842.178646
 55-59 	1499480.898538	661930.286263	837550.612275
 60-64 	1117464.507224	484535.880569	632928.626655
 65-69 	769097.323364	326498.840897	442598.482467
 70-74 	475453.800863	193522.628782	281931.172081
 75-79 	263795.804087	95963.270869	167832.533218
 80+ 	178722.789999	55379.797940	123342.992058
Total	44472678.469125	21748348.517702	22724329.951423
2001			
 0-4	4840628.821469	2440684.243658	2399944.577811
 5-9	4663280.481218	2341562.396473	2321718.084745
 10-14 	4778143.716435	2390468.615771	2387675.100663
 15-19 	4794635.108756	2385882.143259	2408752.965496
 20-24 	4507393.406633	2251836.737300	2255556.669333
 25-29 	3933935.929413	2014540.838189	1919395.091224
 30-34 	3328014.692149	1724159.747545	1603854.944604
 35-39 	2849462.698582	1435537.193187	1413925.505395
 40-44 	2597076.358607	1229684.096615	1367392.261992
 45-49 	2335539.773223	1058462.038340	1277077.734884
 50-54 	1909437.996388	846944.231284	1062493.765105
 55-59 	1542575.161346	675872.978485	866702.182861
 60-64 	1162963.025774	499846.611117	663116.414657
 65-69 	801094.738340	335722.805088	465371.933252
 70-74 	501466.794143	201977.681291	299489.112852
 75-79 	281770.224255	102447.661003	179322.563252
 80+ 	190474.075827	59001.724204	131472.351623
Total	45017893.002558	21994631.742808	23023261.259750
2002			
 0-4	4874663.723826	2457860.484788	2416803.239038
 5-9	4646571.035309	2334209.386152	2312361.649157
 10-14 	4765733.824506	2384441.452036	2381292.372470
 15-19 	4841498.984158	2409242.448393	2432256.535764
 20-24 	4598711.188941	2295426.716520	2303284.472421
 25-29 	4011585.769151	2048140.458491	1963445.310660
 30-34 	3375508.092195	1750153.561820	1625354.530376
 35-39 	2874809.602915	1457877.556879	1416932.046036
 40-44 	2591499.707112	1234590.563263	1356909.143849
 45-49 	2362385.532548	1069600.644094	1292784.888454
 50-54 	1958052.741543	865425.903884	1092626.837658
 55-59 	1576723.055248	687223.598400	889499.456849
 60-64 	1206425.982336	515144.907353	691281.074983
 65-69 	833981.815072	345384.951799	488596.863273
 70-74 	531239.197591	211247.161816	319992.035775
 75-79 	304281.607679	110115.108729	194166.498951
 80+ 	207473.315797	63892.191982	143581.123815
Total	45561145.175929	22239977.096399	23321168.079530
2003			
 0-4	4915910.751549	2478526.106197	2437384.645352
 5-9	4642478.536352	2333184.852375	2309293.683978
 10-14 	4749146.577448	2376851.012257	2372295.565190
 15-19 	4873605.854898	2424865.082572	2448740.772325
 20-24 	4689425.144020	2338760.811278	2350664.332742
 25-29 	4095759.184119	2083260.374154	2012498.809966
 30-34 	3426391.035050	1775476.765982	1650914.269067
 35-39 	2902557.945901	1479861.273777	1422696.672124
 40-44 	2578430.595844	1238513.659744	1339916.936099
 45-49 	2372830.462611	1075694.506240	1297135.956371
 50-54 	1998548.163807	881653.820362	1116894.343445
 55-59 	1606324.845326	697156.835795	909168.009531
 60-64 	1246432.082254	529385.158263	717046.923991
 65-69 	866677.193263	355110.100834	511567.092429
 70-74 	561664.206544	220394.322670	341269.883873
 75-79 	327866.898410	117853.508565	210013.389846
 80+ 	228719.951691	69821.855679	158898.096012
Total	46082769.429085	22476370.046744	23606399.382341
2004			
 0-4	4958840.871334	2499942.579279	2458898.292055
 5-9	4658670.369582	2342086.443609	2316583.925974
 10-14 	4728042.218273	2367456.579680	2360585.638593
 15-19 	4889773.940960	2432433.399941	2457340.541019
 20-24 	4773204.031831	2379476.157313	2393727.874517
 25-29 	4187756.999016	2122842.987330	2064914.011686
 30-34 	3486770.753492	1805622.008404	1681148.745088
 35-39 	2926705.349262	1496523.726351	1430181.622912
 40-44 	2566402.158992	1243328.581618	1323073.577374
 45-49 	2375060.036922	1078835.659105	1296224.377817
 50-54 	2036525.558149	896492.717175	1140032.840974
 55-59 	1636940.522536	707187.879555	929752.642981
 60-64 	1283384.005260	542080.643352	741303.361908
 65-69 	899007.173611	364721.912644	534285.260967
 70-74 	590520.235153	228710.410034	361809.825119
 75-79 	350445.764013	125039.477642	225406.286371
 80+ 	253696.245070	76792.174015	176904.071055
Total	46601746.233458	22709573.337047	23892172.896410
2005			
 0-4	4997161.857844	2518956.327726	2478205.530118
 5-9	4699599.967944	2363147.206522	2336452.761423
 10-14 	4704091.865702	2356954.970623	2347136.895080
 15-19 	4889051.692522	2431702.283162	2457349.409360
 20-24 	4845940.745873	2415086.795792	2430853.950081
 25-29 	4288441.279562	2168087.271719	2120354.007843
 30-34 	3545702.029487	1830198.401482	1715503.628005
 35-39 	2954879.591094	1517517.818524	1437361.772570
 40-44 	2557469.587339	1249322.454864	1308147.132474
 45-49 	2370154.515852	1079349.827236	1290804.688616
 50-54 	2071725.892421	909599.591899	1162126.300522
 55-59 	1669311.113393	717731.064343	951580.049050
 60-64 	1316379.155576	552720.243474	763658.912101
 65-69 	930825.645991	374116.006141	556709.639850
 70-74 	616831.583544	235854.298324	380977.285220
 75-79 	371957.181752	131743.037212	240214.144540
 80+ 	282315.869138	84892.380155	197423.488984
Total	47111839.575033	22936979.979197	24174859.595836
2006			
 0-4	5031925.330548	2536542.618752	2495382.711796
 5-9	4765533.762687	2396675.871529	2368857.891158
 10-14 	4681321.390473	2347095.180074	2334226.210399
 15-19 	4874978.077424	2424620.028812	2450358.048612
 20-24 	4906794.867178	2444658.064707	2462136.802470
 25-29 	4396771.295002	2218614.831968	2178156.463034
 30-34 	3617927.777626	1865035.322632	1752892.454994
 35-39 	2982321.500175	1532670.574259	1449650.925916
 40-44 	2554763.373465	1255455.636927	1299307.736538
 45-49 	2362100.364250	1078496.771811	1283603.592438
 50-54 	2104643.678276	920526.369325	1184117.308951
 55-59 	1707769.042487	730419.430444	977349.612044
 60-64 	1345260.222992	560892.330220	784367.892772
 65-69 	963752.349271	383879.739229	579872.610042
 70-74 	640778.879263	241976.275983	398802.603280
 75-79 	393526.837454	138268.189711	255258.647743
 80+ 	314936.995097	94256.617173	220680.377924
Total	47645105.743670	23170083.853557	24475021.890113
2007			
 0-4	5053135.592757	2547636.550013	2505499.042744
 5-9	4861045.508889	2444933.662025	2416111.846864
 10-14 	4663621.790105	2339675.533585	2323946.256519
 15-19 	4849405.331385	2412326.205968	2437079.125417
 20-24 	4949314.696313	2464726.001569	2484588.694744
 25-29 	4508048.815422	2271782.577739	2236266.237683
 30-34 	3703903.601180	1904117.767915	1799785.833265
 35-39 	3010747.224233	1549269.576861	1461477.647372
 40-44 	2559492.067269	1264559.975260	1294932.092008
 45-49 	2352388.053907	1077542.299584	1274845.754323
 50-54 	2134318.479077	929595.709491	1204722.769586
 55-59 	1749064.057504	744087.843724	1004976.213779
 60-64 	1372536.616384	567934.803970	804601.812413
 65-69 	997070.619972	393745.807195	603324.812778
 70-74 	662418.522878	247218.414726	415200.108152
 75-79 	413965.231281	144318.582454	269646.648827
 80+ 	348692.128999	103907.113934	244785.015064
Total	48189168.337553	23407378.426016	24781789.911538
2008			
 0-4	5082989.959175	2563450.791425	2519539.167750
 5-9	4955292.721534	2492412.740867	2462879.980668
 10-14 	4661247.672453	2339782.911471	2321464.760982
 15-19 	4815881.062085	2396633.702042	2419247.360043
 20-24 	4970737.684863	2473966.177226	2496771.507637
 25-29 	4614255.293570	2323453.570054	2290801.723516
 30-34 	3796962.214132	1947521.314547	1849440.899585
 35-39 	3041883.897115	1567588.769392	1474295.127723
 40-44 	2566797.588672	1274288.404784	1292509.183888
 45-49 	2338121.168782	1076086.621237	1262034.547545
 50-54 	2156157.513808	935909.843493	1220247.670314
 55-59 	1790238.766469	757780.051970	1032458.714499
 60-64 	1399351.660579	574772.805986	824578.854594
 65-69 	1029852.491927	403433.931663	626418.560265
 70-74 	682916.707206	252105.998898	430810.708309
 75-79 	433068.708224	149784.865344	283283.842880
 80+ 	381119.247134	112966.164390	268153.082744
Total	48716874.357730	23641938.664790	25074935.692940
2009			
 0-4	5099242.124058	2572684.799271	2526557.324787
 5-9	5035676.658521	2532842.790688	2502833.867833
 10-14 	4682350.112586	2351330.346150	2331019.766437
 15-19 	4777890.279544	2379235.616869	2398654.662675
 20-24 	4970415.211225	2472296.333497	2498118.877728
 25-29 	4704514.218095	2367892.758048	2336621.460047
 30-34 	3895588.017387	1994592.086912	1900995.930475
 35-39 	3082983.834782	1592653.346891	1490330.487891
 40-44 	2569941.742426	1281433.815103	1288507.927323
 45-49 	2319194.060339	1075116.678750	1244077.381589
 50-54 	2167017.923149	939387.932844	1227629.990305
 55-59 	1829073.159205	770966.220524	1058106.938681
 60-64 	1426972.627549	582413.880166	844558.747383
 65-69 	1061308.804863	412754.256775	648554.548087
 70-74 	703246.463800	256995.743726	446250.720073
 75-79 	449784.343387	154167.777105	295616.566282
 80+ 	408692.175405	120252.919118	288439.256287
Total	49183891.756321	23857017.302438	25326874.453884
2010			
 0-4	5105894.248018	2576776.588435	2529117.659583
 5-9	5086826.143031	2558447.141827	2528379.001204
 10-14 	4729315.715466	2375489.183852	2353826.531614
 15-19 	4738576.196143	2361521.375604	2377054.820539
 20-24 	4947131.432496	2459424.124885	2487707.307612
 25-29 	4772072.299649	2400769.591886	2371302.707763
 30-34 	4000237.227682	2044846.883293	1955390.344388
 35-39 	3130236.841960	1616879.431127	1513357.410833
 40-44 	2580454.266243	1296644.864091	1283809.402152
 45-49 	2300094.073278	1077227.217642	1222866.855636
 50-54 	2165391.433627	940378.342573	1225013.091055
 55-59 	1864880.476244	783534.777261	1081345.698982
 60-64 	1456581.256759	591643.739766	864937.516993
 65-69 	1090836.473846	421564.966168	669271.507678
 70-74 	724304.078680	262103.526567	462200.552113
 75-79 	463003.863706	156871.099380	306132.764326
 80+ 	428218.594933	124797.624854	303420.970079
Total	49584054.621760	24048920.479210	25535134.142550
2011			
 0-4	5089715.014443	2569834.103070	2519880.911373
 5-9	5102580.423342	2566611.741633	2535968.681709
 10-14 	4797904.268582	2410394.597445	2387509.671137
 15-19 	4699505.756271	2344288.393558	2355217.362713
 20-24 	4898807.188225	2435019.877807	2463787.310417
 25-29 	4813113.766711	2418624.324070	2394489.442641
 30-34 	4114494.054792	2097771.679473	2016722.375319
 35-39 	3209041.527347	1657788.443727	1551253.083620
 40-44 	2603379.176782	1315512.990623	1287866.186159
 45-49 	2287994.749718	1085425.846984	1202568.902734
 50-54 	2154183.628327	942100.301220	1212083.327106
 55-59 	1896591.277710	795756.724222	1100834.553488
 60-64 	1491661.103429	604341.306146	887319.797282
 65-69 	1117657.000364	429592.743943	688064.256422
 70-74 	746425.338884	267574.099304	478851.239580
 75-79 	470313.367722	157208.843529	313104.524193
 80+ 	434786.719325	125338.875202	309447.844123
Total	49928154.361973	24223184.891956	25704969.470017
2012			
 0-4	5082984.614831	2566951.369129	2516033.245702
 5-9	5087823.480644	2559412.977669	2528410.502975
 10-14 	4891648.968972	2457736.417672	2433912.551301
 15-19 	4667800.394422	2330523.865910	2337276.528512
 20-24 	4842622.486305	2407392.347779	2435230.138527
 25-29 	4837525.855633	2425529.107806	2411996.747826
 30-34 	4236769.044399	2152776.497094	2083992.547305
 35-39 	3320838.535910	1710313.232242	1610525.303669
 40-44 	2648247.991206	1344953.397022	1303294.594184
 45-49 	2296020.736531	1102694.440036	1193326.296495
 50-54 	2142723.171997	945941.809836	1196781.362161
 55-59 	1925620.883580	807269.485429	1118351.398151
 60-64 	1531262.950537	619080.944393	912182.006145
 65-69 	1144069.034750	437690.240730	706378.794020
 70-74 	772598.999937	274721.246311	497877.753626
 75-79 	478477.525650	157549.761423	320927.764227
 80+ 	441139.084056	125524.155679	315614.928377
Total	50348173.759360	24426061.296159	25922112.463201
2013			
 0-4	5062878.562579	2557118.523201	2505760.039377
 5-9	5085781.632866	2558884.330946	2526897.301920
 10-14 	4975839.096371	2500104.803340	2475734.293032
 15-19 	4652723.954287	2325295.449769	2327428.504517
 20-24 	4779097.561944	2377389.195985	2401708.365959
 25-29 	4829810.085969	2417179.880037	2412630.205932
 30-34 	4345464.062867	2201796.803528	2143667.259339
 35-39 	3440495.613100	1767057.217542	1673438.395558
 40-44 	2702905.580294	1379253.661698	1323651.918596
 45-49 	2310471.271114	1122577.194524	1187894.076589
 50-54 	2126518.709541	950020.549879	1176498.159661
 55-59 	1946115.590540	816487.751279	1129627.839261
 60-64 	1571074.024821	634246.063484	936827.961338
 65-69 	1169838.917210	445829.307345	724009.609865
 70-74 	800298.783366	282630.084750	517668.698616
 75-79 	487873.312171	158217.700272	329655.611899
 80+ 	447652.911845	125573.718561	322079.193284
Total	50734839.670884	24619662.236141	26115177.434744
2014			
 0-4	5055159.735771	2553629.696367	2501530.039404
 5-9	5062618.239860	2547727.350410	2514890.889450
 10-14 	5044147.657503	2534479.934066	2509667.723437
 15-19 	4663749.445650	2332717.260902	2331032.184748
 20-24 	4719154.873849	2350043.772596	2369111.101253
 25-29 	4797134.355746	2399328.946823	2397805.408923
 30-34 	4434250.144990	2244015.212101	2190234.932888
 35-39 	3565983.620924	1829680.819290	1736302.801634
 40-44 	2775640.491915	1425225.279762	1350415.212153
 45-49 	2327619.235364	1144120.342972	1183498.892391
 50-54 	2111923.807801	958192.081733	1153731.726068
 55-59 	1958272.291727	824795.879180	1133476.412547
 60-64 	1609835.547548	649766.534504	960069.013044
 65-69 	1196744.062050	454994.241097	741749.820953
 70-74 	828220.074248	291031.928169	537188.146079
 75-79 	499474.640422	159880.803864	339593.836558
 80+ 	454880.868070	125797.310400	329083.557671
Total	51104809.093439	24825427.394238	26279381.699201
2015			
 0-4	5039294.717887	2546031.274774	2493263.443113
 5-9	5038262.232572	2536081.182371	2502181.050200
 10-14 	5083822.232704	2554487.584352	2529334.648353
 15-19 	4702874.149658	2353581.334479	2349292.815179
 20-24 	4668155.559339	2326905.325998	2341250.233341
 25-29 	4756552.841085	2377857.532830	2378695.308255
 30-34 	4512313.072715	2279075.959854	2233237.112860
 35-39 	3706695.205484	1896316.440775	1810378.764709
 40-44 	2865479.262978	1471857.299906	1393621.963072
 45-49 	2363831.442610	1174982.450953	1188848.991657
 50-54 	2107269.381630	970456.055762	1136813.325869
 55-59 	1964792.070020	831770.082534	1133021.987487
 60-64 	1648806.913035	665015.045792	983791.867243
 65-69 	1227112.628204	465503.438748	761609.189456
 70-74 	855819.134658	299347.632506	556471.502152
 75-79 	514363.923016	162763.672934	351600.250082
 80+ 	462905.249210	126114.639187	336790.610023
Total	51518350.016806	25038146.953755	26480203.063051
2016			
 0-4	4983204.948334	2515598.957115	2467605.991219
 5-9	5012650.057259	2522887.185925	2489762.871334
 10-14 	5094599.249529	2559428.578127	2535170.671402
 15-19 	4761861.888000	2383405.856364	2378456.031636
 20-24 	4619901.941046	2303873.291686	2316028.649360
 25-29 	4706451.022900	2348616.447340	2357834.575560
 30-34 	4564484.225240	2298499.125279	2265985.099960
 35-39 	3841175.179360	1957223.538018	1883951.641341
 40-44 	2963504.433157	1522774.032980	1440730.400177
 45-49 	2396271.689645	1197475.783710	1198795.905935
 50-54 	2095059.013028	977200.115900	1117858.897128
 55-59 	1945265.898599	829613.648556	1115652.250043
 60-64 	1666670.027102	671762.861850	994907.165251
 65-69 	1248968.684911	473114.489925	775854.194986
 70-74 	871783.237186	303762.208940	568021.028246
 75-79 	527517.341720	165401.407758	362115.933962
 80+ 	466851.279773	125311.209127	341540.070646
Total	51766220.116788	25155948.738602	26610271.378186
2017			
 0-4	4953365.207985	2501042.569991	2452322.637994
 5-9	5003638.053907	2519022.868914	2484615.184993
 10-14 	5075958.244019	2550354.857902	2525603.386117
 15-19 	4848812.978587	2428029.444414	2420783.534174
 20-24 	4582207.380248	2288154.805476	2294052.574772
 25-29 	4648811.410637	2320123.307670	2328688.102967
 30-34 	4590635.807564	2307545.199556	2283090.608008
 35-39 	3971680.120972	2018403.207838	1953276.913135
 40-44 	3083654.724947	1582825.641505	1500829.083442
 45-49 	2447468.646617	1232308.013394	1215160.633224
 50-54 	2107176.609848	996937.600349	1110239.009499
 55-59 	1938139.300375	835359.344263	1102779.956112
 60-64 	1695011.669597	683342.184069	1011669.485528
 65-69 	1284840.386875	486292.345309	798548.041566
 70-74 	894675.493438	310683.295517	583992.197921
 75-79 	548283.177581	170647.891698	377635.285883
 80+ 	476274.461248	125919.754240	350354.707008
Total	52150633.674446	25356992.332104	26793641.342343
2018			
 0-4	4925447.442721	2487469.100445	2437978.342276
 5-9	4978664.208229	2507040.674063	2471623.534167
 10-14 	5072633.667602	2549286.488804	2523347.178798
 15-19 	4929484.045624	2468718.009326	2460766.036299
 20-24 	4572773.599717	2285193.028756	2287580.570961
 25-29 	4599635.352266	2296201.036054	2303434.316212
 30-34 	4598824.323549	2307679.268285	2291145.055265
 35-39 	4094210.156668	2075519.939773	2018690.216895
 40-44 	3216064.896566	1647649.625629	1568415.270937
 45-49 	2512315.903164	1272581.621933	1239734.281231
 50-54 	2129265.901518	1020336.155947	1108929.745571
 55-59 	1929778.108739	842441.655477	1087336.453262
 60-64 	1717802.287481	693584.046862	1024218.240619
 65-69 	1322008.307770	500147.627767	821860.680003
 70-74 	917953.896168	317899.151968	600054.744200
 75-79 	570623.643059	176565.331957	394058.311102
 80+ 	487213.585279	126947.907030	360265.678249
Total	52574699.326120	25575260.670075	26999438.656045
2019			
 0-4	4900370.371281	2475319.469456	2425050.901825
 5-9	4970482.628079	2503626.675918	2466855.952161
 10-14 	5051417.990740	2539292.223838	2512125.766902
 15-19 	4997537.813046	2502997.777977	2494540.035068
 20-24 	4592542.463983	2295992.206268	2296550.257714
 25-29 	4556264.987444	2275788.125100	2280476.862344
 30-34 	4589568.655436	2299734.996271	2289833.659165
 35-39 	4201366.438433	2125212.546554	2076153.891879
 40-44 	3356338.050533	1715384.742390	1640953.308143
 45-49 	2594644.643842	1320869.256299	1273775.387544
 50-54 	2155441.292036	1043685.352042	1111755.939994
 55-59 	1923249.090895	851880.777439	1071368.313456
 60-64 	1733691.396125	702397.193754	1031294.202371
 65-69 	1358913.742311	514015.759235	844897.983076
 70-74 	942654.524668	325812.427097	616842.097571
 75-79 	593257.725152	182706.247774	410551.477378
 80+ 	500128.461299	128561.018116	371567.443183
Total	53017870.275304	25803276.795531	27214593.479773
2020			
 0-4	4876036.252425	2463541.021133	2412495.231292
 5-9	4956240.481094	2497169.273700	2459071.207394
 10-14 	5031267.168981	2529903.806182	2501363.362799
 15-19 	5039680.156190	2524039.770686	2515640.385504
 20-24 	4639740.439798	2320394.298462	2319346.141337
 25-29 	4519505.086021	2259109.501864	2260395.584157
 30-34 	4565996.611940	2285615.342660	2280381.269280
 35-39 	4288526.860134	2165045.104449	2123481.755684
 40-44 	3499596.854241	1784047.210283	1715549.643957
 45-49 	2685310.453599	1368579.477339	1316730.976260
 50-54 	2193550.747574	1074711.140549	1118839.607025
 55-59 	1922188.527189	864878.921042	1057309.606147
 60-64 	1741970.564499	709882.482427	1032088.082072
 65-69 	1394558.077251	527505.683691	867052.393561
 70-74 	969419.613557	334663.883447	634755.730110
 75-79 	615173.493666	188736.983952	426436.509715
 80+ 	515342.247704	130862.376292	384479.871413
Total	53454103.635864	26028686.278156	27425417.357708
2021			
 0-4	4855378.377286	2453620.058141	2401758.319145
 5-9	4937636.980582	2488433.433258	2449203.547324
 10-14 	5020063.354320	2525155.985799	2494907.368521
 15-19 	5056610.954524	2532724.110748	2523886.843777
 20-24 	4711019.183283	2356442.278471	2354576.904811
 25-29 	4492218.709393	2247242.132028	2244976.577365
 30-34 	4534863.515507	2268760.133851	2266103.381657
 35-39 	4354171.924973	2194346.354718	2159825.570255
 40-44 	3641149.401606	1851535.295280	1789614.106326
 45-49 	2791461.486186	1425526.645355	1365934.840831
 50-54 	2238463.313163	1105467.857413	1132995.455750
 55-59 	1927901.860804	880541.525223	1047360.335581
 60-64 	1743215.754409	716566.170224	1026649.584184
 65-69 	1426599.718837	539765.633382	886834.085455
 70-74 	999752.488087	345007.551217	654744.936870
 75-79 	635320.257662	194292.635527	441027.622135
 80+ 	533084.288114	133943.321717	399140.966397
Total	53898911.568736	26259371.122352	27639540.446384
2022			
 0-4	4836241.586152	2444452.639087	2391788.947065
 5-9	4915932.048567	2478178.228443	2437753.820124
 10-14 	5016225.566179	2524000.444245	2492225.121935
 15-19 	5042961.445849	2526201.817389	2516759.628460
 20-24 	4806302.812368	2404227.579893	2402075.232475
 25-29 	4477952.456001	2241937.542246	2236014.913755
 30-34 	4500925.700284	2251729.234980	2249196.465305
 35-39 	4396024.889783	2212010.767171	2184014.122612
 40-44 	3775686.002358	1915534.964230	1860151.038128
 45-49 	2911454.810761	1485824.701625	1425630.109136
 50-54 	2290361.946230	1140042.069082	1150319.877148
 55-59 	1942428.133616	900457.068770	1041971.064845
 60-64 	1739786.584553	723310.478874	1016476.105679
 65-69 	1454251.977006	550774.769316	903477.207690
 70-74 	1031836.363350	356156.302231	675680.061119
 75-79 	654663.804334	199693.477418	454970.326916
 80+ 	552953.076380	137675.482565	415277.593816
Total	54345989.203770	26492207.567562	27853781.636208
2023			
 0-4	4819383.120725	2436423.358408	2382959.762317
 5-9	4893450.497816	2467535.934970	2425914.562846
 10-14 	4995700.782580	2514303.247196	2481397.535384
 15-19 	5041567.447336	2526230.036252	2515337.411083
 20-24 	4893832.429311	2448049.530321	2445782.898989
 25-29 	4482718.881895	2245791.045565	2236927.836330
 30-34 	4466628.278744	2235506.548360	2231121.730384
 35-39 	4413816.802611	2217952.210703	2195864.591908
 40-44 	3898306.138362	1973705.648578	1924600.489784
 45-49 	3040481.703301	1549354.058883	1491127.644418
 50-54 	2353306.538516	1178985.724159	1174320.814357
 55-59 	1964802.309030	923130.873117	1041671.435913
 60-64 	1734136.377539	730865.056773	1003271.320767
 65-69 	1476395.465987	560462.383798	915933.082188
 70-74 	1064532.753331	367644.721407	696888.031924
 75-79 	674152.347051	205266.306719	468886.040331
 80+ 	574299.121451	141850.869684	432448.251767
Total	54787510.995585	26723057.554893	28064453.440692
2024			
 0-4	4805091.922331	2429682.374700	2375409.547631
 5-9	4872166.213743	2457479.932189	2414686.281555
 10-14 	4989839.548396	2512085.792905	2477753.755491
 15-19 	5018505.896242	2515436.130106	2503069.766135
 20-24 	4968354.343125	2485516.059805	2482838.283320
 25-29 	4511765.370960	2261326.358326	2250439.012635
 30-34 	4433673.242632	2220683.860412	2212989.382220
 35-39 	4411657.970295	2214522.152295	2197135.818000
 40-44 	4004141.664937	2023716.476252	1980425.188684
 45-49 	3175863.175287	1615064.843038	1560798.332249
 50-54 	2431778.058287	1224945.056802	1206833.001485
 55-59 	1990345.671387	945458.956053	1044886.715334
 60-64 	1729623.468957	740303.698493	989319.770464
 65-69 	1492145.282694	568862.902670	923282.380024
 70-74 	1096794.083914	379050.093885	717743.990030
 75-79 	694693.837932	211310.833492	483383.004440
 80+ 	596534.937066	146292.588547	450242.348519
Total	55222974.688186	26951738.109972	28271236.578214
2025			
 0-4	4793199.040650	2424140.582820	2369058.457830
 5-9	4852221.077884	2448113.221827	2404107.856057
 10-14 	4977882.691461	2506798.029359	2471084.662102
 15-19 	5001182.610262	2507543.749154	2493638.861108
 20-24 	5019689.698118	2511325.097428	2508364.600690
 25-29 	4565230.506067	2288965.159814	2276265.346253
 30-34 	4404529.297396	2208162.559027	2196366.738369
 35-39 	4394076.508503	2204243.866695	2189832.641808
 40-44 	4089898.774657	2063796.812356	2026101.962301
 45-49 	3313584.591222	1681419.848727	1632164.742495
 50-54 	2517860.478167	1270263.070705	1247597.407462
 55-59 	2026513.588511	974631.265878	1051882.322633
 60-64 	1729786.372688	752766.294685	977020.078003
 65-69 	1501024.183797	576119.849287	924904.334510
 70-74 	1127932.243533	390130.966360	737801.277173
 75-79 	716786.569022	217987.111710	498799.457312
 80+ 	619284.931189	150896.028443	468388.902746
Total	55650683.163128	27177303.514277	28473379.648851
2026			
 0-4	4782403.241934	2419140.534108	2363262.707826
 5-9	4834237.776885	2439753.244622	2394484.532263
 10-14 	4960260.838974	2498556.106643	2461704.732331
 15-19 	4991600.797073	2503673.484219	2487927.312854
 20-24 	5043193.937132	2523456.143493	2519737.793639
 25-29 	4638572.386669	2326284.595935	2312287.790734
 30-34 	4380863.887738	2198415.660230	2182448.227508
 35-39 	4366594.985476	2189909.627613	2176685.357864
 40-44 	4153495.054231	2092951.127515	2060543.926715
 45-49 	3448744.315688	1746173.409608	1702570.906080
 50-54 	2617839.807882	1323827.048966	1294012.758916
 55-59 	2068568.429349	1003283.569948	1065284.859401
 60-64 	1735710.113788	767356.771353	968353.342435
 65-69 	1503429.387652	582616.122792	920813.264860
 70-74 	1156045.953841	400255.156664	755790.797178
 75-79 	741463.079113	225623.449728	515839.629385
 80+ 	642123.955434	155539.046958	486584.908476
Total	56065147.948859	27396815.100396	28668332.848463
2027			
 0-4	4771974.659785	2414309.974212	2357664.685573
 5-9	4817828.649705	2432168.989005	2385659.660700
 10-14 	4939493.362721	2488770.682469	2450722.680252
 15-19 	4988790.762541	2503158.506992	2485632.255549
 20-24 	5034078.238161	2519289.508531	2514788.729630
 25-29 	4732743.853751	2373913.242890	2358830.610862
 30-34 	4367007.681398	2193585.754172	2173421.927226
 35-39 	4334472.030796	2174317.205096	2160154.825700
 40-44 	4193246.905506	2110368.542881	2082878.362626
 45-49 	3576589.824884	1807287.709283	1769302.115601
 50-54 	2730602.404720	1380390.985784	1350211.418937
 55-59 	2116785.942903	1035276.996461	1081508.946443
 60-64 	1749330.946168	785560.608014	963770.338154
 65-69 	1501473.829487	589090.975983	912382.853503
 70-74 	1180457.057170	409412.908569	771044.148601
 75-79 	767384.023554	233772.392273	533611.631281
 80+ 	665617.377069	160391.329575	505226.047494
Total	56467877.550320	27611066.312188	28856811.238131
2028			
 0-4	4761175.077654	2409273.655899	2351901.421755
 5-9	4803437.722595	2425583.212410	2377854.510185
 10-14 	4917874.484751	2478574.979680	2439299.505072
 15-19 	4979134.474568	2499031.816681	2480102.657887
 20-24 	5028480.714510	2517296.723993	2511183.990517
 25-29 	4817527.176926	2416830.656254	2400696.520672
 30-34 	4370867.162073	2197292.617425	2173574.544649
 35-39 	4301265.162260	2159053.358600	2142211.803660
 40-44 	4209841.648716	2116456.860579	2093384.788137
 45-49 	3693091.844168	1862881.952099	1830209.892069
 50-54 	2852018.281569	1440061.161326	1411957.120243
 55-59 	2175226.789331	1071237.448739	1103989.340592
 60-64 	1769982.425791	806140.498610	963841.927182
 65-69 	1497424.191319	596222.727776	901201.463542
 70-74 	1200260.367793	417582.849346	782677.518446
 75-79 	793729.451585	242138.070246	551591.381339
 80+ 	690218.478899	165599.011568	524619.467331
Total	56861555.454508	27821257.601230	29040297.853278
2029			
 0-4	4749653.802773	2403853.693693	2345800.109080
 5-9	4790833.854961	2419885.248364	2370948.606597
 10-14 	4896998.072107	2468747.126181	2428250.945926
 15-19 	4976632.204030	2498542.809569	2478089.394460
 20-24 	5005345.370012	2506667.072368	2498678.297644
 25-29 	4889866.010149	2453582.008830	2436284.001319
 30-34 	4398256.575626	2212349.407672	2185907.167953
 35-39 	4269302.172396	2145039.362014	2124262.810383
 40-44 	4207663.454104	2113697.079708	2093966.374397
 45-49 	3793942.781325	1910904.797630	1883037.983696
 50-54 	2979787.519095	1501979.239986	1477808.279109
 55-59 	2248147.827709	1113631.422246	1134516.405463
 60-64 	1793515.356672	826379.038916	967136.317756
 65-69 	1494288.652280	604933.909806	889354.742474
 70-74 	1214704.655185	424803.959857	789900.695327
 75-79 	819740.312950	250450.562516	569289.750434
 80+ 	716254.198823	171268.224521	544985.974302
Total	57244932.820197	28026714.963876	29218217.856321
2030			
 0-4	4737825.562801	2398261.615993	2339563.946809
 5-9	4779780.878641	2414947.697941	2364833.180700
 10-14 	4877260.026036	2459523.222940	2417736.803096
 15-19 	4963069.604925	2492474.228254	2470595.376671
 20-24 	4991740.395867	2500850.944803	2490889.451064
 25-29 	4939230.652808	2478753.756938	2460476.895869
 30-34 	4449230.277108	2239146.264231	2210084.012877
 35-39 	4240881.582673	2133118.127587	2107763.455086
 40-44 	4190982.097129	2104457.951978	2086524.145151
 45-49 	3875992.956884	1949661.278243	1926331.678641
 50-54 	3110151.120805	1564714.568663	1545436.552142
 55-59 	2328516.810035	1155639.531281	1172877.278754
 60-64 	1826627.444664	852726.760382	973900.684281
 65-69 	1495180.674427	616179.225258	879001.449169
 70-74 	1223381.257089	431191.962025	792189.295064
 75-79 	844922.468630	258560.728634	586361.739996
 80+ 	743727.762385	177408.950629	566318.811756
Total	57618501.572908	28227616.815781	29390884.757127
2031			
 0-4	4725051.284234	2392175.101547	2332876.182687
 5-9	4769834.887650	2410549.177750	2359285.709900
 10-14 	4859585.601167	2451370.458068	2408215.143098
 15-19 	4945071.883935	2484108.177386	2460963.706549
 20-24 	4984372.571793	2498284.812933	2486087.758860
 25-29 	4962380.698952	2491023.091307	2471357.607645
 30-34 	4520003.616428	2275639.474200	2244364.142227
 35-39 	4218163.058017	2124072.252806	2094090.805210
 40-44 	4165392.670453	2091580.943228	2073811.727225
 45-49 	3937511.239656	1978333.805194	1959177.434462
 50-54 	3238641.659045	1626252.765344	1612388.893700
 55-59 	2422003.026558	1205298.312730	1216704.713828
 60-64 	1865311.214357	878663.786105	986647.428252
 65-69 	1501099.672092	629173.737082	871925.935009
 70-74 	1226606.053817	437040.264220	789565.789597
 75-79 	867894.455338	266073.482879	601820.972459
 80+ 	772930.244472	184111.178822	588819.065650
Total	57981853.837963	28423750.821602	29558103.016361
2032			
 0-4	4711108.926658	2385483.940758	2325624.985900
 5-9	4760015.562865	2406187.138642	2353828.424222
 10-14 	4843405.563299	2443951.137477	2399454.425822
 15-19 	4925367.772917	2474940.989499	2450426.783417
 20-24 	4981299.470941	2497839.924104	2483459.546837
 25-29 	4954579.286620	2487788.424013	2466790.862607
 30-34 	4610571.124340	2321976.784613	2288594.339727
 35-39 	4204865.382090	2119710.965653	2085154.416437
 40-44 	4135503.847841	2077510.166526	2057993.681316
 45-49 	3976590.938584	1995982.553404	1980608.385179
 50-54 	3360569.902841	1684572.668250	1675997.234591
 55-59 	2527708.810354	1257883.047482	1269825.762872
 60-64 	1909659.373581	907636.700012	1002022.673569
 65-69 	1513678.941161	645175.431155	868503.510005
 70-74 	1226102.319415	442894.272916	783208.046499
 75-79 	888059.661969	272961.254852	615098.407117
 80+ 	803245.605495	191178.565238	612067.040257
Total	58332332.490971	28613673.964595	29718658.526376
2033			
 0-4	4695648.744644	2378013.311789	2317635.432855
 5-9	4749967.779984	2401681.785582	2348285.994401
 10-14 	4829173.710310	2437496.445698	2391677.264611
 15-19 	4906847.438264	2466431.077232	2440416.361032
 20-24 	4970029.899247	2492955.817651	2477074.081596
 25-29 	4949991.562022	2486645.054412	2463346.507610
 30-34 	4691560.478471	2363511.211298	2328049.267173
 35-39 	4208470.234465	2123523.435774	2084946.798691
 40-44 	4104590.647206	2063702.433247	2040888.213959
 45-49 	3993854.826680	2002977.589594	1990877.237086
 50-54 	3472116.086296	1737902.089141	1734213.997154
 55-59 	2641792.174073	1313496.861767	1328295.312307
 60-64 	1963400.105645	940166.766199	1023233.339445
 65-69 	1532404.038693	663145.164198	869258.874495
 70-74 	1223775.825266	449276.673075	774499.152191
 75-79 	904680.436842	279206.997828	625473.439014
 80+ 	834321.457880	198488.992784	635832.465096
Total	58672625.445987	28798621.707269	29874003.738718
2034			
 0-4	4678211.238469	2369531.006873	2308680.231596
 5-9	4739461.781054	2396921.317410	2342540.463643
 10-14 	4816693.329755	2431912.193027	2384781.136729
 15-19 	4888501.260182	2458015.500284	2430485.759898
 20-24 	4966232.309367	2491940.888660	2474291.420707
 25-29 	4927369.327862	2476452.450697	2450916.877165
 30-34 	4761297.695605	2399485.924781	2361811.770824
 35-39 	4234728.613690	2138315.332636	2096413.281054
 40-44 	4074852.276731	2051030.202171	2023822.074560
 45-49 	3993429.109279	2001649.552215	1991779.557063
 50-54 	3569177.924674	1784294.034555	1784883.890120
 55-59 	2762130.903922	1371366.113713	1390764.790209
 60-64 	2030321.406415	978376.774026	1051944.632390
 65-69 	1553678.432826	680795.024687	872883.408139
 70-74 	1222150.546576	456901.319548	765249.227028
 75-79 	917138.298687	284834.924535	632303.374151
 80+ 	865854.636392	205939.777169	659914.859223
Total	59001229.091487	28977762.336987	30023466.754500
2035			
 0-4	4659151.370026	2360217.442971	2298933.927056
 5-9	4728058.058876	2391684.658935	2336373.399941
 10-14 	4805735.799718	2427070.727740	2378665.071978
 15-19 	4868735.501711	2448872.467487	2419863.034224
 20-24 	4953193.148894	2486344.319701	2466848.829192
 25-29 	4914787.758674	2471277.321072	2443510.437602
 30-34 	4808784.674200	2424207.529102	2384577.145098
 35-39 	4283714.400901	2164455.994669	2119258.406232
 40-44 	4048424.160186	2040281.889507	2008142.270679
 45-49 	3979314.375474	1994206.957131	1985107.418344
 50-54 	3648723.239818	1822128.295444	1826594.944374
 55-59 	2885236.056418	1430182.112236	1455053.944182
 60-64 	2104486.101849	1016495.846242	1087990.255607
 65-69 	1583240.994523	703634.934630	879606.059893
 70-74 	1223829.814329	466511.513782	757318.300548
 75-79 	925105.146221	289929.765359	635175.380863
 80+ 	897630.564049	213482.722443	684147.841607
Total	59318151.165868	29150984.498448	30167166.667420
2036			
 0-4	4638435.588482	2350054.512584	2288381.075898
 5-9	4715596.925214	2385894.261950	2329702.663264
 10-14 	4795913.403068	2422782.742015	2373130.661053
 15-19 	4851375.611252	2440956.714063	2410418.897190
 20-24 	4935343.094212	2478232.297174	2457110.797038
 25-29 	4908047.588513	2469187.291714	2438860.296798
 30-34 	4831051.464202	2436445.452230	2394606.011971
 35-39 	4351762.173148	2199967.653168	2151794.519980
 40-44 	4027361.824425	2032224.440829	1995137.383597
 45-49 	3956779.446302	1983318.050183	1973461.396119
 50-54 	3709077.001509	1850610.015432	1858466.986077
 55-59 	3006926.795719	1488087.814548	1518838.981171
 60-64 	2190599.049625	1061384.273698	1129214.775928
 65-69 	1617898.510237	726133.324652	891765.185585
 70-74 	1229648.869141	477432.618144	752216.250998
 75-79 	928785.750825	294684.137598	634101.613227
 80+ 	929056.849357	220984.005522	708072.843835
Total	59623659.945231	29318379.605502	30305280.339729
2037			
 0-4	4616543.005125	2339283.598356	2277259.406769
 5-9	4701810.838101	2379415.488728	2322395.349373
 10-14 	4786249.359001	2418543.416788	2367705.942214
 15-19 	4835416.324586	2433730.984693	2401685.339893
 20-24 	4915980.818346	2469398.265667	2446582.552678
 25-29 	4905103.224969	2468970.874473	2436132.350495
 30-34 	4823521.614584	2433690.795989	2389830.818595
 35-39 	4438947.876966	2245033.164997	2193914.711969
 40-44 	4015263.345002	2028609.749631	1986653.595371
 45-49 	3930190.511561	1971287.700365	1958902.811196
 50-54 	3748392.203654	1868827.130638	1879565.073016
 55-59 	3122795.260594	1543207.102769	1579588.157825
 60-64 	2288188.311948	1109047.248144	1179141.063804
 65-69 	1657572.891730	751262.140467	906310.751264
 70-74 	1240924.829531	490686.068152	750238.761379
 75-79 	929499.631280	299470.284570	630029.346710
 80+ 	959318.224850	228330.626023	730987.598827
Total	59915718.271829	29478794.640451	30436923.631378
2038			
 0-4	4593591.895213	2327969.010713	2265622.884500
 5-9	4686428.448062	2372113.629607	2314314.818455
 10-14 	4776355.525879	2414157.801338	2362197.724541
 15-19 	4821359.764257	2427439.722419	2393920.041838
 20-24 	4897694.349969	2461131.299033	2436563.050936
 25-29 	4894536.912967	2464674.308906	2429862.604061
 30-34 	4818916.448609	2432806.590551	2386109.858058
 35-39 	4516678.408372	2285329.506298	2231348.902074
 40-44 	4019206.973262	2032771.276965	1986435.696296
 45-49 	3902557.669648	1959442.973610	1943114.696038
 50-54 	3767209.328721	1877101.407491	1890107.921230
 55-59 	3229255.727306	1593898.442959	1635357.284346
 60-64 	2393723.657355	1159569.016032	1234154.641323
 65-69 	1705590.988749	779419.891625	926171.097125
 70-74 	1257294.705259	505453.853534	751840.851724
 75-79 	928726.689890	304650.820800	624075.869090
 80+ 	987659.522824	235456.753970	752202.768855
Total	60196787.016344	29633386.305852	30563400.710491
2039			
 0-4	4569282.111636	2315962.537690	2253319.573946
 5-9	4669503.665533	2364018.667036	2305484.998497
 10-14 	4766004.355458	2409513.970983	2356490.384474
 15-19 	4808953.709778	2421961.441947	2386992.267832
 20-24 	4879703.666094	2452999.810369	2426703.855725
 25-29 	4890815.889938	2463971.555466	2426844.334472
 30-34 	4797232.017734	2423192.971094	2374039.046641
 35-39 	4583433.433821	2320239.446486	2263193.987335
 40-44 	4044756.409917	2047452.909597	1997303.500320
 45-49 	3875961.548784	1948606.738047	1927354.810737
 50-54 	3769370.510447	1877593.670412	1891776.840035
 55-59 	3322445.670335	1638347.542276	1684098.128058
 60-64 	2505284.725200	1212272.339488	1293012.385712
 65-69 	1765171.143031	812320.869333	952850.273698
 70-74 	1275797.832433	519936.490154	755861.342278
 75-79 	928433.959378	310725.038176	617708.921202
 80+ 	1013483.049631	242332.965124	771150.084506
Total	60465633.699149	29781448.963680	30684184.735469
2040			
 0-4	4543368.718647	2303133.757328	2240234.961318
 5-9	4651108.591792	2355168.836410	2295939.755383
 10-14 	4754746.996191	2404386.950041	2350360.046150
 15-19 	4797912.806840	2417140.895764	2380771.911076
 20-24 	4860248.080659	2444128.882040	2416119.198619
 25-29 	4878028.366790	2458643.007781	2419385.359009
 30-34 	4785721.442918	2418750.663594	2366970.779324
 35-39 	4628728.457869	2344255.659373	2284472.798496
 40-44 	4092031.566397	2073017.200082	2019014.366315
 45-49 	3852381.634438	1939502.630603	1912879.003835
 50-54 	3758592.746438	1872341.839751	1886250.906687
 55-59 	3399475.574541	1675028.069084	1724447.505458
 60-64 	2619695.639889	1265996.115502	1353699.524386
 65-69 	1831639.828344	845405.222474	986234.605869
 70-74 	1301053.534899	538543.760372	762509.774527
 75-79 	930650.118631	318218.827577	612431.291054
 80+ 	1036517.868615	249001.186415	787516.682200
Total	60721901.973896	29922663.504191	30799238.469705
2041			
 0-4	4516239.359489	2289666.971589	2226572.387900
 5-9	4631147.125468	2345513.110471	2285634.014997
 10-14 	4742428.520004	2398702.629103	2343725.890901
 15-19 	4787993.394121	2412858.757475	2375134.636646
 20-24 	4843106.034445	2436422.103595	2406683.930850
 25-29 	4860692.284440	2450919.794626	2409772.489815
 30-34 	4779814.926409	2417276.814115	2362538.112295
 35-39 	4649788.467433	2356204.021245	2293584.446187
 40-44 	4157548.506586	2107575.449428	2049973.057158
 45-49 	3833766.626971	1932868.880156	1900897.746816
 50-54 	3739799.780058	1863821.931080	1875977.848978
 55-59 	3458722.196515	1703166.473259	1755555.723256
 60-64 	2733124.376859	1319081.301042	1414043.075818
 65-69 	1908586.735355	884156.019991	1024430.715364
 70-74 	1330790.728620	556889.732151	773900.996469
 75-79 	936031.694422	326595.588591	609436.105832
 80+ 	1056618.679794	255509.559523	801109.120271
Total	60966199.436991	30057229.137438	30908970.299553
2042			
 0-4	4488525.278764	2275866.924203	2212658.354561
 5-9	4609722.798602	2335096.411123	2274626.387478
 10-14 	4728780.423876	2392324.769031	2336455.654845
 15-19 	4778400.304335	2408709.288342	2369691.015993
 20-24 	4827372.914286	2429405.488973	2397967.425313
 25-29 	4841879.043084	2442496.823518	2399382.219566
 30-34 	4777692.421904	2417648.697813	2360043.724092
 35-39 	4642140.121568	2353617.518613	2288522.602955
 40-44 	4241422.265357	2151336.719762	2090085.545595
 45-49 	3823643.284637	1930421.626975	1893221.657662
 50-54 	3717091.635285	1854176.991147	1862914.644138
 55-59 	3498384.013214	1721872.095146	1776511.918068
 60-64 	2841513.295987	1369839.437608	1471673.858379
 65-69 	1996000.503711	925420.703354	1070579.800357
 70-74 	1364744.102825	577382.135917	787361.966907
 75-79 	945555.843852	336620.908117	608934.935735
 80+ 	1074294.838710	262028.579434	812266.259275
Total	61197163.089997	30184265.119076	31012897.970921
2043			
 0-4	4460719.403092	2261950.314655	2198769.088437
 5-9	4586770.480389	2323870.098438	2262900.381951
 10-14 	4713521.873907	2385112.101124	2328409.772783
 15-19 	4768617.828837	2404431.533656	2364186.295181
 20-24 	4813530.658214	2423311.167857	2390219.490357
 25-29 	4824004.533907	2434585.733418	2389418.800489
 30-34 	4767549.077650	2413734.610453	2353814.467197
 35-39 	4638277.256961	2353273.518315	2285003.738646
 40-44 	4316268.083233	2190504.115594	2125763.967639
 45-49 	3828575.579751	1935244.441587	1893331.138165
 50-54 	3693219.847755	1844591.234174	1848628.613581
 55-59 	3518898.966995	1731400.347830	1787498.619166
 60-64 	2941553.313651	1416785.729759	1524767.583892
 65-69 	2090735.223696	969265.745814	1121469.477882
 70-74 	1405786.238929	600300.901553	805485.337376
 75-79 	959018.877448	347710.424825	611308.452623
 80+ 	1090214.881508	268754.039472	821460.842036
Total	61417262.125922	30304826.058522	31112436.067400
2044			
 0-4	4432902.064917	2247928.237798	2184973.827119
 5-9	4562353.155529	2311844.276491	2250508.879038
 10-14 	4696706.067140	2377093.648743	2319612.418396
 15-19 	4758315.504243	2399861.452169	2358454.052074
 20-24 	4801332.364179	2418021.969299	2383310.394880
 25-29 	4806333.223688	2426766.808947	2379566.414742
 30-34 	4764119.917094	2413352.967652	2350766.949442
 35-39 	4618252.343096	2344567.511423	2273684.831673
 40-44 	4380468.283165	2224417.079452	2156051.203712
 45-49 	3854020.069636	1950053.582719	1903966.486917
 50-54 	3670131.042256	1835822.197865	1834308.844391
 55-59 	3523809.759629	1733719.465690	1790090.293939
 60-64 	3029662.734226	1458265.804532	1571396.929694
 65-69 	2191114.352231	1015133.855160	1175980.497071
 70-74 	1456498.352568	626923.578174	829574.774394
 75-79 	974157.531203	358576.600895	615580.930308
 80+ 	1105396.529307	275971.881949	829424.647357
Total	61625573.294108	30418320.918958	31207252.375150
2045			
 0-4	4404938.640263	2233737.766821	2171200.873443
 5-9	4536666.364409	2299087.879060	2237578.485349
 10-14 	4678409.330166	2368311.917662	2310097.412503
 15-19 	4747038.931327	2394771.678090	2352267.253237
 20-24 	4790434.631692	2413358.207593	2377076.424099
 25-29 	4787358.204641	2418240.249869	2369117.954773
 30-34 	4752240.633559	2408603.702202	2343636.931357
 35-39 	4607674.370410	2340725.916308	2266948.454102
 40-44 	4424151.580683	2247868.963967	2176282.616716
 45-49 	3900135.215066	1975199.879058	1924935.336008
 50-54 	3649685.341863	1828542.336907	1821143.004955
 55-59 	3516548.738087	1730688.052716	1785860.685371
 60-64 	3103133.655052	1492876.514094	1610257.140958
 65-69 	2294341.540085	1062049.906410	1232291.633675
 70-74 	1513531.929138	653958.739912	859573.189226
 75-79 	994402.004968	372458.220409	621943.784559
 80+ 	1120996.259291	284007.656495	836988.602796
Total	61821687.370699	30524487.587572	31297199.783127
2046			
 0-4	4377345.755020	2219678.979144	2157666.775876
 5-9	4509789.830290	2285616.172836	2224173.657454
 10-14 	4658546.857110	2358725.188100	2299821.669011
 15-19 	4734643.688146	2389091.540800	2345552.147346
 20-24 	4780605.018588	2409204.823760	2371400.194828
 25-29 	4770660.195113	2410843.440939	2359816.754175
 30-34 	4735872.825242	2401478.153074	2334394.672168
 35-39 	4602550.608415	2339781.318459	2262769.289955
 40-44 	4444703.588536	2259739.373537	2184964.214999
 45-49 	3963619.464323	2008903.032518	1954716.431805
 50-54 	3633764.986449	1823475.196116	1810289.790333
 55-59 	3501705.292191	1724591.671732	1777113.620459
 60-64 	3160431.615177	1519895.841916	1640535.773260
 65-69 	2397026.412878	1108608.396235	1288418.016643
 70-74 	1579326.872464	685422.701520	893904.170944
 75-79 	1018398.889482	386172.336323	632226.553159
 80+ 	1137205.072169	292465.345993	844739.726176
Total	62006196.971593	30623693.513001	31382503.458593
2047			
 0-4	4350441.327247	2205981.747874	2144459.579372
 5-9	4482110.310945	2271622.788717	2210487.522227
 10-14 	4637218.946354	2348378.730897	2288840.215457
 15-19 	4720929.412575	2382722.547470	2338206.865105
 20-24 	4771058.135001	2405159.936779	2365898.198221
 25-29 	4755324.208161	2404114.603816	2351209.604345
 30-34 	4717882.402804	2393568.786186	2324313.616618
 35-39 	4601190.445682	2340676.823134	2260513.622547
 40-44 	4437719.460467	2257601.314393	2180118.146074
 45-49 	4044682.245055	2051432.177031	1993250.068024
 50-54 	3625781.694793	1822286.038089	1803495.656704
 55-59 	3483105.575244	1717408.658058	1765696.917186
 60-64 	3199854.287588	1538501.744763	1661352.542825
 65-69 	2495560.790212	1153364.777914	1342196.012298
 70-74 	1654266.992748	719036.758361	935230.234387
 75-79 	1045711.626845	401500.702003	644210.924842
 80+ 	1154818.982306	301910.353028	852908.629278
Total	62177656.844026	30715268.488515	31462388.355511
2048			
 0-4	4324380.334550	2192780.614068	2131599.720482
 5-9	4454081.704609	2257358.598947	2196723.105662
 10-14 	4614356.971249	2337222.480576	2277134.490674
 15-19 	4705640.008306	2375538.062171	2330101.946135
 20-24 	4761273.085225	2400962.262857	2360310.822368
 25-29 	4741829.490329	2398280.555320	2343548.935008
 30-34 	4700495.765935	2385982.069273	2314513.696662
 35-39 	4591912.433286	2337312.415638	2254600.017648
 40-44 	4434907.368815	2257927.122872	2176980.245944
 45-49 	4117062.143905	2089528.658620	2027533.485285
 50-54 	3631935.353032	1827879.774840	1804055.578191
 55-59 	3463276.062750	1710208.500009	1753067.562740
 60-64 	3221783.764784	1548926.578306	1672857.186478
 65-69 	2587003.077668	1195048.336196	1391954.741472
 70-74 	1735669.719634	754836.160613	980833.559021
 75-79 	1078686.561075	418605.775427	660080.785648
 80+ 	1174019.540066	312037.590541	861981.949525
Total	62338313.385218	30800435.556274	31537877.828945
2049			
 0-4	4299149.708036	2180074.644679	2119075.063357
 5-9	4426006.823773	2243018.225133	2182988.598640
 10-14 	4590018.210660	2325261.711950	2264756.498710
 15-19 	4688785.814598	2367546.964295	2321238.850303
 20-24 	4750920.030649	2396448.502577	2354471.528072
 25-29 	4729925.595346	2393222.238718	2336703.356629
 30-34 	4683199.359638	2378414.586604	2304784.773034
 35-39 	4589073.997155	2337389.220197	2251684.776958
 40-44 	4416865.833548	2250330.368082	2166535.465466
 45-49 	4179002.816755	2122451.557544	2056551.259211
 50-54 	3657514.459226	1842909.957505	1814604.501721
 55-59 	3444048.152765	1703698.335933	1740349.816832
 60-64 	3229461.365454	1552950.049251	1676511.316203
 65-69 	2668154.124480	1232232.678253	1435921.446228
 70-74 	1822132.561490	792384.827759	1029747.733731
 75-79 	1119234.769518	438332.695901	680902.073617
 80+ 	1193669.604746	322141.430470	871528.174276
Total	62487163.227838	30878807.994852	31608355.232987
2050			
 0-4	4277075.674152	2168974.893798	2108100.780354
 5-9	4397790.018492	2228598.589293	2169191.429199
 10-14 	4564370.210024	2312542.705707	2251827.504318
 15-19 	4670391.257411	2358758.647212	2311632.610200
 20-24 	4739477.101496	2391344.441342	2348132.660154
 25-29 	4719152.892824	2388684.108638	2330468.784187
 30-34 	4664792.225578	2370214.415998	2294577.809580
 35-39 	4578063.326514	2333173.095849	2244890.230665
 40-44 	4407411.297482	2247171.755022	2160239.542460
 45-49 	4221115.614524	2145226.791055	2075888.823468
 50-54 	3702412.530670	1867513.799039	1834898.731632
 55-59 	3426742.979723	1698210.309516	1728532.670206
 60-64 	3225435.411268	1551857.157161	1673578.254106
 65-69 	2735858.997201	1263250.625972	1472608.371229
 70-74 	1910612.490597	830510.793671	1080101.696926
 75-79 	1164679.022391	458281.717355	706397.305036
 80+ 	1215830.052308	334232.332564	881597.719744
Total	62621211.102655	30948546.179193	31672664.923462
