1970	1011.499993	1362.60001	1230.899971	3431.499979	7341.500077	9123.400075	7977.199976	5845.20002	3962.999899	2596.500087	1678.800157	1070.700065	678.2001826	422.2000967	260.0001906	154.5999009	80.90011844	48228.7008
1971	1073.699981	1404.599923	1266.39991	3514.70015	7494.199926	9322.700177	8153.100126	5972.300145	4046.89994	2653.099825	1712.900108	1093.300084	690.9998726	429.7999385	263.8999125	161.2999487	113.9002217	49367.80019
1972	1091.800034	1421.0001	1281.100042	3547.400005	7552.099807	9398.299935	8219.699961	6020.099885	4078.800114	2674.700154	1725.800023	1101.599927	695.699961	432.499896	265.300142	164.2000716	127.9000927	49798.00015
1973	1005.800186	1331.700174	1205.300044	3295.100192	7014.899996	8729.799992	7635.199912	5592.399977	3788.799958	2484.599945	1603.299951	1023.499899	646.6000408	401.7998856	246.5000237	153.6999018	120.1000834	46279.10016
1974	819.6000053	1114.900146	1018.900148	2692.999836	5733.800102	7136.000118	6241.699966	4572.100114	3097.599871	2031.199893	1310.900054	837.1000496	528.5999627	328.5999032	201.9998759	128.7000196	101.6999349	37896.4
1975	422.2000237	592.6999852	548.7000591	1385.300032	2950.200007	3672.299993	3212.700073	2353.600011	1594.900015	1045.899933	675.1000312	431.2999509	272.4000688	169.4000387	104.3999728	68.60002041	55.70004907	19555.40026
1976	295.4999841	419.2000033	390.8000265	963.0000218	2051.299973	2553.900048	2234.799975	1637.499954	1109.899981	727.8000144	469.8999568	300.4000126	189.6000517	117.9000179	72.89997451	48.80005612	42.5000372	13625.70009
1977	242.7000323	313.500019	283.6000291	785.7999889	1674.39997	2084.999992	1824.499985	1337.099975	906.4000056	594.3999763	383.8999926	245.7000141	155.1000163	96.40003912	59.5999889	37.70000668	36.39996913	11062.2
1978	420.7999727	279.3000207	226.1000285	889.9000461	1917.000032	2387.399969	2088.100029	1531.30002	1038.49997	680.5999745	439.900029	281.4999938	177.0000268	110.5999613	67.19998103	35.79996602	36.90002353	12607.90004
1979	844.9999557	271.3999993	180.0999582	1138.700017	2495.700024	3108.200053	2716.300007	1994.399962	1352.700038	886.2000035	573.3999927	366.8999605	230.0000544	144.2000107	86.20000637	36.19998921	39.19996904	16464.8
1980	2250.900053	457.9998959	237.7000562	2390.99994	5311.100099	6617.700107	5782.699975	4251.199876	2885.600016	1890.200063	1224.199943	783.4999377	489.9000324	308.200072	182.5000823	75.49993307	70.30003537	35210.20012
1981	2958.999987	462.3001105	175.4000717	2804.900021	6275.799941	7819.700036	6830.79989	5023.800027	3410.70002	2233.200055	1447.400075	926.2999644	578.000102	364.5999112	214.3000721	82.39986497	74.10012926	41682.70028
1982	3255.80007	415.1000069	85.10008051	2978.900055	6680.299901	8323.500073	7269.900054	5347.900035	3630.900069	2377.499881	1541.000155	985.9999873	614.9997882	387.9000646	227.0998985	80.99987996	75.09999985	44278
1983	2966.299932	76.70002763	-213.5000656	2378.600065	5563.100143	7066.399995	6275.599824	4536.599933	2909.999997	1739.400087	1071.199983	717.4999032	506.5000899	353.0000885	208.7000781	64.30015039	66.60011746	36287.00035
1984	2241.000039	-541.0000147	-706.2999865	948.9000203	2899.199983	4068.100018	3903.799974	2601.700001	1190.900019	220.6000354	-17.39997741	81.49996418	247.4000592	268.4999897	165.3999615	33.8000816	47.50003342	17653.6002
1985	129.499977	-2723.500041	-2918.899976	-1124.299968	-1099.699981	-620.5000274	69.49995938	-455.5000121	-1323.099987	-2266.600023	-1970.500007	-972.5000288	-145.2999478	26.60002644	14.29997385	-100.2999717	-3.300050396	-15484.10009
1986	-470.1999157	-3857.500008	-3911.599943	-3120.200012	-4150.999992	-3980.200071	-2626.199815	-2674.799846	-3638.800124	-4432.700037	-3565.70011	-1882.699939	-472.0001494	-0.899994986	4.499879285	-120.8001794	-16.10005346	-38916.90031
1987	-1142.299867	-4333.70011	-4322.100129	-3977.600113	-5706.299944	-5411.199922	-3765.400012	-3636.299823	-4662.900034	-5341.199979	-4235.099807	-2264.299917	-613.0999562	-23.00013505	0.700088982	-136.7000779	-30.09997718	-49600.59971
1988	-1579.099941	-4070.099976	-3765.70012	-2426.700016	-3106.300068	-2907.199919	-1726.399878	-1878.70004	-2412.300063	-2612.800025	-1541.000129	-341.3001221	85.30007069	101.5000246	47.90002482	-132.3998845	-19.70003178	-28285.00009
1989	-1982.399996	-3428.899993	-2438.399991	-26.89999982	839.0000017	1137.000005	1101.600004	876.0000027	458.99999	456.1000055	572.5999909	561.9999982	463.0999959	325.8999962	142.4000045	-105.700007	-29.40000027	-1076.999992
1990	-1150.800409	-1165.400418	-289.0999513	4535.500426	13104.39991	16200.70006	14569.49999	12260.50034	8528.700289	8755.800021	9344.200054	7905.09995	5645.499878	3591.30006	1535.800106	291.3000202	131.5002483	103794.5006
1991	-1520.999335	-879.2997332	461.7000616	7665.999752	19790.49947	23793.90038	20995.50031	18147.99995	14223.80008	14718.60016	15183.99958	12243.49978	8233.099997	4948.300186	2104.50025	420.8001036	174.3998866	160706.3009
1992	-2053	-761.4000197	788.1000554	9604.200125	22886.10068	26978.30051	23690.29956	21106.6999	18680.69971	19313.3	19622.59913	15298.39944	9775.19971	5516.999131	2343.100024	465.1995251	168.4995163	193423.297
1993	-4747.700908	-1526.600333	560.5000098	10152.59979	20050.40053	19771.60039	17459.40012	19969.10008	23376.90072	25113.50007	24873.40036	18100.19975	10210.49986	4600.300305	1402.900267	-235.5997899	-583.0006016	188548.4006
1994	-10253.09997	-3345.700536	2.300604372	10041.9004	12647.69924	3858.400057	3063.100387	16088.60008	29639.70009	33933.90017	32649.80061	21807.20025	10141.99996	2427.000164	-592.3999204	-1786.600174	-2200.000418	158123.801
1995	-23289.39982	-7986.500147	-1499.499811	7020.000046	767.8999846	-17642.49973	-14048.09982	8791.999977	28322.9999	33613.49983	31342.20009	19516.49992	7488.300104	-300.0999737	-3409.700083	-4570.499895	-5302.499992	58814.60059
1996	-30631.49988	-10607.40012	-2260.899939	6880.599966	-6138.600063	-33022.60009	-27895.79995	4903.100009	32381.80007	39533.09988	36520.29982	21770.1001	7258.400144	-2286.599931	-5558.999865	-6466.400118	-7355.199965	17023.40007
1997	-33686.70013	-11706.39992	-2574.599869	7287.699994	-8870.399983	-39567.10004	-33703.10003	3220.500018	33957.99995	41827.59986	38620.19987	22483.20002	6998.200045	-3141.900032	-6460.199947	-7260.699976	-8214.699996	-790.4001818
1998	-31882.30004	-10458.79996	-800.0999712	9658.599884	-5165.79994	-34537.79987	-28426.49994	4969.499978	32636.70001	38683.70011	35510.70011	20723.79994	6352.000007	-1970.400112	-4562.299899	-4555.700018	-7294.899873	18880.4004
1999	-27025.59973	-7387.699714	3160.600268	14002.40023	3287.699926	-22393.80017	-15823.60019	9044.500186	29386.10016	31461.19975	28103.80026	16954.8999	5061.799952	781.0999067	-85.30006389	1375.499786	-4919.699825	64983.90065
2000	-17009.00011	-2846.100308	8810.899672	22558.40016	15944.29983	-6231.899646	-468.2006466	15139.70022	28780.69986	26010.89999	22047.09997	14344.2001	4046.999645	4046.500019	5123.000538	9061.400052	-1441.800398	147917.0989
2001	-9799.599455	403.5004967	13021.49913	27273.19994	24819.79997	5971.900612	11493.00009	18945.60033	24821.20017	17893.30067	13553.29959	10020.20076	2667.800532	6685.699938	9501.699427	15277.89972	1857.500624	194407.5025
2002	-2122.900515	2661.699184	14786.99984	29223.99981	29387.99923	12935.29911	16765.69988	20384.49933	22536.80042	14455.89954	9959.300428	7908.999945	2085.399204	7792.299695	11485.39966	18054.89924	5044.000015	223346.294
2003	10898.29991	4565.79992	13927.99993	27957.90056	30855.29988	16263.90052	16135.09937	18847.4005	21099.7997	15518.20025	10503.00077	7451.100503	2380.99979	7157.300572	11591.09894	18017.10019	9031.399508	242201.7008
2004	30317.19891	6864.200607	11795.3003	24762.09973	32320.00061	20425.89928	14102.69893	15456.50032	19096.99997	18141.60018	11874.09973	7085.89981	3115.000682	5618.299535	11453.80021	17445.69984	14324.20044	264199.4991
2005	54568.99996	9752.400446	9753.499397	22113.19984	36127.40044	26406.00032	12265.90084	12362.80033	18290.59968	22984.00058	14597.50062	7348.300352	4321.10044	4018.099269	11980.99935	17778.20108	21197.40116	305866.4041
2006	71875.40128	11468.3001	6871.599316	17437.20029	36962.99852	29750.49935	9345.198879	8593.499914	16400.30092	25815.99993	16083.50068	7140.498861	5124.800885	2269.598581	11458.90056	16512.29996	25645.09973	318755.6977
2007	78901.00028	12002.19897	4775.899767	13600.99924	37064.0993	31073.29971	7170.900486	5954.099799	14965.10042	26960.60045	16680.69996	6993.900896	5457.799931	1292.299734	10827.59958	15172.39972	27428.9986	316321.8968
2008	70558.09997	10535.09868	3268.499622	9952.200423	32559.90062	27415.89903	5109.299874	4015.100127	12546.29915	24013.70008	14855.10088	6139.299117	4854.500153	866.5987505	9262.499579	12741.60025	24569.30075	273262.9971
2009	50663.89934	7378.900462	1789.399812	5723.700214	22320.80067	18710.40047	2492.799579	1933.200275	8437.999733	17093.3994	10566.10048	4307.699735	3438.59991	476.4003955	6497.300246	8855.299853	17749.79954	188435.7001
2010	6221.799966	852.7000292	116.3000194	368.7000083	2340.899969	1893.69996	-1211.800004	-2816.799975	-1093.700005	1337.699965	858.0999848	32.90000554	177.8999973	-351.2999818	780.0999911	974.8000411	1910.100002	12392.09997
2011	1624.799999	-50.60000416	-588.8000176	-1975.699994	-98.49998896	-604.5999832	-3504.600023	-2503.200005	-1169.699965	113.8999922	113.3000206	-235.2000128	-93.3000091	-212.1999847	210.1999825	270.4999923	552.1000232	-8151.599978
2012	-2045.399888	-1007.499967	-1112.599885	-3806.8	-6374.100002	-6236.900075	-4760.80008	-3279.699978	-2171.800024	-1417.600068	-921.099873	-596.9000391	-387.0000916	-250.7998402	-162.6999349	-110.4000129	-105.0000637	-34747.09982
2013	-2045.399888	-1007.499967	-1112.599885	-3806.8	-6374.100002	-6236.900075	-4760.80008	-3279.699978	-2171.800024	-1417.600068	-921.099873	-596.9000391	-387.0000916	-250.7998402	-162.6999349	-110.4000129	-105.0000637	-34747.09982
2014	-2045.399888	-1007.499967	-1112.599885	-3806.8	-6374.100002	-6236.900075	-4760.80008	-3279.699978	-2171.800024	-1417.600068	-921.099873	-596.9000391	-387.0000916	-250.7998402	-162.6999349	-110.4000129	-105.0000637	-34747.09982
2015	-1435.999945	-707.4000194	-780.9000467	-2672.599931	-4479.400004	-4387.799966	-3353.200016	-2312.800025	-1533.299974	-1002.299972	-651.6999706	-422.9999059	-274.3999758	-178.1000411	-115.6999693	-78.40002557	-74.89997816	-24461.89977
2016	-1435.999945	-707.4000194	-780.9000467	-2672.599931	-4479.400004	-4387.799966	-3353.200016	-2312.800025	-1533.299974	-1002.299972	-651.6999706	-422.9999059	-274.3999758	-178.1000411	-115.6999693	-78.40002557	-74.89997816	-24461.89977
2017	-1435.999945	-707.4000194	-780.9000467	-2672.599931	-4479.400004	-4387.799966	-3353.200016	-2312.800025	-1533.299974	-1002.299972	-651.6999706	-422.9999059	-274.3999758	-178.1000411	-115.6999693	-78.40002557	-74.89997816	-24461.89977
2018	-1137.30001	-560.2000293	-618.2999361	-2116.700014	-3547.499937	-3475.000048	-2655.800003	-1831.800082	-1214.400034	-793.6999906	-516.1000017	-335.0999788	-217.3999679	-141.1000531	-91.60000621	-62.20007197	-59.30003818	-19373.5002
2019	-425.1999852	-209.5000237	-231.0999886	-791.000008	-1325.900003	-1298.700016	-992.6000101	-684.600004	-453.9000188	-296.6000031	-192.9000114	-125.300015	-81.20002826	-52.8000262	-34.39998422	-23.29996688	-22.19997705	-7241.200069
2020	425.1999852	209.5000237	231.0999886	791.000008	1325.900003	1298.700016	992.6000101	684.600004	453.9000188	296.6000031	192.9000114	125.300015	81.20002826	52.8000262	34.39998422	23.29996688	22.19997705	7241.200069
2021	1137.30001	560.2000293	618.2999361	2116.700014	3547.499937	3475.000048	2655.800003	1831.800082	1214.400034	793.6999906	516.1000017	335.0999788	217.3999679	141.1000531	91.60000621	62.20007197	59.30003818	19373.5002
2022	1435.999945	707.4000194	780.9000467	2672.599931	4479.400004	4387.799966	3353.200016	2312.800025	1533.299974	1002.299972	651.6999706	422.9999059	274.3999758	178.1000411	115.6999693	78.40002557	74.89997816	24461.89977
2023	1435.999945	707.4000194	780.9000467	2672.599931	4479.400004	4387.799966	3353.200016	2312.800025	1533.299974	1002.299972	651.6999706	422.9999059	274.3999758	178.1000411	115.6999693	78.40002557	74.89997816	24461.89977
2024	1435.999945	707.4000194	780.9000467	2672.599931	4479.400004	4387.799966	3353.200016	2312.800025	1533.299974	1002.299972	651.6999706	422.9999059	274.3999758	178.1000411	115.6999693	78.40002557	74.89997816	24461.89977
2025	1173.999997	578.3999762	638.2999935	2185.099961	3662.300001	3587.29996	2741.799965	1891.099947	1253.599979	819.3999868	532.8000203	346.1000107	224.199995	145.7000172	94.59999537	64.19998924	61.30000461	20000.1998
2026	1173.999997	578.3999762	638.2999935	2185.099961	3662.300001	3587.29996	2741.799965	1891.099947	1253.599979	819.3999868	532.8000203	346.1000107	224.199995	145.7000172	94.59999537	64.19998924	61.30000461	20000.1998
2027	1173.999997	578.3999762	638.2999935	2185.099961	3662.300001	3587.29996	2741.799965	1891.099947	1253.599979	819.3999868	532.8000203	346.1000107	224.199995	145.7000172	94.59999537	64.19998924	61.30000461	20000.1998
2028	1173.999997	578.3999762	638.2999935	2185.099961	3662.300001	3587.29996	2741.799965	1891.099947	1253.599979	819.3999868	532.8000203	346.1000107	224.199995	145.7000172	94.59999537	64.19998924	61.30000461	20000.1998
2029	1173.999997	578.3999762	638.2999935	2185.099961	3662.300001	3587.29996	2741.799965	1891.099947	1253.599979	819.3999868	532.8000203	346.1000107	224.199995	145.7000172	94.59999537	64.19998924	61.30000461	20000.1998
2030	1173.999997	578.3999762	638.2999935	2185.099961	3662.300001	3587.29996	2741.799965	1891.099947	1253.599979	819.3999868	532.8000203	346.1000107	224.199995	145.7000172	94.59999537	64.19998924	61.30000461	20000.1998
2031	1173.999997	578.3999762	638.2999935	2185.099961	3662.300001	3587.29996	2741.799965	1891.099947	1253.599979	819.3999868	532.8000203	346.1000107	224.199995	145.7000172	94.59999537	64.19998924	61.30000461	20000.1998
2032	1173.999997	578.3999762	638.2999935	2185.099961	3662.300001	3587.29996	2741.799965	1891.099947	1253.599979	819.3999868	532.8000203	346.1000107	224.199995	145.7000172	94.59999537	64.19998924	61.30000461	20000.1998
2033	1173.999997	578.3999762	638.2999935	2185.099961	3662.300001	3587.29996	2741.799965	1891.099947	1253.599979	819.3999868	532.8000203	346.1000107	224.199995	145.7000172	94.59999537	64.19998924	61.30000461	20000.1998
2034	1173.999997	578.3999762	638.2999935	2185.099961	3662.300001	3587.29996	2741.799965	1891.099947	1253.599979	819.3999868	532.8000203	346.1000107	224.199995	145.7000172	94.59999537	64.19998924	61.30000461	20000.1998
2035	1173.999997	578.3999762	638.2999935	2185.099961	3662.300001	3587.29996	2741.799965	1891.099947	1253.599979	819.3999868	532.8000203	346.1000107	224.199995	145.7000172	94.59999537	64.19998924	61.30000461	20000.1998
2036	1173.999997	578.3999762	638.2999935	2185.099961	3662.300001	3587.29996	2741.799965	1891.099947	1253.599979	819.3999868	532.8000203	346.1000107	224.199995	145.7000172	94.59999537	64.19998924	61.30000461	20000.1998
2037	1173.999997	578.3999762	638.2999935	2185.099961	3662.300001	3587.29996	2741.799965	1891.099947	1253.599979	819.3999868	532.8000203	346.1000107	224.199995	145.7000172	94.59999537	64.19998924	61.30000461	20000.1998
2038	1173.999997	578.3999762	638.2999935	2185.099961	3662.300001	3587.29996	2741.799965	1891.099947	1253.599979	819.3999868	532.8000203	346.1000107	224.199995	145.7000172	94.59999537	64.19998924	61.30000461	20000.1998
2039	1173.999997	578.3999762	638.2999935	2185.099961	3662.300001	3587.29996	2741.799965	1891.099947	1253.599979	819.3999868	532.8000203	346.1000107	224.199995	145.7000172	94.59999537	64.19998924	61.30000461	20000.1998
2040	1173.999997	578.3999762	638.2999935	2185.099961	3662.300001	3587.29996	2741.799965	1891.099947	1253.599979	819.3999868	532.8000203	346.1000107	224.199995	145.7000172	94.59999537	64.19998924	61.30000461	20000.1998
2041	1173.999997	578.3999762	638.2999935	2185.099961	3662.300001	3587.29996	2741.799965	1891.099947	1253.599979	819.3999868	532.8000203	346.1000107	224.199995	145.7000172	94.59999537	64.19998924	61.30000461	20000.1998
2042	1173.999997	578.3999762	638.2999935	2185.099961	3662.300001	3587.29996	2741.799965	1891.099947	1253.599979	819.3999868	532.8000203	346.1000107	224.199995	145.7000172	94.59999537	64.19998924	61.30000461	20000.1998
2043	1173.999997	578.3999762	638.2999935	2185.099961	3662.300001	3587.29996	2741.799965	1891.099947	1253.599979	819.3999868	532.8000203	346.1000107	224.199995	145.7000172	94.59999537	64.19998924	61.30000461	20000.1998
2044	1173.999997	578.3999762	638.2999935	2185.099961	3662.300001	3587.29996	2741.799965	1891.099947	1253.599979	819.3999868	532.8000203	346.1000107	224.199995	145.7000172	94.59999537	64.19998924	61.30000461	20000.1998
2045	1181.799965	582.2000629	642.6000185	2199.499957	3686.499919	3610.999944	2759.700004	1903.500003	1261.89992	824.7999678	536.2999491	348.2000093	225.8000326	146.8000184	95.09998612	64.50002537	61.6000161	20131.7998
2046	1181.799965	582.2000629	642.6000185	2199.499957	3686.499919	3610.999944	2759.700004	1903.500003	1261.89992	824.7999678	536.2999491	348.2000093	225.8000326	146.8000184	95.09998612	64.50002537	61.6000161	20131.7998
2047	1181.799965	582.2000629	642.6000185	2199.499957	3686.499919	3610.999944	2759.700004	1903.500003	1261.89992	824.7999678	536.2999491	348.2000093	225.8000326	146.8000184	95.09998612	64.50002537	61.6000161	20131.7998
2048	1173.299959	578.0000362	637.8999493	2183.799943	3659.900031	3585.19992	2739.900035	1889.700007	1252.600002	818.7000025	532.4999434	345.6999343	224.1999878	145.499951	94.60000795	64.20003564	61.09995203	19986.7997
2049	1151.700089	567.2000006	626.0999782	2143.300022	3592.100013	3518.700059	2689.199949	1854.600007	1229.699983	803.700059	522.5999465	339.199936	219.9000089	142.6999157	92.80002337	62.89994663	59.99997785	19616.39991
2050	1151.700089	567.2000006	626.0999782	2143.300022	3592.100013	3518.700059	2689.199949	1854.600007	1229.699983	803.700059	522.5999465	339.199936	219.9000089	142.6999157	92.80002337	62.89994663	59.99997785	19616.39991
