south_africa_test	Total	Male	Female
1970			
 0-4	0.000000	0.000000	0.000000
 5-9	0.000000	0.000000	0.000000
 10-14 	0.000000	0.000000	0.000000
 15-19 	0.000000	0.000000	0.000000
 20-24 	0.000000	0.000000	0.000000
 25-29 	0.000000	0.000000	0.000000
 30-34 	0.000000	0.000000	0.000000
 35-39 	0.000000	0.000000	0.000000
 40-44 	0.000000	0.000000	0.000000
 45-49 	0.000000	0.000000	0.000000
 50-54 	0.000000	0.000000	0.000000
 55-59 	0.000000	0.000000	0.000000
 60-64 	0.000000	0.000000	0.000000
 65-69 	0.000000	0.000000	0.000000
 70-74 	0.000000	0.000000	0.000000
 75-79 	0.000000	0.000000	0.000000
 80+ 	0.000000	0.000000	0.000000
Total	0.000000	0.000000	0.000000
1971			
 0-4	0.000000	0.000000	0.000000
 5-9	0.000000	0.000000	0.000000
 10-14 	0.000000	0.000000	0.000000
 15-19 	0.000000	0.000000	0.000000
 20-24 	0.000000	0.000000	0.000000
 25-29 	0.000000	0.000000	0.000000
 30-34 	0.000000	0.000000	0.000000
 35-39 	0.000000	0.000000	0.000000
 40-44 	0.000000	0.000000	0.000000
 45-49 	0.000000	0.000000	0.000000
 50-54 	0.000000	0.000000	0.000000
 55-59 	0.000000	0.000000	0.000000
 60-64 	0.000000	0.000000	0.000000
 65-69 	0.000000	0.000000	0.000000
 70-74 	0.000000	0.000000	0.000000
 75-79 	0.000000	0.000000	0.000000
 80+ 	0.000000	0.000000	0.000000
Total	0.000000	0.000000	0.000000
1972			
 0-4	0.000000	0.000000	0.000000
 5-9	0.000000	0.000000	0.000000
 10-14 	0.000000	0.000000	0.000000
 15-19 	0.000000	0.000000	0.000000
 20-24 	0.000000	0.000000	0.000000
 25-29 	0.000000	0.000000	0.000000
 30-34 	0.000000	0.000000	0.000000
 35-39 	0.000000	0.000000	0.000000
 40-44 	0.000000	0.000000	0.000000
 45-49 	0.000000	0.000000	0.000000
 50-54 	0.000000	0.000000	0.000000
 55-59 	0.000000	0.000000	0.000000
 60-64 	0.000000	0.000000	0.000000
 65-69 	0.000000	0.000000	0.000000
 70-74 	0.000000	0.000000	0.000000
 75-79 	0.000000	0.000000	0.000000
 80+ 	0.000000	0.000000	0.000000
Total	0.000000	0.000000	0.000000
1973			
 0-4	0.000000	0.000000	0.000000
 5-9	0.000000	0.000000	0.000000
 10-14 	0.000000	0.000000	0.000000
 15-19 	0.000000	0.000000	0.000000
 20-24 	0.000000	0.000000	0.000000
 25-29 	0.000000	0.000000	0.000000
 30-34 	0.000000	0.000000	0.000000
 35-39 	0.000000	0.000000	0.000000
 40-44 	0.000000	0.000000	0.000000
 45-49 	0.000000	0.000000	0.000000
 50-54 	0.000000	0.000000	0.000000
 55-59 	0.000000	0.000000	0.000000
 60-64 	0.000000	0.000000	0.000000
 65-69 	0.000000	0.000000	0.000000
 70-74 	0.000000	0.000000	0.000000
 75-79 	0.000000	0.000000	0.000000
 80+ 	0.000000	0.000000	0.000000
Total	0.000000	0.000000	0.000000
1974			
 0-4	0.000000	0.000000	0.000000
 5-9	0.000000	0.000000	0.000000
 10-14 	0.000000	0.000000	0.000000
 15-19 	0.000000	0.000000	0.000000
 20-24 	0.000000	0.000000	0.000000
 25-29 	0.000000	0.000000	0.000000
 30-34 	0.000000	0.000000	0.000000
 35-39 	0.000000	0.000000	0.000000
 40-44 	0.000000	0.000000	0.000000
 45-49 	0.000000	0.000000	0.000000
 50-54 	0.000000	0.000000	0.000000
 55-59 	0.000000	0.000000	0.000000
 60-64 	0.000000	0.000000	0.000000
 65-69 	0.000000	0.000000	0.000000
 70-74 	0.000000	0.000000	0.000000
 75-79 	0.000000	0.000000	0.000000
 80+ 	0.000000	0.000000	0.000000
Total	0.000000	0.000000	0.000000
1975			
 0-4	0.000000	0.000000	0.000000
 5-9	0.000000	0.000000	0.000000
 10-14 	0.000000	0.000000	0.000000
 15-19 	0.000000	0.000000	0.000000
 20-24 	0.000000	0.000000	0.000000
 25-29 	0.000000	0.000000	0.000000
 30-34 	0.000000	0.000000	0.000000
 35-39 	0.000000	0.000000	0.000000
 40-44 	0.000000	0.000000	0.000000
 45-49 	0.000000	0.000000	0.000000
 50-54 	0.000000	0.000000	0.000000
 55-59 	0.000000	0.000000	0.000000
 60-64 	0.000000	0.000000	0.000000
 65-69 	0.000000	0.000000	0.000000
 70-74 	0.000000	0.000000	0.000000
 75-79 	0.000000	0.000000	0.000000
 80+ 	0.000000	0.000000	0.000000
Total	0.000000	0.000000	0.000000
1976			
 0-4	0.000000	0.000000	0.000000
 5-9	0.000000	0.000000	0.000000
 10-14 	0.000000	0.000000	0.000000
 15-19 	0.000000	0.000000	0.000000
 20-24 	0.000000	0.000000	0.000000
 25-29 	0.000000	0.000000	0.000000
 30-34 	0.000000	0.000000	0.000000
 35-39 	0.000000	0.000000	0.000000
 40-44 	0.000000	0.000000	0.000000
 45-49 	0.000000	0.000000	0.000000
 50-54 	0.000000	0.000000	0.000000
 55-59 	0.000000	0.000000	0.000000
 60-64 	0.000000	0.000000	0.000000
 65-69 	0.000000	0.000000	0.000000
 70-74 	0.000000	0.000000	0.000000
 75-79 	0.000000	0.000000	0.000000
 80+ 	0.000000	0.000000	0.000000
Total	0.000000	0.000000	0.000000
1977			
 0-4	0.000000	0.000000	0.000000
 5-9	0.000000	0.000000	0.000000
 10-14 	0.000000	0.000000	0.000000
 15-19 	0.000000	0.000000	0.000000
 20-24 	0.000000	0.000000	0.000000
 25-29 	0.000000	0.000000	0.000000
 30-34 	0.000000	0.000000	0.000000
 35-39 	0.000000	0.000000	0.000000
 40-44 	0.000000	0.000000	0.000000
 45-49 	0.000000	0.000000	0.000000
 50-54 	0.000000	0.000000	0.000000
 55-59 	0.000000	0.000000	0.000000
 60-64 	0.000000	0.000000	0.000000
 65-69 	0.000000	0.000000	0.000000
 70-74 	0.000000	0.000000	0.000000
 75-79 	0.000000	0.000000	0.000000
 80+ 	0.000000	0.000000	0.000000
Total	0.000000	0.000000	0.000000
1978			
 0-4	0.000000	0.000000	0.000000
 5-9	0.000000	0.000000	0.000000
 10-14 	0.000000	0.000000	0.000000
 15-19 	0.000000	0.000000	0.000000
 20-24 	0.000000	0.000000	0.000000
 25-29 	0.000000	0.000000	0.000000
 30-34 	0.000000	0.000000	0.000000
 35-39 	0.000000	0.000000	0.000000
 40-44 	0.000000	0.000000	0.000000
 45-49 	0.000000	0.000000	0.000000
 50-54 	0.000000	0.000000	0.000000
 55-59 	0.000000	0.000000	0.000000
 60-64 	0.000000	0.000000	0.000000
 65-69 	0.000000	0.000000	0.000000
 70-74 	0.000000	0.000000	0.000000
 75-79 	0.000000	0.000000	0.000000
 80+ 	0.000000	0.000000	0.000000
Total	0.000000	0.000000	0.000000
1979			
 0-4	0.000000	0.000000	0.000000
 5-9	0.000000	0.000000	0.000000
 10-14 	0.000000	0.000000	0.000000
 15-19 	0.000000	0.000000	0.000000
 20-24 	0.000000	0.000000	0.000000
 25-29 	0.000000	0.000000	0.000000
 30-34 	0.000000	0.000000	0.000000
 35-39 	0.000000	0.000000	0.000000
 40-44 	0.000000	0.000000	0.000000
 45-49 	0.000000	0.000000	0.000000
 50-54 	0.000000	0.000000	0.000000
 55-59 	0.000000	0.000000	0.000000
 60-64 	0.000000	0.000000	0.000000
 65-69 	0.000000	0.000000	0.000000
 70-74 	0.000000	0.000000	0.000000
 75-79 	0.000000	0.000000	0.000000
 80+ 	0.000000	0.000000	0.000000
Total	0.000000	0.000000	0.000000
1980			
 0-4	0.000000	0.000000	0.000000
 5-9	0.000000	0.000000	0.000000
 10-14 	0.000000	0.000000	0.000000
 15-19 	0.000000	0.000000	0.000000
 20-24 	0.000000	0.000000	0.000000
 25-29 	0.000000	0.000000	0.000000
 30-34 	0.000000	0.000000	0.000000
 35-39 	0.000000	0.000000	0.000000
 40-44 	0.000000	0.000000	0.000000
 45-49 	0.000000	0.000000	0.000000
 50-54 	0.000000	0.000000	0.000000
 55-59 	0.000000	0.000000	0.000000
 60-64 	0.000000	0.000000	0.000000
 65-69 	0.000000	0.000000	0.000000
 70-74 	0.000000	0.000000	0.000000
 75-79 	0.000000	0.000000	0.000000
 80+ 	0.000000	0.000000	0.000000
Total	0.000000	0.000000	0.000000
1981			
 0-4	0.000000	0.000000	0.000000
 5-9	0.000000	0.000000	0.000000
 10-14 	0.000000	0.000000	0.000000
 15-19 	0.000000	0.000000	0.000000
 20-24 	0.000000	0.000000	0.000000
 25-29 	0.000000	0.000000	0.000000
 30-34 	0.000000	0.000000	0.000000
 35-39 	0.000000	0.000000	0.000000
 40-44 	0.000000	0.000000	0.000000
 45-49 	0.000000	0.000000	0.000000
 50-54 	0.000000	0.000000	0.000000
 55-59 	0.000000	0.000000	0.000000
 60-64 	0.000000	0.000000	0.000000
 65-69 	0.000000	0.000000	0.000000
 70-74 	0.000000	0.000000	0.000000
 75-79 	0.000000	0.000000	0.000000
 80+ 	0.000000	0.000000	0.000000
Total	0.000000	0.000000	0.000000
1982			
 0-4	0.000000	0.000000	0.000000
 5-9	0.000000	0.000000	0.000000
 10-14 	0.000000	0.000000	0.000000
 15-19 	0.000000	0.000000	0.000000
 20-24 	0.000000	0.000000	0.000000
 25-29 	0.000000	0.000000	0.000000
 30-34 	0.000000	0.000000	0.000000
 35-39 	0.000000	0.000000	0.000000
 40-44 	0.000000	0.000000	0.000000
 45-49 	0.000000	0.000000	0.000000
 50-54 	0.000000	0.000000	0.000000
 55-59 	0.000000	0.000000	0.000000
 60-64 	0.000000	0.000000	0.000000
 65-69 	0.000000	0.000000	0.000000
 70-74 	0.000000	0.000000	0.000000
 75-79 	0.000000	0.000000	0.000000
 80+ 	0.000000	0.000000	0.000000
Total	0.000000	0.000000	0.000000
1983			
 0-4	0.000000	0.000000	0.000000
 5-9	0.000000	0.000000	0.000000
 10-14 	0.000000	0.000000	0.000000
 15-19 	0.000000	0.000000	0.000000
 20-24 	0.000000	0.000000	0.000000
 25-29 	0.000000	0.000000	0.000000
 30-34 	0.000000	0.000000	0.000000
 35-39 	0.000000	0.000000	0.000000
 40-44 	0.000000	0.000000	0.000000
 45-49 	0.000000	0.000000	0.000000
 50-54 	0.000000	0.000000	0.000000
 55-59 	0.000000	0.000000	0.000000
 60-64 	0.000000	0.000000	0.000000
 65-69 	0.000000	0.000000	0.000000
 70-74 	0.000000	0.000000	0.000000
 75-79 	0.000000	0.000000	0.000000
 80+ 	0.000000	0.000000	0.000000
Total	0.000000	0.000000	0.000000
1984			
 0-4	0.000000	0.000000	0.000000
 5-9	0.000000	0.000000	0.000000
 10-14 	0.000000	0.000000	0.000000
 15-19 	0.000000	0.000000	0.000000
 20-24 	0.000000	0.000000	0.000000
 25-29 	0.000000	0.000000	0.000000
 30-34 	0.000000	0.000000	0.000000
 35-39 	0.000000	0.000000	0.000000
 40-44 	0.000000	0.000000	0.000000
 45-49 	0.000000	0.000000	0.000000
 50-54 	0.000000	0.000000	0.000000
 55-59 	0.000000	0.000000	0.000000
 60-64 	0.000000	0.000000	0.000000
 65-69 	0.000000	0.000000	0.000000
 70-74 	0.000000	0.000000	0.000000
 75-79 	0.000000	0.000000	0.000000
 80+ 	0.000000	0.000000	0.000000
Total	0.000000	0.000000	0.000000
1985			
 0-4	0.000000	0.000000	0.000000
 5-9	0.000000	0.000000	0.000000
 10-14 	0.000000	0.000000	0.000000
 15-19 	0.000000	0.000000	0.000000
 20-24 	0.000000	0.000000	0.000000
 25-29 	0.000000	0.000000	0.000000
 30-34 	0.000000	0.000000	0.000000
 35-39 	0.000000	0.000000	0.000000
 40-44 	0.000000	0.000000	0.000000
 45-49 	0.000000	0.000000	0.000000
 50-54 	0.000000	0.000000	0.000000
 55-59 	0.000000	0.000000	0.000000
 60-64 	0.000000	0.000000	0.000000
 65-69 	0.000000	0.000000	0.000000
 70-74 	0.000000	0.000000	0.000000
 75-79 	0.000000	0.000000	0.000000
 80+ 	0.000000	0.000000	0.000000
Total	0.000000	0.000000	0.000000
1986			
 0-4	21.045840	10.664565	10.381275
 5-9	0.000000	0.000000	0.000000
 10-14 	0.000000	0.000000	0.000000
 15-19 	113.788273	43.673214	70.115059
 20-24 	260.535789	123.355719	137.180071
 25-29 	261.463791	137.710836	123.752954
 30-34 	208.392912	118.089600	90.303312
 35-39 	142.020024	83.026685	58.993340
 40-44 	94.336918	54.087236	40.249682
 45-49 	59.527589	32.445033	27.082556
 50-54 	36.535097	19.380044	17.155053
 55-59 	21.743784	12.044790	9.698994
 60-64 	13.184599	7.824967	5.359632
 65-69 	9.051248	5.428953	3.622295
 70-74 	6.039776	3.107606	2.932170
 75-79 	1.495596	1.058043	0.437553
 80+ 	0.000000	0.000000	0.000000
Total	1249.161237	651.897291	597.263947
1987			
 0-4	96.220999	48.743624	47.477375
 5-9	1.656901	0.837660	0.819240
 10-14 	0.000000	0.000000	0.000000
 15-19 	416.799302	152.347563	264.451739
 20-24 	1016.595409	463.256718	553.338691
 25-29 	1037.862856	529.106151	508.756705
 30-34 	837.585144	460.960031	376.625113
 35-39 	578.225460	329.741777	248.483683
 40-44 	378.338817	212.344890	165.993927
 45-49 	241.200130	128.473758	112.726373
 50-54 	147.096052	75.684881	71.411171
 55-59 	87.919792	47.113217	40.806574
 60-64 	52.974861	30.722227	22.252634
 65-69 	35.588079	20.876377	14.711702
 70-74 	24.516961	12.264411	12.252550
 75-79 	6.320666	4.264407	2.056259
 80+ 	0.080682	0.080682	0.000000
Total	4958.982111	2516.818374	2442.163737
1988			
 0-4	317.384549	160.750503	156.634046
 5-9	12.130083	6.130953	5.999129
 10-14 	0.315625	0.159530	0.156095
 15-19 	1217.927359	426.751456	791.175904
 20-24 	3076.879250	1352.376830	1724.502420
 25-29 	3162.452652	1563.529779	1598.922873
 30-34 	2574.787875	1377.464870	1197.323005
 35-39 	1801.155701	1001.774019	799.381682
 40-44 	1162.786685	638.349688	524.436996
 45-49 	746.415400	388.441048	357.974352
 50-54 	452.788820	226.162753	226.626067
 55-59 	271.603058	140.937332	130.665725
 60-64 	163.206769	92.630864	70.575905
 65-69 	107.661026	61.798412	45.862614
 70-74 	75.978257	36.960507	39.017749
 75-79 	20.024682	13.020535	7.004147
 80+ 	0.394700	0.391292	0.003407
Total	15163.892489	7487.630371	7676.262117
1989			
 0-4	873.579842	442.423337	431.156505
 5-9	45.338442	22.913718	22.424724
 10-14 	2.536834	1.281935	1.254900
 15-19 	3177.119869	1076.781039	2100.338830
 20-24 	8240.469532	3507.606430	4732.863102
 25-29 	8496.984994	4089.751030	4407.233964
 30-34 	6950.514057	3626.318911	3324.195146
 35-39 	4924.446490	2677.528066	2246.918425
 40-44 	3154.574182	1697.705707	1456.868475
 45-49 	2027.551250	1033.987768	993.563482
 50-54 	1226.855032	597.218819	629.636213
 55-59 	736.471842	371.177283	365.294560
 60-64 	442.253644	245.981230	196.272414
 65-69 	287.720299	162.176256	125.544043
 70-74 	206.051252	97.766875	108.284377
 75-79 	55.519983	34.938645	20.581339
 80+ 	1.356887	1.311983	0.044904
Total	40849.344430	19686.869029	21162.475401
1990			
 0-4	2148.399597	1087.985612	1060.413985
 5-9	103.266977	52.191007	51.075970
 10-14 	2.316217	1.169938	1.146279
 15-19 	7500.347613	2471.103331	5029.244282
 20-24 	19929.723292	8234.681528	11695.041764
 25-29 	20688.707910	9710.968693	10977.739217
 30-34 	16936.980162	8633.008051	8303.972111
 35-39 	12139.788537	6458.184530	5681.604007
 40-44 	7769.909566	4103.663316	3666.246250
 45-49 	4971.190437	2491.205160	2479.985277
 50-54 	3015.104159	1436.927139	1578.177020
 55-59 	1806.430040	887.402509	919.027531
 60-64 	1085.234060	591.979139	493.254921
 65-69 	699.266375	388.877272	310.389104
 70-74 	502.839629	233.825620	269.014009
 75-79 	139.413375	85.062616	54.350760
 80+ 	3.924810	3.724815	0.199995
Total	99442.842759	46871.960277	52570.882482
1991			
 0-4	4760.142544	2410.469537	2349.673006
 5-9	260.764036	131.781756	128.982280
 10-14 	3.306331	1.665869	1.640462
 15-19 	15899.060967	5092.178252	10806.882716
 20-24 	43378.926163	17422.664380	25956.261783
 25-29 	45627.042487	20879.746130	24747.296356
 30-34 	37281.147162	18571.473696	18709.673466
 35-39 	27003.567212	14049.459262	12954.107950
 40-44 	17390.910214	9008.544203	8382.366011
 45-49 	11015.756582	5429.152909	5586.603674
 50-54 	6730.500192	3148.709656	3581.790536
 55-59 	4015.362236	1926.196357	2089.165879
 60-64 	2414.078312	1290.177709	1123.900603
 65-69 	1544.613036	850.115882	694.497154
 70-74 	1105.622396	505.743724	599.878673
 75-79 	318.231859	188.195341	130.036518
 80+ 	10.236137	9.497279	0.738857
Total	218759.267866	100915.771942	117843.495924
1992			
 0-4	9491.514505	4806.095712	4685.418793
 5-9	598.257321	302.323944	295.933377
 10-14 	10.488095	5.277755	5.210340
 15-19 	29997.910508	9369.979764	20627.930744
 20-24 	84447.916046	33112.765490	51335.150556
 25-29 	90700.338177	40574.407060	50125.931118
 30-34 	73870.759679	36063.777479	37806.982199
 35-39 	54015.844735	27545.144017	26470.700718
 40-44 	35202.185806	17909.642350	17292.543456
 45-49 	22018.756571	10694.411427	11324.345145
 50-54 	13583.209356	6258.378570	7324.830786
 55-59 	8062.025385	3786.422981	4275.602405
 60-64 	4848.971740	2539.312436	2309.659304
 65-69 	3083.640409	1684.660849	1398.979559
 70-74 	2184.980951	988.409475	1196.571476
 75-79 	658.200848	377.200782	281.000066
 80+ 	24.413771	22.052143	2.361628
Total	432799.413904	196040.262233	236759.151671
1993			
 0-4	17011.029730	8613.164037	8397.865693
 5-9	1245.518139	629.374515	616.143623
 10-14 	33.239676	16.722242	16.517434
 15-19 	50233.789768	15372.412334	34861.377434
 20-24 	146649.371850	56427.713005	90221.658845
 25-29 	161955.263007	71076.917396	90878.345612
 30-34 	131585.178314	63176.676100	68408.502215
 35-39 	97043.925568	48635.115031	48408.810537
 40-44 	64262.776740	32151.449565	32111.327175
 45-49 	39799.887779	19063.317336	20736.570443
 50-54 	24736.162807	11242.230558	13493.932250
 55-59 	14630.124425	6738.084442	7892.039983
 60-64 	8782.273379	4505.476144	4276.797235
 65-69 	5547.836720	3011.139580	2536.697140
 70-74 	3881.443447	1746.192950	2135.250497
 75-79 	1228.798522	682.035738	546.762784
 80+ 	53.579102	46.856399	6.722703
Total	768680.198973	343134.877370	425545.321602
1994			
 0-4	27458.865085	13902.561244	13556.303841
 5-9	2358.004873	1191.451343	1166.553529
 10-14 	89.241389	44.895090	44.346299
 15-19 	74882.736480	22471.628391	52411.108089
 20-24 	227943.785207	86435.926596	141507.858611
 25-29 	259418.244567	111985.908712	147432.335855
 30-34 	211114.466410	99967.529491	111146.936919
 35-39 	156904.607446	77396.477568	79508.129879
 40-44 	105918.450203	52072.743084	53845.707120
 45-49 	65477.300302	30850.849877	34626.450425
 50-54 	40775.063242	18240.532410	22534.530832
 55-59 	24111.664276	10874.878268	13236.786008
 60-64 	14379.144652	7208.903677	7170.240974
 65-69 	9001.390367	4839.523025	4161.867342
 70-74 	6214.423013	2789.834346	3424.588668
 75-79 	2067.627783	1109.573555	958.054229
 80+ 	108.011116	90.823095	17.188021
Total	1228223.026412	541474.039771	686748.986640
1995			
 0-4	40270.249933	20387.374663	19882.875270
 5-9	4090.107336	2066.510683	2023.596654
 10-14 	214.971203	108.132080	106.839123
 15-19 	100470.588184	29649.456844	70821.131340
 20-24 	319955.246549	119740.479733	200214.766816
 25-29 	376170.060733	160775.117984	215394.942749
 30-34 	308064.516244	144530.275387	163534.240857
 35-39 	230461.401408	112198.127406	118263.274002
 40-44 	158919.617107	76810.917846	82108.699261
 45-49 	98938.678617	45782.835516	53155.843101
 50-54 	61361.457117	26962.049647	34399.407470
 55-59 	36417.953327	16064.703140	20353.250186
 60-64 	21491.481333	10505.960808	10985.520525
 65-69 	13300.721224	7059.596116	6241.125108
 70-74 	9046.222761	4066.685323	4979.537438
 75-79 	3158.075592	1637.466964	1520.608628
 80+ 	198.535370	159.534606	39.000763
Total	1782529.884038	778505.224746	1004024.659292
1996			
 0-4	54490.184746	27582.546301	26907.638445
 5-9	6587.786096	3327.343123	3260.442973
 10-14 	489.253852	246.039092	243.214759
 15-19 	123338.276819	35830.361183	87507.915636
 20-24 	411837.299925	152571.011932	259266.287993
 25-29 	500696.968862	212620.143627	288076.825236
 30-34 	414351.933145	193287.500437	221064.432708
 35-39 	311620.051777	150151.757042	161468.294735
 40-44 	219566.308760	104415.618986	115150.689774
 45-49 	138816.265989	63042.860162	75773.405827
 50-54 	85195.710286	36698.873086	48496.837200
 55-59 	50956.227605	21957.182973	28999.044631
 60-64 	29680.572516	14115.605705	15564.966811
 65-69 	18138.239924	9462.324434	8675.915490
 70-74 	12136.466598	5474.272609	6662.193989
 75-79 	4420.753547	2216.957109	2203.796438
 80+ 	333.794608	255.186912	78.607696
Total	2382656.095055	1033255.584712	1349400.510343
1997			
 0-4	69110.329969	34979.141259	34131.188710
 5-9	10036.868093	5067.411092	4969.457001
 10-14 	1022.889478	514.259472	508.630005
 15-19 	140750.371569	40394.475327	100355.896242
 20-24 	494003.080243	181226.983391	312776.096852
 25-29 	621373.780205	263387.216576	357986.563629
 30-34 	521747.748166	243072.521162	278675.227004
 35-39 	393834.944879	188451.617595	205383.327284
 40-44 	283392.977833	132801.418307	150591.559527
 45-49 	183011.652611	81619.258249	101392.394362
 50-54 	110993.779088	46849.129874	64144.649214
 55-59 	66964.196699	28187.143407	38777.053291
 60-64 	38484.931007	17791.141439	20693.789568
 65-69 	23180.619714	11851.894282	11328.725433
 70-74 	15227.432257	6895.489805	8331.942452
 75-79 	5763.998306	2803.265954	2960.732353
 80+ 	515.897519	374.100771	141.796748
Total	2979415.497638	1286266.467963	1693149.029676
1998			
 0-4	83360.739149	42187.187100	41173.552049
 5-9	14671.517978	7404.107686	7267.410292
 10-14 	1966.523170	988.424657	978.098513
 15-19 	151593.879206	43084.570283	108509.308923
 20-24 	559884.085580	203417.030952	356467.054627
 25-29 	730335.001594	309342.914590	420992.087004
 30-34 	623979.269991	290845.680634	333133.589357
 35-39 	471779.790478	224913.884620	246865.905858
 40-44 	345500.070750	159949.289470	185550.781280
 45-49 	228444.322799	100256.399361	128187.923438
 50-54 	137202.292089	56812.538008	80389.754082
 55-59 	83336.977199	34301.823980	49035.153219
 60-64 	47421.788808	21309.780419	26112.008389
 65-69 	28134.053946	14067.963985	14066.089961
 70-74 	18142.893002	8234.597173	9908.295830
 75-79 	7117.433686	3371.538417	3745.895269
 80+ 	743.203395	510.408481	232.794914
Total	3533613.842822	1520998.139816	2012615.703006
1999			
 0-4	96716.686401	48940.961237	47775.725164
 5-9	20728.474049	10456.386351	10272.087698
 10-14 	3485.898741	1751.764561	1734.134180
 15-19 	156273.186395	44085.444590	112187.741805
 20-24 	607558.267405	218376.947591	389181.319814
 25-29 	824999.417491	348769.733351	476229.684140
 30-34 	716760.671671	333739.714420	383020.957252
 35-39 	542848.301246	258528.558797	284319.742449
 40-44 	401799.377240	184454.097863	217345.279378
 45-49 	271747.293114	117786.086948	153961.206166
 50-54 	162266.891198	66133.203860	96133.687338
 55-59 	98878.551509	39901.150263	58977.401246
 60-64 	56061.069475	24526.007770	31535.061704
 65-69 	32803.394359	16024.137615	16779.256743
 70-74 	20848.474857	9451.997280	11396.477577
 75-79 	8487.124865	3932.486337	4554.638528
 80+ 	1019.093069	661.286955	357.806114
Total	4023282.173084	1727519.965789	2295762.207296
2000			
 0-4	108819.470937	55061.308728	53758.162209
 5-9	28308.730234	14275.525032	14033.205202
 10-14 	5734.355418	2881.285043	2853.070375
 15-19 	156162.600801	43947.679686	112214.921116
 20-24 	638053.074601	226863.415194	411189.659407
 25-29 	902468.499148	378481.660512	523986.838636
 30-34 	800915.089752	372548.145971	428366.943781
 35-39 	606751.894213	289249.574197	317502.320016
 40-44 	449794.532082	205690.399713	244104.132370
 45-49 	310239.145446	133426.007487	176813.137958
 50-54 	184862.971576	74526.752937	110336.218639
 55-59 	112590.709149	44732.441873	67858.267276
 60-64 	64043.095216	27367.387016	36675.708200
 65-69 	37065.743476	17690.648045	19375.095431
 70-74 	23382.441386	10549.710708	12832.730678
 75-79 	9911.079477	4503.641830	5407.437647
 80+ 	1360.203491	832.218391	527.985100
Total	4440463.636404	1902627.802365	2537835.834040
2001			
 0-4	119857.938732	60651.215519	59206.723213
 5-9	37616.687769	18971.502884	18645.184885
 10-14 	8908.872044	4477.036656	4431.835388
 15-19 	153120.492014	43162.524839	109957.967175
 20-24 	653950.314428	230128.058161	423822.256266
 25-29 	964652.797958	400779.959148	563872.838810
 30-34 	875791.554094	404789.542899	471002.011195
 35-39 	663917.485869	316603.838588	347313.647281
 40-44 	488890.627998	223568.878471	265321.749526
 45-49 	342344.248048	146638.962613	195705.285436
 50-54 	204577.618290	81959.607673	122618.010616
 55-59 	123896.573116	48651.225536	75245.347580
 60-64 	71195.342665	29827.277680	41368.064985
 65-69 	40832.971311	19052.271616	21780.699695
 70-74 	25757.428213	11516.814594	14240.613619
 75-79 	11408.256296	5100.920147	6307.336149
 80+ 	1779.255373	1026.078076	753.177297
Total	4788498.464218	2046905.715102	2741592.749116
2002			
 0-4	130328.661181	65956.102872	64372.558309
 5-9	48573.697228	24506.358333	24067.338895
 10-14 	13221.335722	6646.762444	6574.573278
 15-19 	148656.741320	42126.555331	106530.185989
 20-24 	657776.222910	229335.554820	428440.668091
 25-29 	1011867.811903	414787.498380	597080.313523
 30-34 	940033.740752	430945.239668	509088.501083
 35-39 	714787.729606	340888.222295	373899.507311
 40-44 	519138.097524	238232.862954	280905.234570
 45-49 	367074.712121	157172.821815	209901.890307
 50-54 	220579.092934	88175.720211	132403.372723
 55-59 	132645.624916	51659.825019	80985.799897
 60-64 	77271.379398	31856.482957	45414.896441
 65-69 	44059.969807	20122.710266	23937.259540
 70-74 	27917.955133	12338.779397	15579.175737
 75-79 	12888.596157	5676.738040	7211.858117
 80+ 	2278.017161	1242.181582	1035.835579
Total	5069099.385773	2161670.416384	2907428.969389
2003			
 0-4	138310.549417	69997.458959	68313.090459
 5-9	60251.675312	30410.189708	29841.485603
 10-14 	18842.219501	9477.277586	9364.941916
 15-19 	143966.872946	41166.344362	102800.528584
 20-24 	652337.348634	225829.594772	426507.753862
 25-29 	1043753.399693	422046.014704	621707.384990
 30-34 	993468.779306	451085.202175	542383.577131
 35-39 	759096.137765	361502.003825	397594.133940
 40-44 	542037.336100	250088.830503	291948.505597
 45-49 	385135.186494	165213.575277	219921.611217
 50-54 	233258.488853	93235.017890	140023.470963
 55-59 	139361.047288	53940.927123	85420.120165
 60-64 	82214.015983	33442.552338	48771.463646
 65-69 	46760.430945	20933.446330	25826.984615
 70-74 	29765.233188	12987.893757	16777.339431
 75-79 	14217.510459	6178.827277	8038.683182
 80+ 	2836.891291	1471.822501	1365.068790
Total	5285613.123176	2249006.979085	3036606.144090
2004			
 0-4	142932.836119	72333.974114	70598.862004
 5-9	71773.210057	36238.070385	35535.139672
 10-14 	25939.795141	13054.110403	12885.684738
 15-19 	139652.594386	40455.880830	99196.713556
 20-24 	640109.823815	220579.260559	419530.563256
 25-29 	1063811.376247	424693.541630	639117.834616
 30-34 	1040572.978655	467692.914672	572880.063983
 35-39 	798669.189503	378378.897077	420290.292427
 40-44 	562984.803588	260850.329756	302134.473832
 45-49 	401012.862039	172175.442891	228837.419148
 50-54 	246215.239512	98161.058327	148054.181185
 55-59 	146389.281576	56184.192710	90205.088866
 60-64 	87095.849904	34874.705995	52221.143909
 65-69 	49528.249320	21681.716361	27846.532959
 70-74 	31529.066858	13544.867986	17984.198872
 75-79 	15500.053849	6634.329741	8865.724107
 80+ 	3509.993616	1731.708868	1778.284748
Total	5467227.204186	2319265.002306	3147962.201879
2005			
 0-4	144385.059027	73056.588775	71328.470251
 5-9	82596.773287	41715.999269	40880.774018
 10-14 	34611.853177	17428.334513	17183.518664
 15-19 	136076.827263	40126.894508	95949.932756
 20-24 	623545.824083	214308.829761	409236.994322
 25-29 	1074729.834649	424297.567516	650432.267133
 30-34 	1079285.915381	478676.487659	600609.427723
 35-39 	835304.950149	394020.812324	441284.137825
 40-44 	582669.566392	270735.094416	311934.471977
 45-49 	414938.925643	178214.642630	236724.283013
 50-54 	259434.870677	102984.740428	156450.130248
 55-59 	153743.319955	58467.111446	95276.208509
 60-64 	91763.585500	36138.161238	55625.424262
 65-69 	52328.665779	22387.937343	29940.728436
 70-74 	33157.897470	14001.209720	19156.687750
 75-79 	16707.708154	7046.053199	9661.654956
 80+ 	4255.634902	2011.547532	2244.087370
Total	5619537.211490	2375618.012277	3243919.199214
2006			
 0-4	142597.504767	72137.512982	70459.991786
 5-9	92333.110590	46649.712517	45683.398073
 10-14 	44811.485676	22578.259163	22233.226513
 15-19 	133921.363757	40406.391466	93514.972291
 20-24 	605394.917219	207823.253977	397571.663242
 25-29 	1078576.136460	421991.146563	656584.989896
 30-34 	1114313.968064	488558.118624	625755.849440
 35-39 	870271.380750	406828.271589	463443.109161
 40-44 	603889.565899	280302.527985	323587.037914
 45-49 	428706.170586	183984.267871	244721.902714
 50-54 	274620.125612	108242.662244	166377.463368
 55-59 	162840.379055	61260.046063	101580.332992
 60-64 	96834.601662	37406.509604	59428.092058
 65-69 	55610.179668	23200.466003	32409.713665
 70-74 	34851.427434	14429.388333	20422.039100
 75-79 	17990.514060	7465.826479	10524.687582
 80+ 	5152.754772	2334.994159	2817.760613
Total	5762715.586030	2425599.355623	3337116.230407
2007			
 0-4	142348.931922	72010.668040	70338.263882
 5-9	101966.000455	51538.888050	50427.112405
 10-14 	53180.320579	26790.161636	26390.158943
 15-19 	132795.330329	41062.544539	91732.785790
 20-24 	586912.752869	201435.579018	385477.173851
 25-29 	1077470.536648	418636.891138	658833.645510
 30-34 	1147160.617333	496540.206829	650620.410504
 35-39 	904182.057101	418900.806383	485281.250718
 40-44 	627631.094804	290525.092367	337106.002437
 45-49 	443548.164157	190094.400382	253453.763775
 50-54 	291671.042773	114013.947916	177657.094857
 55-59 	173699.807712	64606.790930	109093.016782
 60-64 	102581.969872	38822.991749	63758.978123
 65-69 	59424.070538	24154.074878	35269.995660
 70-74 	36669.723499	14862.494025	21807.229474
 75-79 	19327.228347	7890.035387	11437.192961
 80+ 	6146.988858	2678.931163	3468.057695
Total	5906716.637795	2474564.504430	3432152.133365
2008			
 0-4	146068.753877	73905.675326	72163.078551
 5-9	112346.554043	56816.588418	55529.965625
 10-14 	64228.757214	32376.813036	31851.944178
 15-19 	133641.758745	42517.816641	91123.942104
 20-24 	568994.325089	195378.998695	373615.326395
 25-29 	1070525.193987	414052.623080	656472.570907
 30-34 	1173043.302486	502069.787843	670973.514643
 35-39 	933952.340970	429001.452272	504950.888698
 40-44 	650040.969446	299809.634569	350231.334877
 45-49 	456199.210197	195504.666717	260694.543480
 50-54 	307021.567924	119215.152296	187806.415629
 55-59 	184741.627960	68041.339957	116700.288003
 60-64 	108287.070951	40223.407167	68063.663784
 65-69 	63252.948086	25092.876321	38160.071766
 70-74 	38425.198393	15247.159603	23178.038790
 75-79 	20540.223415	8259.287099	12280.936316
 80+ 	7120.379138	2998.312919	4122.066219
Total	6038430.181921	2520511.591958	3517918.589964
2009			
 0-4	120210.029951	60787.686276	59422.343674
 5-9	119447.875877	60423.419414	59024.456463
 10-14 	74923.511482	37791.851200	37131.660282
 15-19 	136669.227939	44849.309926	91819.918013
 20-24 	552541.674550	189955.922227	362585.752323
 25-29 	1057001.282957	408013.319822	648987.963135
 30-34 	1191264.063935	505286.638812	685977.425123
 35-39 	960808.891508	438323.969612	522484.921896
 40-44 	668854.368133	307257.353863	361597.014270
 45-49 	465736.009638	200197.246102	265538.763536
 50-54 	319974.093169	123838.572726	196135.520443
 55-59 	195750.215350	71566.772385	124183.442966
 60-64 	114028.410837	41705.696083	72322.714754
 65-69 	67023.422512	26010.583445	41012.839067
 70-74 	40179.733228	15612.623564	24567.109664
 75-79 	21559.132823	8546.158174	13012.974649
 80+ 	8016.002693	3269.096307	4746.906386
Total	6113987.946582	2543436.219937	3570551.726644
2010			
 0-4	89663.171927	45322.258699	44340.913228
 5-9	118364.049415	59868.650152	58495.399263
 10-14 	84539.795523	42668.230292	41871.565231
 15-19 	141260.216848	47853.428765	93406.788083
 20-24 	536932.134101	184907.014487	352025.119613
 25-29 	1038888.814331	400771.378260	638117.436072
 30-34 	1204643.366630	507172.542204	697470.824427
 35-39 	986227.868885	445803.738164	540424.130721
 40-44 	688853.840521	316256.195803	372597.644718
 45-49 	475766.575043	205656.674918	270109.900125
 50-54 	331399.911641	128274.429137	203125.482504
 55-59 	207755.072990	75486.207996	132268.864994
 60-64 	120550.244988	43511.644175	77038.600813
 65-69 	71056.097171	27000.121878	44055.975292
 70-74 	42194.562439	16034.281781	26160.280659
 75-79 	22461.095610	8750.296041	13710.799569
 80+ 	8810.181480	3481.799571	5328.381910
Total	6169366.999542	2558818.892322	3610548.107220
2011			
 0-4	74466.729729	37673.932534	36792.797195
 5-9	118322.973386	59852.477377	58470.496010
 10-14 	94151.320395	47558.413119	46592.907276
 15-19 	146060.172812	51130.382308	94929.790504
 20-24 	519661.738920	179272.204798	340389.534122
 25-29 	1020533.680249	392912.003209	627621.677040
 30-34 	1222136.232773	510346.718101	711789.514672
 35-39 	1027857.685331	459878.265084	567979.420247
 40-44 	722169.065024	329906.473747	392262.591276
 45-49 	497027.059514	216011.597406	281015.462108
 50-54 	348885.007051	135605.637443	213279.369608
 55-59 	225527.275051	81449.277701	144077.997350
 60-64 	130993.040026	46654.371631	84338.668395
 65-69 	76919.801498	28543.391054	48376.410443
 70-74 	45408.642039	16823.434998	28585.207041
 75-79 	23729.080173	9017.048063	14712.032110
 80+ 	9700.776599	3707.597399	5993.179200
Total	6303550.280571	2606343.225971	3697207.054599
2012			
 0-4	68228.732033	34564.318439	33664.413594
 5-9	123937.520653	62734.720815	61202.799837
 10-14 	104114.647791	52644.201398	51470.446393
 15-19 	147009.422664	52592.370141	94417.052523
 20-24 	498660.918975	172167.459516	326493.459459
 25-29 	1003842.497374	384532.627515	619309.869859
 30-34 	1245643.216968	515719.262237	729923.954730
 35-39 	1086298.536774	479719.788837	606578.747937
 40-44 	771355.569340	350374.400080	420981.169260
 45-49 	531345.619440	232057.570174	299288.049266
 50-54 	372296.833408	145851.951726	226444.881682
 55-59 	247362.019243	89012.444828	158349.574415
 60-64 	144704.917533	50969.637241	93735.280292
 65-69 	84275.415457	30603.693727	53671.721730
 70-74 	49730.921494	18016.776808	31714.144686
 75-79 	25565.260192	9439.943969	16125.316223
 80+ 	10832.200008	4013.778538	6818.421470
Total	6515204.249345	2685014.945988	3830189.303357
2013			
 0-4	64098.722134	32513.693712	31585.028422
 5-9	129189.775756	65467.253435	63722.522322
 10-14 	112682.521159	57040.550638	55641.970521
 15-19 	149187.750957	55089.375093	94098.375864
 20-24 	476205.070228	164610.576583	311594.493645
 25-29 	978823.057984	372835.647215	605987.410769
 30-34 	1261852.609031	518650.308299	743202.300732
 35-39 	1142075.055451	498863.447373	643211.608078
 40-44 	823169.711744	372193.515072	450976.196672
 45-49 	567361.394517	249065.733189	318295.661328
 50-54 	395037.868772	156586.904933	238450.963839
 55-59 	268628.797709	96660.342039	171968.455670
 60-64 	159422.292128	55666.456984	103755.835144
 65-69 	91920.457444	32732.377184	59188.080260
 70-74 	54280.148033	19271.014822	35009.133210
 75-79 	27564.156103	9867.930710	17696.225393
 80+ 	12039.414305	4334.725012	7704.689292
Total	6713538.803456	2761449.852295	3952088.951161
2014			
 0-4	55034.446812	27929.191107	27105.255705
 5-9	131561.027776	66758.148468	64802.879309
 10-14 	119068.815121	60339.587846	58729.227275
 15-19 	151395.460780	57489.987208	93905.473573
 20-24 	456324.732080	158425.973873	297898.758207
 25-29 	942577.166662	358380.176610	584196.990051
 30-34 	1264597.154247	518535.228426	746061.925821
 35-39 	1190428.427708	517832.609025	672595.818683
 40-44 	878806.206270	398236.051997	480570.154273
 45-49 	602533.926950	267405.910668	335128.016282
 50-54 	418232.616724	169669.685423	248562.931302
 55-59 	289214.477856	105340.263363	183874.214493
 60-64 	174795.129854	61162.675676	113632.454177
 65-69 	99967.525295	35264.730983	64702.794311
 70-74 	58985.860893	20709.111256	38276.749636
 75-79 	29595.361862	10407.567060	19187.794802
 80+ 	13358.795793	4705.800927	8652.994866
Total	6876477.132682	2838592.699915	4037884.432767
2015			
 0-4	48979.963601	24855.397465	24124.566137
 5-9	118549.523136	60264.222603	58285.300533
 10-14 	117390.561173	59516.322372	57874.238801
 15-19 	153107.512878	59525.867617	93581.645261
 20-24 	438598.056446	153418.140541	285179.915904
 25-29 	903772.757200	344000.976715	559771.780485
 30-34 	1261504.755862	516215.726773	745289.029089
 35-39 	1239248.492507	535794.649690	703453.842816
 40-44 	940983.220509	423901.074007	517082.146501
 45-49 	646126.167426	289157.473375	356968.694051
 50-54 	445728.827970	183966.560619	261762.267351
 55-59 	310918.409258	114315.939340	196602.469918
 60-64 	192429.248719	67223.412585	125205.836134
 65-69 	109481.171981	38137.984973	71343.187008
 70-74 	64358.488673	22234.977009	42123.511664
 75-79 	32054.743973	11051.265433	21003.478540
 80+ 	14868.934188	5087.725340	9781.208848
Total	7038100.835499	2908667.716459	4129433.119040
2016			
 0-4	43475.911294	22067.269103	21408.642191
 5-9	103375.764815	52659.471592	50716.293223
 10-14 	114479.499208	58056.237762	56423.261446
 15-19 	151406.879333	60279.988072	91126.891261
 20-24 	413563.092936	145527.477048	268035.615888
 25-29 	857684.212511	324020.373256	533663.839255
 30-34 	1243445.883312	505705.115083	737740.768229
 35-39 	1277600.275145	547929.792782	729670.482363
 40-44 	1002801.225631	449748.560554	553052.665077
 45-49 	692332.339388	310266.911922	382065.427466
 50-54 	474430.696032	198951.561565	275479.134467
 55-59 	331292.831246	123321.423013	207971.408233
 60-64 	210588.145836	73387.327115	137200.818720
 65-69 	119712.892202	41174.814814	78538.077388
 70-74 	69506.233687	23623.270484	45882.963203
 75-79 	34950.898032	11750.175119	23200.722912
 80+ 	16461.789967	5484.656740	10977.133228
Total	7157108.570574	2953954.426026	4203154.144549
2017			
 0-4	32211.175075	16361.967312	15849.207763
 5-9	88731.374684	45292.114277	43439.260407
 10-14 	114470.294866	58121.731508	56348.563358
 15-19 	152254.444780	61856.583837	90397.860942
 20-24 	390563.725352	138587.816760	251975.908592
 25-29 	809728.413386	304957.060890	504771.352496
 30-34 	1215041.745633	491905.290078	723136.455556
 35-39 	1306242.338612	556840.481533	749401.857079
 40-44 	1065393.717235	474474.746240	590918.970995
 45-49 	740764.331768	332806.125905	407958.205863
 50-54 	506125.932507	215328.861271	290797.071236
 55-59 	351746.223596	132976.702438	218769.521158
 60-64 	229458.915529	79956.501297	149502.414232
 65-69 	131044.933412	44615.262495	86429.670917
 70-74 	74971.447441	25079.383646	49892.063795
 75-79 	38105.867138	12549.246305	25556.620832
 80+ 	18204.309437	5892.847709	12311.461727
Total	7265059.190451	2997602.723503	4267456.466948
2018			
 0-4	23828.001313	12105.441453	11722.559860
 5-9	72188.076082	36940.299274	35247.776808
 10-14 	114608.793741	58294.149497	56314.644244
 15-19 	153943.166530	63461.750339	90481.416191
 20-24 	375530.373403	134941.856567	240588.516836
 25-29 	764626.371377	287630.775595	476995.595782
 30-34 	1177716.993446	474728.136223	702988.857223
 35-39 	1323320.114488	561044.418515	762275.695973
 40-44 	1124634.675113	497291.862517	627342.812596
 45-49 	792445.359305	356262.542514	436182.816791
 50-54 	540122.384386	232522.835021	307599.549365
 55-59 	372446.795360	143321.575006	229125.220354
 60-64 	248331.978454	86763.458724	161568.519729
 65-69 	143391.679969	48420.095257	94971.584712
 70-74 	80857.824877	26632.172093	54225.652784
 75-79 	41469.210237	13402.915546	28066.294691
 80+ 	20078.843191	6316.143438	13762.699753
Total	7369540.641273	3040080.427580	4329460.213693
2019			
 0-4	19865.701841	10089.611971	9776.089870
 5-9	56716.826227	29100.233361	27616.592866
 10-14 	116835.638100	59579.691037	57255.947063
 15-19 	156895.751604	65488.892595	91406.859010
 20-24 	365828.200489	133069.028618	232759.171870
 25-29 	723996.144661	272671.969241	451324.175420
 30-34 	1133766.846603	455285.228383	678481.618220
 35-39 	1328663.378805	560684.016916	767979.361889
 40-44 	1178434.610405	517345.590513	661089.019892
 45-49 	848228.303773	381022.975344	467205.328429
 50-54 	575083.873029	249622.762773	325461.110256
 55-59 	394022.138966	154540.695555	239481.443411
 60-64 	266940.805373	93787.523756	173153.281617
 65-69 	156760.527528	52585.003353	104175.524175
 70-74 	87337.200604	28346.478387	58990.722216
 75-79 	45005.287325	14289.280206	30716.007119
 80+ 	22114.337808	6764.580314	15349.757493
Total	7476495.573141	3084273.562324	4392222.010817
2020			
 0-4	17882.515540	9074.991619	8807.523922
 5-9	47325.059612	24334.253737	22990.805875
 10-14 	106602.211725	54564.677722	52037.534003
 15-19 	155398.891874	64729.986304	90668.905570
 20-24 	360098.554759	132584.447653	227514.107107
 25-29 	689645.929819	260673.431551	428972.498268
 30-34 	1086210.059040	434983.642914	651226.416126
 35-39 	1322968.312337	556020.086455	766948.225883
 40-44 	1224851.724405	534128.570417	690723.153988
 45-49 	904903.601104	404594.852764	500308.748340
 50-54 	613848.704514	268823.932462	345024.772052
 55-59 	417359.725831	166866.377787	250493.348045
 60-64 	284934.733587	101008.855458	183925.878129
 65-69 	171146.186317	57122.159622	114024.026695
 70-74 	94566.301565	30284.078639	64282.222926
 75-79 	48686.799042	15196.762685	33490.036357
 80+ 	24344.293599	7248.845288	17095.448311
Total	7570773.604672	3122239.953077	4448533.651596
2021			
 0-4	17245.222223	8752.431175	8492.791047
 5-9	40365.342734	20761.861696	19603.481038
 10-14 	93683.360849	48175.955566	45507.405283
 15-19 	153165.217532	63777.697682	89387.519850
 20-24 	358880.374485	133289.051083	225591.323402
 25-29 	662162.978658	251724.920707	410438.057951
 30-34 	1038218.272915	415095.752839	623122.520076
 35-39 	1306979.331138	547471.935982	759507.395156
 40-44 	1262652.975913	547273.201491	715379.774422
 45-49 	962964.482118	429005.910639	533958.571479
 50-54 	655243.945868	287981.057214	367262.888655
 55-59 	442709.045781	180050.871403	262658.174378
 60-64 	302352.697658	108532.232351	193820.465307
 65-69 	186326.139011	61977.023745	124349.115266
 70-74 	102775.952170	32532.801547	70243.150623
 75-79 	52474.966171	16108.284651	36366.681520
 80+ 	26802.303584	7780.242794	19022.060790
Total	7665002.608806	3160291.232566	4504711.376240
2022			
 0-4	16083.215579	8163.225079	7919.990499
 5-9	31694.690305	16289.736123	15404.954182
 10-14 	82963.246716	42845.194651	40118.052065
 15-19 	153271.293302	63943.383993	89327.909308
 20-24 	361110.913160	134915.014794	226195.898366
 25-29 	639687.367672	244903.338965	394784.028707
 30-34 	991427.915084	396372.557192	595055.357892
 35-39 	1281268.053212	535267.272013	746000.781198
 40-44 	1290498.102225	556457.757156	734040.345070
 45-49 	1021212.831775	452174.317731	569038.514045
 50-54 	698653.163623	308053.757382	390599.406241
 55-59 	470613.317815	194440.408949	276172.908867
 60-64 	319668.336681	116541.470352	203126.866328
 65-69 	202038.150690	67114.316445	134923.834245
 70-74 	111878.349381	35067.551242	76810.798139
 75-79 	56493.933858	17057.875678	39436.058180
 80+ 	29476.350520	8354.491479	21121.859042
Total	7758039.231600	3197961.669225	4560077.562375
2023			
 0-4	15200.699574	7716.392328	7484.307247
 5-9	23593.242568	12113.537864	11479.704704
 10-14 	68745.390024	35628.799691	33116.590332
 15-19 	152452.498844	63729.785122	88722.713722
 20-24 	364967.624403	136900.846872	228066.777531
 25-29 	625994.557705	241580.340605	384414.217100
 30-34 	948092.448511	379714.927980	568377.520531
 35-39 	1246966.725495	519833.133834	727133.591661
 40-44 	1307586.031485	561396.506002	746189.525482
 45-49 	1076700.246508	473644.776524	603055.469984
 50-54 	745398.507066	329106.425673	416292.081393
 55-59 	500799.350327	209549.455294	291249.895032
 60-64 	337293.596170	125166.809723	212126.786446
 65-69 	217793.573481	72450.154940	145343.418541
 70-74 	121845.215663	37880.278811	83964.936851
 75-79 	60868.945584	18085.529602	42783.415982
 80+ 	32347.111616	8961.137235	23385.974381
Total	7846645.765023	3233458.838102	4613186.926921
2024			
 0-4	16030.316473	8146.753199	7883.563275
 5-9	19894.554679	10187.906480	9706.648200
 10-14 	54165.717457	28201.498361	25964.219096
 15-19 	149852.389583	62645.317357	87207.072226
 20-24 	371612.114998	140171.197091	231440.917907
 25-29 	618939.780106	240571.338884	378368.441222
 30-34 	909193.600673	365400.841447	543792.759227
 35-39 	1206117.983488	502122.877673	703995.105816
 40-44 	1313497.742982	562010.234256	751487.508726
 45-49 	1127469.405221	492730.600942	634738.804279
 50-54 	796197.888863	351457.957527	444739.931336
 55-59 	532048.561166	224637.057148	307411.504018
 60-64 	355826.767255	134606.702898	221220.064357
 65-69 	233349.115107	77979.964546	155369.150561
 70-74 	132658.662578	40964.581467	91694.081111
 75-79 	65729.484111	19233.620281	46495.863830
 80+ 	35401.413699	9592.334934	25809.078766
Total	7937985.498439	3270660.784490	4667324.713949
2025			
 0-4	17552.012329	8920.520611	8631.491718
 5-9	18524.682408	9466.334218	9058.348189
 10-14 	45503.314525	23755.207576	21748.106949
 15-19 	140670.706410	58154.311546	82516.394864
 20-24 	377731.609380	142947.713506	234783.895874
 25-29 	617511.779391	241643.445140	375868.334251
 30-34 	876084.187008	353862.613649	522221.573359
 35-39 	1161318.025613	483334.521831	677983.503782
 40-44 	1308604.471289	558374.264165	750230.207124
 45-49 	1171397.555259	508833.737329	662563.817930
 50-54 	847998.656455	372778.345606	475220.310849
 55-59 	566806.004285	241637.560143	325168.444142
 60-64 	376022.025521	145042.623644	230979.401877
 65-69 	248375.055860	83678.139684	164696.916176
 70-74 	144288.500669	44318.515064	99969.985605
 75-79 	71167.974732	20534.896351	50633.078381
 80+ 	38642.549143	10245.981809	28396.567334
Total	8028199.110277	3307528.731873	4720670.378404
2026			
 0-4	16937.329481	8608.774443	8328.555038
 5-9	17889.406622	9146.360150	8743.046472
 10-14 	38758.696582	20220.109205	18538.587377
 15-19 	129449.034199	52604.324973	76844.709226
 20-24 	381772.025805	144993.256655	236778.769150
 25-29 	621445.076388	244396.340524	377048.735864
 30-34 	849096.180026	345057.020204	504039.159821
 35-39 	1115352.699892	464560.865786	650791.834106
 40-44 	1293335.486733	550728.969403	742606.517330
 45-49 	1207023.476226	521444.502483	685578.973742
 50-54 	901095.236864	394866.802285	506228.434579
 55-59 	603971.537845	258549.565421	345421.972424
 60-64 	398048.421033	156217.877591	241830.543442
 65-69 	262880.625174	89618.163425	173262.461748
 70-74 	156532.741971	47891.777850	108640.964120
 75-79 	77337.151232	22040.152929	55296.998303
 80+ 	42071.170150	10919.058121	31152.112029
Total	8112996.296222	3341863.921450	4771132.374772
2027			
 0-4	16627.367766	8457.474266	8169.893501
 5-9	17914.933333	9161.819872	8753.113461
 10-14 	30758.239732	16005.734195	14752.505537
 15-19 	119472.901275	47657.241850	71815.659425
 20-24 	385784.017541	147051.928269	238732.089272
 25-29 	628971.594446	248223.248868	380748.345579
 30-34 	826783.733332	338203.145066	488580.588265
 35-39 	1070156.232800	446671.873847	623484.358954
 40-44 	1268483.769950	539393.652752	729090.117198
 45-49 	1233189.619960	530310.421224	702879.198736
 50-54 	954552.025546	415883.262681	538668.762865
 55-59 	643021.235472	276298.383062	366722.852410
 60-64 	422416.080610	168459.405663	253956.674948
 65-69 	277302.199385	95962.619106	181339.580279
 70-74 	169187.882366	51665.720018	117522.162348
 75-79 	84170.901356	23731.990338	60438.911017
 80+ 	45771.566713	11633.502786	34138.063927
Total	8194564.301583	3374771.423862	4819792.877721
2028			
 0-4	16756.880572	8526.507930	8230.372642
 5-9	18999.950902	9722.984925	9276.965976
 10-14 	23848.651451	12381.952485	11466.698966
 15-19 	116638.175118	46204.506677	70433.668440
 20-24 	381001.171455	144808.222008	236192.949447
 25-29 	637258.638020	252127.490238	385131.147782
 30-34 	813749.369545	335126.641234	478622.728311
 35-39 	1028105.118201	430636.741455	597468.376746
 40-44 	1235442.932363	524912.518859	710530.413505
 45-49 	1249339.104675	535257.446573	714081.658102
 50-54 	1005728.573587	435477.528603	570251.044984
 55-59 	685268.817637	294971.444511	390297.373126
 60-64 	448929.301025	181361.942398	267567.358628
 65-69 	292024.823955	102832.096058	189192.727896
 70-74 	181867.769086	55587.969671	126279.799416
 75-79 	91654.362786	25606.320434	66048.042352
 80+ 	49826.840208	12411.578359	37415.261850
Total	8276440.480588	3407953.892419	4868486.588169
2029			
 0-4	16609.223357	8450.335964	8158.887392
 5-9	19336.974214	9912.027335	9424.946879
 10-14 	19766.306081	10227.143311	9539.162770
 15-19 	106614.235407	40981.497572	65632.737835
 20-24 	377791.058417	143533.812673	234257.245744
 25-29 	647377.461384	256871.847526	390505.613858
 30-34 	808156.261728	334768.490720	473387.771007
 35-39 	990368.595179	416813.810107	573554.785072
 40-44 	1196383.604032	508300.146305	688083.457726
 45-49 	1255189.377825	536249.103499	718940.274326
 50-54 	1052882.568336	453060.739727	599821.828609
 55-59 	731424.379463	314882.539377	416541.840086
 60-64 	476509.595241	194283.279286	282226.315955
 65-69 	307597.018036	110403.480310	197193.537725
 70-74 	194378.289399	59662.424368	134715.865031
 75-79 	99784.053646	27660.907560	72123.146086
 80+ 	54313.187398	13273.811376	41039.376022
Total	8354482.189142	3439335.397018	4915146.792124
2030			
 0-4	16299.566042	8293.369821	8006.196220
 5-9	19085.250012	9790.866479	9294.383532
 10-14 	17912.781503	9246.897177	8665.884326
 15-19 	95167.064274	35020.476455	60146.587820
 20-24 	374130.262132	141931.855542	232198.406590
 25-29 	655410.730493	260464.957875	394945.772617
 30-34 	808980.763479	336906.484178	472074.279301
 35-39 	958149.775794	405583.621894	552566.153899
 40-44 	1153738.572148	490674.554485	663064.017664
 45-49 	1251046.724881	533327.552380	717719.172501
 50-54 	1094027.133305	468076.328967	625950.804337
 55-59 	778775.878178	333981.916209	444793.961969
 60-64 	507320.125264	208925.353525	298394.771739
 65-69 	324677.230925	118829.333341	205847.897584
 70-74 	206452.152040	63876.441907	142575.710133
 75-79 	108544.681947	29896.300570	78648.381377
 80+ 	59278.256946	14233.211427	45045.045518
Total	8428996.949361	3469059.522232	4959937.427129
2031			
 0-4	15526.262196	7900.954352	7625.307845
 5-9	19255.151220	9891.942200	9363.209020
 10-14 	17817.945149	9208.149043	8609.796106
 15-19 	87543.464224	31030.067839	56513.396384
 20-24 	366008.972548	137931.833173	228077.139375
 25-29 	660404.391524	262961.666912	397442.724612
 30-34 	815790.421789	341062.978559	474727.443231
 35-39 	931905.590833	396992.041888	534913.548945
 40-44 	1110223.636874	473112.848855	637110.788019
 45-49 	1237367.362533	526734.580927	710632.781605
 50-54 	1127812.084658	480061.268434	647750.816224
 55-59 	827560.164739	353883.379845	473676.784893
 60-64 	540471.744355	223541.256905	316930.487450
 65-69 	343422.854758	127891.527208	215531.327550
 70-74 	218102.884009	68291.910600	149810.973409
 75-79 	117794.284107	32282.526169	85511.757938
 80+ 	64805.944823	15312.314245	49493.630578
Total	8501813.160338	3498091.247154	5003721.913185
2032			
 0-4	14619.276574	7440.424233	7178.852341
 5-9	18979.425195	9763.218045	9216.207151
 10-14 	17741.182341	9178.054850	8563.127491
 15-19 	82338.329663	28280.001944	54058.327718
 20-24 	354600.742779	132183.786039	222416.956740
 25-29 	665121.765809	265448.962239	399672.803570
 30-34 	826155.912162	346345.165834	479810.746328
 35-39 	910400.121955	390356.401930	520043.720025
 40-44 	1067556.501904	456390.370506	611166.131399
 45-49 	1214741.162160	516692.247175	698048.914985
 50-54 	1153023.520069	488720.310572	664303.209497
 55-59 	876956.010326	372943.036420	504012.973907
 60-64 	575429.821187	238948.084699	336481.736488
 65-69 	364264.712957	137868.279081	226396.433876
 70-74 	229691.281908	73032.779218	156658.502690
 75-79 	127368.445105	34806.410291	92562.034813
 80+ 	70892.848635	16507.769767	54385.078868
Total	8569881.060729	3524905.302844	5044975.757885
2033			
 0-4	14224.146955	7239.303975	6984.842979
 5-9	18078.023631	9297.575372	8780.448259
 10-14 	18407.186198	9539.952720	8867.233478
 15-19 	79259.726773	26666.139261	52593.587512
 20-24 	349015.860562	129240.927129	219774.933433
 25-29 	661154.098547	263726.357502	397427.741045
 30-34 	836531.717930	351387.024198	485144.693733
 35-39 	898170.195710	387556.783787	510613.411924
 40-44 	1027858.314085	441366.141139	586492.172946
 45-49 	1184449.793010	503699.518153	680750.274857
 50-54 	1169092.620541	493869.601686	675223.018855
 55-59 	924510.172600	390843.088987	533667.083613
 60-64 	613384.743061	255205.497255	358179.245805
 65-69 	387050.928354	148423.293683	238627.634671
 70-74 	241539.259484	78192.487476	163346.772007
 75-79 	136967.196990	37434.650563	99532.546427
 80+ 	77571.021039	17825.077540	59745.943499
Total	8637265.005469	3551513.420426	5085751.585043
2034			
 0-4	13959.708829	7104.534502	6855.174327
 5-9	17411.633021	8953.443745	8458.189276
 10-14 	18667.785712	9702.073351	8965.712361
 15-19 	77491.697411	25766.364783	51725.332629
 20-24 	338342.499260	123586.011475	214756.487785
 25-29 	657483.380375	262285.476744	395197.903631
 30-34 	848512.109395	357228.859874	491283.249521
 35-39 	893586.219231	387666.643379	505919.575852
 40-44 	992221.394527	428378.554372	563842.840155
 45-49 	1148524.368515	488707.534661	659816.833853
 50-54 	1175693.809431	495442.501219	680251.308212
 55-59 	968606.116821	407051.523956	561554.592865
 60-64 	654961.467515	272578.977655	382382.489860
 65-69 	410843.233763	159018.862944	251824.370819
 70-74 	254115.512983	83911.479340	170204.033643
 75-79 	146440.553182	40172.413473	106268.139709
 80+ 	84884.192774	19272.710627	65611.482147
Total	8701745.682746	3576827.966101	5124917.716646
2035			
 0-4	13779.575238	7013.686214	6765.889024
 5-9	16979.979694	8733.624003	8246.355692
 10-14 	18352.663182	9551.867282	8800.795900
 15-19 	75490.793195	24752.344806	50738.448389
 20-24 	327379.585676	117949.620987	209429.964689
 25-29 	654464.012733	260940.586443	393523.426290
 30-34 	857501.022129	361506.279110	495994.743019
 35-39 	895809.481227	390531.952445	505277.528783
 40-44 	961740.773558	417780.161313	543960.612246
 45-49 	1109220.330938	472745.348678	636474.982260
 50-54 	1173045.758367	493447.456774	679598.301593
 55-59 	1007395.630306	421058.637475	586336.992831
 60-64 	697838.173242	289345.458965	408492.714277
 65-69 	437477.516292	171081.991254	266395.525037
 70-74 	267971.555765	90308.843189	177662.712576
 75-79 	155591.322267	43016.021958	112575.300309
 80+ 	92857.809281	20859.883145	71997.926137
Total	8762895.983091	3600623.764041	5162272.219051
2036			
 0-4	13672.519720	6960.259689	6712.260032
 5-9	16428.389058	8450.762776	7977.626282
 10-14 	18554.491481	9676.283415	8878.208066
 15-19 	75458.808243	24778.387423	50680.420820
 20-24 	319362.792675	113848.549491	205514.243185
 25-29 	647280.410394	257357.129818	389923.280576
 30-34 	862653.565625	364264.052845	498389.512780
 35-39 	904244.683100	395616.390950	508628.292150
 40-44 	936876.484586	409650.465861	527226.018725
 45-49 	1069080.433197	456818.512719	612261.920478
 50-54 	1161533.459046	488085.589984	673447.869062
 55-59 	1039592.662850	432429.815899	607162.846951
 60-64 	742112.584054	306858.282023	435254.302032
 65-69 	466284.834120	183153.224558	283131.609562
 70-74 	283246.614317	97205.385746	186041.228571
 75-79 	164434.606956	46010.758137	118423.848819
 80+ 	101458.927831	22584.520888	78874.406944
Total	8822276.267253	3623748.372221	5198527.895032
2037			
 0-4	13508.915654	6877.700742	6631.214912
 5-9	15762.782891	8107.646382	7655.136509
 10-14 	18417.818394	9620.174579	8797.643814
 15-19 	75483.952873	24834.898208	50649.054665
 20-24 	313695.682856	110954.772412	202740.910445
 25-29 	636608.382683	251923.426750	384684.955933
 30-34 	867054.549278	366780.535725	500274.013552
 35-39 	916197.711120	401874.687873	514323.023248
 40-44 	916573.514750	403404.078110	513169.436640
 45-49 	1029723.498923	441654.332723	588069.166201
 50-54 	1141665.695706	479540.705520	662124.990186
 55-59 	1064020.858118	440874.550702	623146.307417
 60-64 	787139.205541	323730.780817	463408.424724
 65-69 	496744.945735	195930.789707	300814.156029
 70-74 	300299.207276	104829.838116	195469.369161
 75-79 	173253.101260	49243.704470	124009.396790
 80+ 	110564.127835	24436.585679	86127.542156
Total	8876713.950894	3644619.208513	5232094.742380
2038			
 0-4	13559.730517	6905.174438	6654.556079
 5-9	15414.214482	7925.584120	7488.630362
 10-14 	17511.670733	9144.235366	8367.435367
 15-19 	75707.380662	24997.297644	50710.083018
 20-24 	309990.118970	109090.465449	200899.653521
 25-29 	631432.276392	249239.508981	382192.767412
 30-34 	862724.188592	364984.147448	497740.041143
 35-39 	927846.607474	407750.149794	520096.457680
 40-44 	905238.202801	400915.980673	504322.222129
 45-49 	993066.311893	428017.186259	565049.125634
 50-54 	1114614.553393	468263.706233	646350.847160
 55-59 	1080119.866146	446211.395925	633908.470221
 60-64 	830685.603509	339683.608382	491001.995127
 65-69 	529904.711463	209448.634015	320456.077448
 70-74 	319025.937540	112921.275277	206104.662263
 75-79 	182292.112895	52779.518134	129512.594761
 80+ 	119976.895331	26399.237292	93577.658039
Total	8929110.382794	3664677.105430	5264433.277364
2039			
 0-4	13794.208562	7025.536271	6768.672291
 5-9	15296.495023	7864.718564	7431.776458
 10-14 	16885.859293	8814.417746	8071.441547
 15-19 	75869.294228	25136.815319	50732.478909
 20-24 	307801.788927	108040.072901	199761.716027
 25-29 	621293.179148	243930.195665	377362.983483
 30-34 	858717.002780	363388.043266	495328.959514
 35-39 	940291.688761	414074.519449	526217.169311
 40-44 	901357.315425	401346.626117	500010.689307
 45-49 	960159.112325	416235.939460	543923.172865
 50-54 	1082255.628308	455125.572371	627130.055936
 55-59 	1087549.784434	448359.333652	639190.450781
 60-64 	871289.998106	354256.045780	517033.952326
 65-69 	566294.629110	223920.017648	342374.611461
 70-74 	338650.429390	121059.017655	217591.411735
 75-79 	191918.385800	56718.609271	135199.776528
 80+ 	129627.508884	28481.600856	101145.908028
Total	8979052.308504	3683777.081994	5295275.226510
2040			
 0-4	13702.390159	6978.816316	6723.573844
 5-9	15231.760158	7833.215179	7398.544980
 10-14 	16515.675525	8621.785519	7893.890006
 15-19 	75623.362628	25045.710403	50577.652225
 20-24 	305635.282105	107041.707532	198593.574573
 25-29 	610407.285515	238325.671814	372081.613701
 30-34 	856229.633279	362394.719329	493834.913950
 35-39 	949196.154631	418548.873545	530647.281087
 40-44 	904253.205876	404602.520546	499650.685330
 45-49 	932006.141147	406630.191239	525375.949909
 50-54 	1046661.572449	441058.783456	605602.788992
 55-59 	1086464.550022	447303.970911	639160.579112
 60-64 	907272.397921	367000.204052	540272.193869
 65-69 	604033.723810	237985.493990	366048.229820
 70-74 	360648.745757	130370.757257	230277.988501
 75-79 	202556.629863	61144.671031	141411.958832
 80+ 	139418.244839	30690.472895	108727.771944
Total	9025856.755686	3701577.565012	5324279.190674
2041			
 0-4	13390.637471	6820.760707	6569.876764
 5-9	15060.804828	7747.637859	7313.166969
 10-14 	15969.525011	8336.876044	7632.648967
 15-19 	75273.115076	24895.043038	50378.072038
 20-24 	305407.007873	107056.973844	198350.034028
 25-29 	602286.615344	234200.519387	368086.095957
 30-34 	849881.731423	359318.077957	490563.653466
 35-39 	953889.848331	421244.075269	532645.773062
 40-44 	913299.487294	410137.420963	503162.066331
 45-49 	909058.474953	399297.893426	509760.581527
 50-54 	1010185.476541	426978.926274	583206.550267
 55-59 	1077182.936192	443206.771990	633976.164202
 60-64 	937442.011629	377524.635255	559917.376374
 65-69 	643074.377072	252709.488073	390364.888999
 70-74 	384583.209722	139713.399651	244869.810071
 75-79 	214313.967782	65920.515622	148393.452160
 80+ 	149367.655550	33054.834463	116312.821088
Total	9069666.882091	3718163.849820	5351503.032270
2042			
 0-4	13073.615124	6660.147933	6413.467191
 5-9	15091.128053	7764.636661	7326.491393
 10-14 	15423.960356	8050.295620	7373.664736
 15-19 	75372.370853	24969.918051	50402.452801
 20-24 	304975.669718	106943.110978	198032.558740
 25-29 	595931.874256	231073.470266	364858.403990
 30-34 	840680.935809	354647.176769	486033.759040
 35-39 	957295.234625	423394.154652	533901.079973
 40-44 	925794.469885	416872.155671	508922.314214
 45-49 	890470.578384	393765.605824	496704.972559
 50-54 	974351.438343	413561.080576	560790.357767
 55-59 	1060136.751244	436213.793003	623922.958242
 60-64 	960698.522778	385559.382459	575139.140320
 65-69 	682962.175999	266994.248737	415967.927262
 70-74 	409961.865229	149651.674657	260310.190572
 75-79 	227462.864511	71220.156966	156242.707545
 80+ 	159622.184754	35623.609367	123998.575387
Total	9109305.639922	3732964.618189	5376341.021733
2043			
 0-4	12732.533161	6486.143626	6246.389535
 5-9	15130.082888	7787.793441	7342.289447
 10-14 	15060.033668	7857.459395	7202.574273
 15-19 	75034.573212	24810.448461	50224.124751
 20-24 	304621.253338	106875.429825	197745.823513
 25-29 	591596.672976	229011.946717	362584.726259
 30-34 	835876.702510	352217.875534	483658.826976
 35-39 	953335.513098	421837.641913	531497.871184
 40-44 	937969.493442	423222.619531	514746.873912
 45-49 	880353.031822	391782.548932	488570.482890
 50-54 	940905.661138	401483.313413	539422.347725
 55-59 	1036385.187119	426721.341075	609663.846045
 60-64 	976505.352793	390929.582020	585575.770773
 65-69 	721729.468897	280608.190655	441121.278242
 70-74 	437680.683413	160199.453656	277481.229756
 75-79 	241943.394747	76859.696477	165083.698270
 80+ 	170243.822657	38427.339199	131816.483458
Total	9147103.460877	3747118.823869	5399984.637008
2044			
 0-4	12413.826662	6322.905441	6090.921221
 5-9	14864.865121	7652.398779	7212.466342
 10-14 	14792.960646	7719.322742	7073.637904
 15-19 	74180.086530	24382.089841	49797.996688
 20-24 	304661.435609	107008.339031	197653.096577
 25-29 	588697.259732	227736.444553	360960.815180
 30-34 	826572.376150	347414.091002	479158.285148
 35-39 	949839.218708	420507.680511	529331.538197
 40-44 	950538.679689	429794.099081	520744.580608
 45-49 	877355.140739	392613.955899	484741.184840
 50-54 	910838.930864	391052.546719	519786.384146
 55-59 	1007645.565115	415510.045783	592135.519332
 60-64 	984513.261080	393538.846160	590974.414920
 65-69 	758096.256949	293173.470883	464922.786065
 70-74 	468170.100796	171513.281612	296656.819184
 75-79 	257153.934726	82540.762554	174613.172172
 80+ 	181445.680300	41530.119075	139915.561225
Total	9181779.579417	3760010.399666	5421769.179750
2045			
 0-4	12061.330409	6142.603821	5918.726587
 5-9	14569.525610	7501.044960	7068.480650
 10-14 	14724.444203	7687.838298	7036.605906
 15-19 	73574.228045	24083.605648	49490.622397
 20-24 	304300.312690	106908.485640	197391.827050
 25-29 	585838.751820	226484.320812	359354.431007
 30-34 	816758.470471	342414.769789	474343.700682
 35-39 	947596.561326	419716.557687	527880.003639
 40-44 	959467.467882	434437.638816	525029.829066
 45-49 	880925.497063	396204.614641	484720.882422
 50-54 	885100.508761	382569.421377	502531.087384
 55-59 	975815.958288	403413.667502	572402.290786
 60-64 	984819.038952	393351.613032	591467.425920
 65-69 	790582.463658	304316.462713	486266.000945
 70-74 	500015.945981	182608.819889	317407.126092
 75-79 	274203.563768	89083.660180	185119.903588
 80+ 	193433.312564	44979.847863	148453.464701
Total	9213787.381491	3771904.972668	5441882.408823
2046			
 0-4	11718.437028	5967.345042	5751.091986
 5-9	14251.510036	7338.250598	6913.259438
 10-14 	14602.842492	7628.114258	6974.728234
 15-19 	73094.937546	23850.969560	49243.967986
 20-24 	303398.887150	106536.921549	196861.965601
 25-29 	585122.233868	226322.932441	358799.301426
 30-34 	809209.043515	338657.274336	470551.769179
 35-39 	941966.169876	417097.862489	524868.307387
 40-44 	964200.431583	437243.399306	526957.032278
 45-49 	890430.255771	402019.036940	488411.218831
 50-54 	864147.016494	376145.543463	488001.473031
 55-59 	943071.050495	391260.066613	551810.983882
 60-64 	977679.644645	390490.579728	587189.064917
 65-69 	818122.763134	313701.067074	504421.696059
 70-74 	533037.081120	194249.907950	338787.173170
 75-79 	292885.632852	95668.006027	197217.626825
 80+ 	206256.626961	48690.141462	157566.485498
Total	9243194.564565	3782867.418837	5460327.145728
2047			
 0-4	11532.707432	5872.180169	5660.527263
 5-9	13846.903755	7129.471991	6717.431763
 10-14 	14595.676141	7626.998489	6968.677652
 15-19 	72711.912396	23672.509475	49039.402921
 20-24 	303009.476646	106404.903360	196604.573287
 25-29 	584214.221277	226065.093711	358149.127566
 30-34 	802636.306829	335491.849949	467144.456879
 35-39 	934279.036185	413304.709950	520974.326235
 40-44 	967440.531862	439355.930127	528084.601736
 45-49 	903241.707359	408997.032527	494244.674832
 50-54 	847238.966104	371367.756211	475871.209893
 55-59 	910828.574931	379665.315547	531163.259385
 60-64 	963457.776613	385069.458762	578388.317851
 65-69 	839721.597675	321086.689548	518634.908128
 70-74 	566965.954113	205635.170783	361330.783330
 75-79 	312748.020025	102712.660590	210035.359435
 80+ 	220165.910390	52796.712985	167369.197405
Total	9268635.279734	3792254.444173	5476380.835561
2048			
 0-4	11483.393099	5846.718038	5636.675061
 5-9	13405.562185	6899.748230	6505.813955
 10-14 	14596.069583	7631.371972	6964.697612
 15-19 	72423.239480	23544.722171	48878.517309
 20-24 	302360.825949	106132.088422	196228.737527
 25-29 	583374.990059	225826.740383	357548.249676
 30-34 	797831.577078	333266.342000	464565.235078
 35-39 	930282.854747	411385.788673	518897.066074
 40-44 	964193.846996	438228.419159	525965.427837
 45-49 	915720.105577	415594.743076	500125.362501
 50-54 	838268.557743	369881.521717	468387.036026
 55-59 	880684.039953	369233.644395	511450.395558
 60-64 	943102.957619	377432.499206	565670.458413
 65-69 	854884.254435	326312.739385	528571.515051
 70-74 	600141.010536	216581.222602	383559.787934
 75-79 	334518.424087	110213.209921	224305.214167
 80+ 	235152.797609	57196.756827	177956.040782
Total	9292424.506736	3801208.276176	5491216.230559
2049			
 0-4	11515.607115	5863.374575	5652.232540
 5-9	13108.021793	6743.984493	6364.037300
 10-14 	14337.118580	7496.758781	6840.359799
 15-19 	72066.889890	23389.014671	48677.875219
 20-24 	301230.170963	105624.873504	195605.297460
 25-29 	583162.186462	225880.787464	357281.398998
 30-34 	794364.938810	331770.650597	462594.288213
 35-39 	922012.606034	407265.588293	514747.017741
 40-44 	961566.867567	437391.085068	524175.782499
 45-49 	928166.430953	422167.323924	505999.107029
 50-54 	835995.670735	371026.116029	464969.554706
 55-59 	853574.949903	360251.511687	493323.438216
 60-64 	918167.351172	368267.093667	549900.257505
 65-69 	863267.397026	329275.769460	533991.627566
 70-74 	631489.301738	226795.773971	404693.527766
 75-79 	358505.162436	118265.516036	240239.646400
 80+ 	250895.226486	61734.243150	189160.983336
Total	9313425.897663	3809209.465371	5504216.432292
2050			
 0-4	11615.713277	5914.892820	5700.820457
 5-9	12913.435873	6642.184864	6271.251009
 10-14 	14082.263199	7362.979985	6719.283215
 15-19 	71854.970890	23314.400635	48540.570255
 20-24 	300277.867005	105214.249643	195063.617362
 25-29 	582597.881557	225728.763654	356869.117903
 30-34 	791189.650025	330420.440443	460769.209583
 35-39 	913202.252259	402896.894166	510305.358092
 40-44 	959876.522175	436968.153678	522908.368497
 45-49 	936931.585436	426785.875835	510145.709602
 50-54 	839891.996747	374731.767589	465160.229157
 55-59 	830288.346512	352931.974571	477356.371941
 60-64 	890210.805993	358214.326315	531996.479678
 65-69 	864704.432207	329807.648269	534896.783938
 70-74 	659532.359244	235870.943664	423661.415581
 75-79 	383565.829686	126159.647979	257406.181708
 80+ 	268063.122505	66905.430443	201157.692062
Total	9330799.034592	3815870.574552	5514928.460040
