Year	CD4500	CD4350_500	CD4250_349	CD4200_249	CD4100_199	CD450_99	CD450
1970	0	0	0	0	0	0	0
1971	0	0	0	0	0	0	0
1972	0	0	0	0	0	0	0
1973	0	0	0	0	0	0	0
1974	0	0	0	0	0	0	0
1975	0	0	0	0	0	0	0
1976	0	0	0	0	0	0	0
1977	0	0	0	0	0	0	0
1978	0	0	0	0	0	0	0
1979	0	0	0	0	0	0	0
1980	0	0	0	0	0	0	0
1981	0	0	0	0	0	0	0
1982	0	0	0	0	0	0	0
1983	0	0	0	0	0	0	0
1984	0	0	0	0	0	0	0
1985	0	0	0	0	0	0	0
1986	745.625087	482.49031	0	0	0	0	0
1987	2851.899349	1877.677016	104.880262	19.499245	6.262373	0.733683	0.152284
1988	8532.849768	5669.864496	467.243685	104.353662	47.866068	8.399331	3.485223
1989	22665.99827	15151.68467	1497.168974	361.452531	192.76812	38.820872	19.99588
1990	54534.16565	36652.47996	4146.223199	1045.906576	605.434081	130.355967	74.294533
1991	118358.2195	80050.58239	10358.63518	2706.125443	1661.901205	373.570074	226.021166
1992	230285.94	156980.7903	23415.50624	6339.456847	4112.220204	958.403557	606.836819
1993	400504.2694	275728.5697	47766.25404	13452.20905	9237.046572	2229.770927	1472.291724
1994	623484.7413	434482.5316	87739.69953	25813.18777	18837.19382	4713.144671	3246.41632
1995	877331.723	620025.2398	145320.9571	44820.51967	34885.92762	9054.435416	6515.75297
1996	1132772.776	812886.3267	218375.524	70661.27316	58709.48089	15799.4739	11884.01528
1997	1364568.758	994994.1909	301776.8514	102275.7935	90568.2221	25233.7048	19827.88973
1998	1556864.248	1153616.712	388700.346	137485.7519	129280.0255	37197.1309	30470.84816
1999	1705106.815	1283486.297	472851.3922	173728.026	172567.2297	51109.63621	43501.71799
2000	1812551.589	1384954.263	549535.0357	208628.6587	217605.9325	66106.09263	58219.50878
2001	1886662.263	1461790.444	616289.8321	240520.1626	261801.4986	81294.60854	73756.15769
2002	1933209.724	1516862.136	671396.4601	268043.9352	302620.552	95739.19803	89085.32178
2003	1958109.429	1553486.848	714506.2392	290555.2893	337559.4821	108322.6935	102584.8978
2004	1965681.972	1574286.49	746194.736	307939.3872	347023.9922	108456.51	95411.82299
2005	1960208.778	1582333.75	767782.4229	320552.5222	363412.2204	113475.9922	97998.91663
2006	1947708.793	1582201.813	781129.5789	329102.6313	360610.3505	109503.1858	87644.09929
2007	1931009.08	1576206.815	787761.7409	334193.9311	357849.9308	106498.9256	80507.43657
2008	1913096.404	1566941.217	789470.0502	336630.0446	375424.2732	115010.9574	91566.08977
2009	1896121.374	1556387.462	787516.2027	337006.2227	383200.2467	119214.7909	97446.0477
2010	1878028.02	1543677.456	743392.5832	311524.1342	369737.1911	116584.9536	91738.77068
2011	1850746.323	1523640.864	633763.0972	244553.2374	256608.4904	71280.6657	37919.3207
2012	1810206.947	1494375.875	518238.6057	173286.4126	137473.7619	31653.24401	12878.16816
2013	1757020.347	1455923.129	573885.3244	203465.5244	178698.4795	47223.99765	25768.40526
2014	1704005.652	1416430.57	552950.2689	196254.9823	170852.7349	44569.89841	24336.66342
2015	1650494.579	1375861.773	451561.3594	140610.1939	92746.85934	19772.20904	7644.646588
2016	1568580.666	1316042.791	432938.7702	131502.1675	83643.12457	17831.6496	6586.121468
2017	1491201.264	1257639.427	431299.4514	134854.0082	90369.03141	19950.09795	7619.938575
2018	1424779.595	1204999.957	425339.857	136790.3903	96286.63035	21741.44927	8609.786199
2019	1369326.38	1158332.261	418685.2072	138018.5674	101854.063	23459.15718	9635.001505
2020	1323424.376	1118133.364	412321.5629	138902.0896	106987.2213	24941.10409	10654.01688
2021	1287287.483	1084817.128	406886.6995	139736.8302	111902.483	26320.92327	11680.47773
2022	1260144.917	1057562.298	402716.3431	140690.778	116729.6016	27733.96922	12777.59784
2023	1238359.192	1035376.596	399559.5639	141696.9918	121362.5712	29324.54894	13952.7409
2024	1220299.701	1016840.14	396515.0053	142352.181	125315.4857	30892.67809	15100.48509
2025	1206753.038	1002156.516	393938.3279	142862.9905	128682.1699	32335.88439	16225.18635
2026	1197091.883	990953.8124	391888.1668	143295.2314	131616.422	33655.83715	17311.80653
2027	1191099.078	983138.0608	390456.0308	143705.6241	134171.0329	34806.84815	18320.07416
2028	1188227.918	978327.4524	389850.1069	144253.9661	136571.7504	35862.09103	19284.58012
2029	1187542.856	975666.6482	389683.1245	144795.554	138692.4996	36807.2687	20164.50619
2030	1188599.569	974838.3266	389850.8789	145296.2836	140488.1958	37611.61931	20937.47556
2031	1191253.477	975646.1296	390541.6597	145891.5704	142169.9289	38338.85832	21648.76077
2032	1194853.954	977661.4538	391631.5126	146554.3062	143711.4015	38984.68389	22280.01627
2033	1199380.301	980553.3986	393035.0675	147272.1867	145111.3618	39542.03985	22831.25619
2034	1204598.735	984100.0509	394766.4199	148089.9882	146428.4762	40027.98837	23291.82921
2035	1209784.737	988000.8418	396613.9056	148922.0581	147640.595	40456.30324	23670.6787
2036	1215156.415	992139.3804	398606.5423	149799.04	148801.0468	40839.01053	23986.6817
2037	1220527.812	996324.1544	400733.2227	150735.9606	149971.1218	41207.70975	24273.21526
2038	1225554.391	1000322.108	402791.2975	151640.612	151068.3795	41549.52555	24521.16827
2039	1230380.375	1004150.199	404769.0753	152510.9985	152091.989	41859.7661	24726.82717
2040	1235005.848	1007826.132	406683.4833	153357.2292	153075.8724	42153.0544	24913.73789
2041	1239450.66	1011375.976	408491.8003	154151.1546	153995.9675	42426.25622	25084.25908
2042	1243785.621	1014858.462	410202.2849	154891.6011	154849.7736	42679.00876	25241.72806
2043	1247985.508	1018257.702	411802.0851	155570.7536	155630.8631	42911.96129	25386.4083
2044	1252000.801	1021545.653	413296.31	156190.1917	156342.3076	43127.27799	25528.03791
2045	1255812.341	1024565.445	414727.8279	156794.4919	157023.4873	43330.65988	25657.96694
2046	1259351.518	1027298.04	416049.2567	157362.9207	157672.7076	43529.00096	25787.89434
2047	1262668.894	1029759.723	417233.2193	157879.4386	158280.8755	43722.60197	25925.89659
2048	1265808.803	1031956.639	418299.5237	158354.5349	158856.8241	43912.47576	26073.04049
2049	1268656.617	1033875.294	419238.0032	158779.9641	159385.7065	44093.10864	26220.5304
2050	1271200.008	1035525.476	420023.2567	159135.4579	159826.9878	44246.42295	26348.76174
