south_africa_test	Total	Male	Female
1970			
 0-4	13386.654119	6708.592956	6678.061163
 5-9	13518.570383	6837.723020	6680.847362
 10-14 	7849.917822	3962.343330	3887.574491
 15-19 	10880.799706	5499.637798	5381.161907
 20-24 	10345.958816	5219.202609	5126.756207
 25-29 	8866.241227	4430.209699	4436.031528
 30-34 	7360.549819	3663.331498	3697.218321
 35-39 	6233.583588	3156.940260	3076.643328
 40-44 	5156.837589	2653.997611	2502.839978
 45-49 	4216.528918	2100.094440	2116.434478
 50-54 	3557.724301	1731.106076	1826.618225
 55-59 	2763.110041	1319.019591	1444.090450
 60-64 	2147.431907	965.658495	1181.773412
 65-69 	1454.678617	618.409580	836.269037
 70-74 	970.466616	387.742346	582.724270
 75-79 	580.724043	213.840384	366.883659
 80+ 	434.719552	141.005657	293.713895
Total	99724.497062	49608.855351	50115.641711
1971			
 0-4	14010.188394	7018.423968	6991.764426
 5-9	14019.297385	7081.165030	6938.132355
 10-14 	8089.651956	4085.259628	4004.392328
 15-19 	11399.336565	5756.223555	5643.113010
 20-24 	10908.478640	5505.338443	5403.140197
 25-29 	9144.950383	4579.146255	4565.804128
 30-34 	7647.103691	3803.497116	3843.606575
 35-39 	6421.813326	3233.278320	3188.535006
 40-44 	5348.347388	2743.539108	2604.808280
 45-49 	4356.927419	2187.160780	2169.766639
 50-54 	3632.659665	1764.550967	1868.108698
 55-59 	2870.523004	1368.837010	1501.685995
 60-64 	2191.085248	991.081597	1200.003652
 65-69 	1518.310950	642.554031	875.756919
 70-74 	978.951173	387.728859	591.222314
 75-79 	588.600472	214.782786	373.817687
 80+ 	439.116941	140.740736	298.376205
Total	103565.342601	51503.308187	52062.034414
1972			
 0-4	14561.899129	7289.819871	7272.079258
 5-9	14624.643393	7376.616610	7248.026783
 10-14 	8358.916022	4222.562156	4136.353866
 15-19 	11914.326075	6013.763255	5900.562820
 20-24 	11505.016292	5812.481241	5692.535051
 25-29 	9507.462736	4776.538329	4730.924407
 30-34 	7978.938449	3975.425322	4003.513127
 35-39 	6651.086700	3337.701186	3313.385514
 40-44 	5558.124032	2843.845291	2714.278742
 45-49 	4513.667709	2280.827704	2232.840005
 50-54 	3720.577553	1808.493601	1912.083952
 55-59 	2973.803215	1417.516873	1556.286342
 60-64 	2240.689301	1018.859180	1221.830121
 65-69 	1575.935450	665.342384	910.593065
 70-74 	993.387443	391.140382	602.247061
 75-79 	596.675497	216.297633	380.377864
 80+ 	446.077507	142.094131	303.983376
Total	107721.226503	53589.325150	54131.901353
1973			
 0-4	15090.899973	7555.039275	7535.860698
 5-9	15250.520176	7676.083627	7574.436550
 10-14 	8642.556591	4366.751169	4275.805422
 15-19 	12414.318949	6263.031574	6151.287375
 20-24 	12118.324817	6125.658672	5992.666145
 25-29 	9896.660204	4986.646128	4910.014076
 30-34 	8313.765218	4152.018020	4161.747199
 35-39 	6889.155766	3448.460547	3440.695218
 40-44 	5767.497020	2940.421479	2827.075541
 45-49 	4680.070020	2377.505470	2302.564550
 50-54 	3811.423273	1856.850514	1954.572759
 55-59 	3074.959595	1464.145169	1610.814426
 60-64 	2293.815614	1048.164561	1245.651053
 65-69 	1632.077602	688.401493	943.676109
 70-74 	1013.011468	396.751274	616.260194
 75-79 	604.336748	217.550756	386.785992
 80+ 	453.075404	143.352526	309.722878
Total	111946.468439	55706.832254	56239.636185
1974			
 0-4	15635.436051	7839.808787	7795.627264
 5-9	15846.199379	7949.004679	7897.194700
 10-14 	8946.077668	4520.132423	4425.945245
 15-19 	12897.211260	6503.486257	6393.725002
 20-24 	12732.393964	6436.320122	6296.073842
 25-29 	10320.340287	5212.054235	5108.286052
 30-34 	8641.668416	4327.296667	4314.371749
 35-39 	7137.533763	3566.767442	3570.766321
 40-44 	5972.877573	3032.260941	2940.616632
 45-49 	4853.089400	2473.666220	2379.423180
 50-54 	3909.238326	1911.930855	1997.307471
 55-59 	3169.434116	1506.997321	1662.436795
 60-64 	2353.669735	1079.657052	1274.012684
 65-69 	1683.753951	710.702994	973.050957
 70-74 	1038.789856	404.894156	633.895699
 75-79 	611.668910	218.566106	393.102804
 80+ 	460.050019	144.507206	315.542813
Total	116209.432675	57838.053464	58371.379210
1975			
 0-4	16122.151310	8073.565810	8048.585500
 5-9	16462.639359	8255.789106	8206.850253
 10-14 	9278.165155	4687.241462	4590.923692
 15-19 	13355.500094	6732.334131	6623.165963
 20-24 	13335.926075	6738.206132	6597.719943
 25-29 	10777.518702	5451.018827	5326.499875
 30-34 	8955.567040	4496.384503	4459.182537
 35-39 	7394.500795	3691.661160	3702.839635
 40-44 	6171.214857	3118.087959	3053.126898
 45-49 	5030.324495	2567.008744	2463.315752
 50-54 	4014.868443	1973.904183	2040.964260
 55-59 	3255.623260	1545.640166	1709.983093
 60-64 	2420.879271	1113.117295	1307.761976
 65-69 	1730.033282	731.911414	998.121867
 70-74 	1070.587278	415.412075	655.175203
 75-79 	618.892494	219.449995	399.442499
 80+ 	467.084117	145.554066	321.530051
Total	120461.476025	59956.287029	60505.188997
1976			
 0-4	16589.964456	8322.033266	8267.931190
 5-9	17051.394226	8532.277633	8519.116593
 10-14 	9629.010652	4856.056211	4772.954441
 15-19 	13784.437379	6948.201405	6836.235974
 20-24 	13896.257687	7014.413701	6881.843986
 25-29 	11273.337066	5703.910899	5569.426167
 30-34 	9236.940576	4647.380310	4589.560266
 35-39 	7658.260079	3821.813567	3836.446512
 40-44 	6355.111745	3195.433678	3159.678067
 45-49 	5204.262357	2650.836211	2553.426146
 50-54 	4132.847025	2044.787269	2088.059756
 55-59 	3326.422009	1577.492370	1748.929639
 60-64 	2499.249468	1149.071234	1350.178234
 65-69 	1766.892457	750.592607	1016.299850
 70-74 	1109.306168	428.539143	680.767025
 75-79 	625.953375	220.131567	405.821808
 80+ 	474.136471	146.475950	327.660521
Total	124613.783196	62009.447021	62604.336175
1977			
 0-4	17034.253522	8545.132459	8489.121063
 5-9	17603.897349	8804.437018	8799.460331
 10-14 	10000.652998	5034.632532	4966.020466
 15-19 	14200.364676	7158.385597	7041.979079
 20-24 	14425.295025	7273.814652	7151.480373
 25-29 	11792.130156	5965.154659	5826.975497
 30-34 	9519.798910	4798.016145	4721.782765
 35-39 	7926.527126	3956.617004	3969.910122
 40-44 	6536.518545	3272.147491	3264.371054
 45-49 	5376.341914	2728.832044	2647.509870
 50-54 	4260.149086	2120.171255	2139.977831
 55-59 	3392.955057	1609.016795	1783.938263
 60-64 	2580.951644	1185.120586	1395.831057
 65-69 	1801.983121	769.070463	1032.912658
 70-74 	1149.983716	442.683055	707.300661
 75-79 	635.240556	221.680206	413.560350
 80+ 	481.241695	147.295556	333.946139
Total	128718.285096	64032.207517	64686.077580
1978			
 0-4	17447.685466	8752.395887	8695.289579
 5-9	18133.603376	9070.295454	9063.307923
 10-14 	10377.811730	5211.440624	5166.371106
 15-19 	14613.603878	7367.319507	7246.284371
 20-24 	14927.119840	7519.775361	7407.344479
 25-29 	12322.217389	6229.418322	6092.799067
 30-34 	9824.300903	4958.231952	4866.068950
 35-39 	8192.004712	4092.465803	4099.538908
 40-44 	6722.899389	3352.925507	3369.973882
 45-49 	5545.681981	2801.963405	2743.718576
 50-54 	4395.125167	2197.308916	2197.816251
 55-59 	3461.915305	1644.325750	1817.589554
 60-64 	2660.533871	1219.246603	1441.287268
 65-69 	1840.498443	788.894501	1051.603942
 70-74 	1189.485644	457.000486	732.485158
 75-79 	648.266762	224.635166	423.631596
 80+ 	488.340315	148.000428	340.339887
Total	132791.094168	66035.643671	66755.450497
1979			
 0-4	17846.894115	8953.006049	8893.888067
 5-9	18664.471584	9347.368010	9317.103573
 10-14 	10714.541441	5358.536132	5356.005309
 15-19 	15036.857080	7580.669987	7456.187093
 20-24 	15403.775311	7754.650454	7649.124857
 25-29 	12854.896887	6493.085687	6361.811200
 30-34 	10166.297340	5135.923687	5030.373654
 35-39 	8452.233286	4228.161957	4224.071329
 40-44 	6920.388240	3441.970266	3478.417973
 45-49 	5712.051593	2871.422388	2840.629205
 50-54 	4537.021078	2274.382691	2262.638387
 55-59 	3538.162507	1686.258697	1851.903810
 60-64 	2734.990823	1250.640338	1484.350485
 65-69 	1885.593151	810.901540	1074.691611
 70-74 	1226.063489	471.071658	754.991831
 75-79 	665.833484	229.284385	436.549099
 80+ 	495.621084	148.689355	346.931729
Total	136855.692494	68036.023283	68819.669211
1980			
 0-4	18244.131167	9153.485698	9090.645468
 5-9	19127.878583	9568.977509	9558.901074
 10-14 	11062.829799	5534.736483	5528.093317
 15-19 	15478.841951	7802.220121	7676.621830
 20-24 	15856.686161	7979.758748	7876.927412
 25-29 	13386.465021	6754.786077	6631.678944
 30-34 	10552.258101	5334.412409	5217.845692
 35-39 	8707.608601	4363.743154	4343.865447
 40-44 	7131.998219	3541.452980	3590.545239
 45-49 	5875.738728	2938.162105	2937.576623
 50-54 	4685.615610	2350.711612	2334.903998
 55-59 	3623.552576	1735.697951	1887.854625
 60-64 	2803.888331	1279.581813	1524.306518
 65-69 	1938.110433	835.181281	1102.929153
 70-74 	1259.511450	484.935593	774.575857
 75-79 	687.906229	235.589723	452.316506
 80+ 	503.387322	149.507001	353.880322
Total	140926.408284	70042.940257	70883.468027
1981			
 0-4	18649.390040	9359.339405	9290.050634
 5-9	19586.548423	9813.221650	9773.326773
 10-14 	11404.782188	5697.510608	5707.271580
 15-19 	15950.321673	8033.407996	7916.913677
 20-24 	16301.961396	8206.006601	8095.954796
 25-29 	13911.593415	7015.102134	6896.491280
 30-34 	11013.236084	5571.290075	5441.946010
 35-39 	8962.974245	4502.747621	4460.226624
 40-44 	7371.970158	3660.635989	3711.334169
 45-49 	6040.624623	3007.088865	3033.535758
 50-54 	4841.091123	2424.967077	2416.124047
 55-59 	3726.335522	1797.154916	1929.180606
 60-64 	2864.001860	1305.803423	1558.198436
 65-69 	2002.571473	863.061068	1139.510405
 70-74 	1287.949490	498.268325	789.681165
 75-79 	715.448091	243.929293	471.518798
 80+ 	511.899006	150.599048	361.299958
Total	145142.698811	72150.134095	72992.564716
1982			
 0-4	19058.433624	9567.690281	9490.743343
 5-9	20041.877393	10042.538689	9999.338705
 10-14 	11728.148392	5857.899121	5870.249271
 15-19 	16458.242633	8282.252342	8175.990291
 20-24 	16745.063001	8433.017608	8312.045393
 25-29 	14419.535038	7267.556883	7151.978155
 30-34 	11511.219259	5825.754994	5685.464266
 35-39 	9233.241312	4649.987501	4583.253811
 40-44 	7625.915045	3790.486494	3835.428550
 45-49 	6210.162376	3080.037030	3130.125346
 50-54 	4999.771142	2497.037054	2502.734088
 55-59 	3840.883579	1864.608664	1976.274915
 60-64 	2923.001247	1333.349886	1589.651361
 65-69 	2071.409788	891.915240	1179.494548
 70-74 	1316.421470	512.137793	804.283677
 75-79 	744.842026	253.134102	491.707924
 80+ 	522.192819	152.282055	369.910764
Total	149450.360145	74301.685737	75148.674408
1983			
 0-4	19463.630438	9774.111949	9689.518489
 5-9	20486.482797	10267.552232	10218.930565
 10-14 	12037.316482	6013.293122	6024.023360
 15-19 	16996.844197	8540.898078	8455.946119
 20-24 	17195.152121	8663.540103	8531.612018
 25-29 	14907.090017	7510.687500	7396.402517
 30-34 	12028.208670	6088.120935	5940.087735
 35-39 	9532.480119	4811.376873	4721.103246
 40-44 	7883.562568	3925.243307	3958.319261
 45-49 	6389.105604	3159.740354	3229.365250
 50-54 	5159.360228	2566.775081	2592.585147
 55-59 	3964.843850	1934.988114	2029.855736
 60-64 	2985.958383	1365.184141	1620.774242
 65-69 	2139.724331	919.911136	1219.813195
 70-74 	1348.555898	527.404231	821.151667
 75-79 	773.775427	262.599053	511.176374
 80+ 	535.037399	154.749732	380.287667
Total	153827.128529	76486.175940	77340.952589
1984			
 0-4	19849.836497	9970.743236	9879.093260
 5-9	20930.949646	10493.436108	10437.513537
 10-14 	12345.639172	6174.142877	6171.496295
 15-19 	17537.158832	8791.000494	8746.158338
 20-24 	17661.476465	8899.573395	8761.903070
 25-29 	15362.812268	7736.943809	7625.868459
 30-34 	12542.631038	6345.335123	6197.295915
 35-39 	9865.438388	4986.883744	4878.554644
 40-44 	8134.750964	4058.071493	4076.679471
 45-49 	6577.118225	3245.750569	3331.367656
 50-54 	5315.306675	2632.210744	2683.095931
 55-59 	4094.926691	2004.795866	2090.130825
 60-64 	3055.553806	1402.588642	1652.965163
 65-69 	2204.400430	945.979818	1258.420612
 70-74 	1386.308150	544.367188	841.940962
 75-79 	800.898565	271.957346	528.941219
 80+ 	550.778453	158.062949	392.715504
Total	158215.984264	78661.843401	79554.140863
1985			
 0-4	20203.942757	10151.055352	10052.887405
 5-9	21376.166354	10720.505255	10655.661099
 10-14 	12612.348051	6301.331788	6311.016263
 15-19 	18092.034878	9056.732583	9035.302295
 20-24 	18154.541970	9144.712883	9009.829088
 25-29 	15776.346052	7938.592904	7837.753148
 30-34 	13038.182986	6586.761328	6451.421657
 35-39 	10228.082721	5172.293701	5055.789020
 40-44 	8372.026519	4183.181066	4188.845453
 45-49 	6770.666704	3335.473632	3435.193072
 50-54 	5462.916423	2690.810620	2772.105803
 55-59 	4227.807393	2071.258555	2156.548838
 60-64 	3131.677485	1445.086235	1686.591250
 65-69 	2264.416099	969.912357	1294.503741
 70-74 	1429.776240	562.781801	866.994440
 75-79 	825.916563	281.100844	544.815719
 80+ 	569.183378	162.124925	407.058453
Total	162536.032574	80773.715830	81762.316744
1986			
 0-4	20499.474823	10300.345730	10199.129093
 5-9	21798.487911	10935.025089	10863.462822
 10-14 	12867.582032	6437.758640	6429.823392
 15-19 	18580.235517	9269.936726	9310.298791
 20-24 	18650.651659	9375.772674	9274.878985
 25-29 	16133.763217	8110.132510	8023.630707
 30-34 	13476.377844	6794.787197	6681.590647
 35-39 	10622.172055	5368.409151	5253.762904
 40-44 	8579.007483	4290.645818	4288.361665
 45-49 	6966.911283	3426.963599	3539.947684
 50-54 	5593.137258	2738.783728	2854.353530
 55-59 	4355.540924	2127.914550	2227.626374
 60-64 	3216.458387	1493.382898	1723.075489
 65-69 	2314.222058	989.872216	1324.349842
 70-74 	1480.394933	582.540083	897.854850
 75-79 	846.556029	289.416220	557.139809
 80+ 	590.080634	166.828704	423.251930
Total	166571.054045	82698.515533	83872.538512
1987			
 0-4	20724.932970	10415.062644	10309.870327
 5-9	22184.062758	11131.165608	11052.897151
 10-14 	13110.762632	6559.902511	6550.860120
 15-19 	18999.812611	9467.394284	9532.418327
 20-24 	19149.309329	9601.477069	9547.832260
 25-29 	16448.569705	8252.170640	8196.399064
 30-34 	13857.207332	6965.308744	6891.898589
 35-39 	11018.782733	5557.623901	5461.158831
 40-44 	8773.844646	4387.853375	4385.991271
 45-49 	7154.397082	3514.234819	3640.162263
 50-54 	5710.384659	2779.590018	2930.794641
 55-59 	4474.182428	2175.098815	2299.083612
 60-64 	3304.263520	1542.158476	1762.105044
 65-69 	2359.832032	1009.151885	1350.680147
 70-74 	1532.517668	602.186893	930.330774
 75-79 	866.408375	297.740486	568.667889
 80+ 	611.821443	171.863774	439.957669
Total	170281.091924	84429.983944	85851.107980
1988			
 0-4	20864.011673	10487.144844	10376.866828
 5-9	22516.022882	11300.363070	11215.659812
 10-14 	13330.150862	6671.061545	6659.089317
 15-19 	19373.396756	9650.749175	9722.647581
 20-24 	19627.114210	9810.174935	9816.939275
 25-29 	16728.381952	8374.029367	8354.352585
 30-34 	14177.338721	7101.959435	7075.379286
 35-39 	11399.206235	5733.728348	5665.477887
 40-44 	8971.090989	4483.569628	4487.521361
 45-49 	7325.413419	3594.484162	3730.929257
 50-54 	5820.909962	2818.012076	3002.897886
 55-59 	4581.726179	2213.694182	2368.031997
 60-64 	3391.844357	1588.729349	1803.115008
 65-69 	2403.562951	1029.305831	1374.257120
 70-74 	1581.212225	619.941306	961.270919
 75-79 	887.471219	306.428120	581.043099
 80+ 	632.854153	176.911148	455.943004
Total	173611.708743	85960.286521	87651.422222
1989			
 0-4	20899.367731	10507.239944	10392.127787
 5-9	22768.260426	11429.630932	11338.629494
 10-14 	13524.857031	6770.202111	6754.654920
 15-19 	19729.370798	9840.642555	9888.728242
 20-24 	20030.951750	9975.396761	10055.554989
 25-29 	16993.449740	8495.026486	8498.423255
 30-34 	14438.398867	7214.608217	7223.790651
 35-39 	11752.327561	5897.042715	5855.284846
 40-44 	9187.419022	4589.202068	4598.216955
 45-49 	7486.183325	3673.452411	3812.730913
 50-54 	5940.034209	2865.225453	3074.808756
 55-59 	4684.771209	2250.565889	2434.205319
 60-64 	3480.348809	1634.146742	1846.202067
 65-69 	2447.428038	1051.918559	1395.509480
 70-74 	1623.228953	634.902925	988.326028
 75-79 	910.452869	315.511307	594.941562
 80+ 	652.221568	181.794251	470.427317
Total	176549.071907	87326.509325	89222.562581
1990			
 0-4	20804.989247	10462.009449	10342.979799
 5-9	22907.342241	11501.939613	11405.402629
 10-14 	13683.779223	6851.670341	6832.108882
 15-19 	19959.256408	9946.921294	10012.335114
 20-24 	20386.830582	10155.018206	10231.812376
 25-29 	17236.317475	8615.185365	8621.132110
 30-34 	14621.395051	7295.895148	7325.499903
 35-39 	12054.640798	6037.022237	6017.618562
 40-44 	9411.618411	4702.101671	4709.516740
 45-49 	7623.754250	3747.400819	3876.353431
 50-54 	6058.929236	2918.654180	3140.275057
 55-59 	4773.604370	2281.427546	2492.176825
 60-64 	3563.422296	1674.269316	1889.152980
 65-69 	2489.725081	1076.094083	1413.630998
 70-74 	1656.651993	646.815883	1009.836109
 75-79 	934.335110	324.579156	609.755955
 80+ 	669.281454	186.354246	482.927208
Total	178835.873227	88423.358550	90412.514677
1991			
 0-4	20574.620518	10347.537883	10227.082635
 5-9	22907.266800	11504.752117	11402.514683
 10-14 	13787.032010	6905.801873	6881.230137
 15-19 	20099.983006	10037.458350	10062.524656
 20-24 	20622.399641	10253.656026	10368.743615
 25-29 	17458.989195	8709.384556	8749.604639
 30-34 	14753.261581	7345.485233	7407.776348
 35-39 	12303.471350	6138.744440	6164.726910
 40-44 	9664.196575	4821.093095	4843.103479
 45-49 	7742.129554	3812.975431	3929.154123
 50-54 	6200.894917	2991.053117	3209.841801
 55-59 	4869.811905	2321.258998	2548.552907
 60-64 	3656.553022	1718.024499	1938.528524
 65-69 	2544.773254	1110.577815	1434.195440
 70-74 	1683.284541	658.795907	1024.488634
 75-79 	961.362341	334.897196	626.465145
 80+ 	683.413649	190.893798	492.519852
Total	180513.443858	89202.390330	91311.053528
1992			
 0-4	20197.675685	10159.106593	10038.569092
 5-9	22706.628917	11406.255355	11300.373563
 10-14 	13799.639009	6914.470565	6885.168444
 15-19 	20095.949577	10043.819153	10052.130424
 20-24 	20634.398928	10269.822926	10364.576002
 25-29 	17554.265021	8747.808201	8806.456821
 30-34 	14755.508134	7333.879468	7421.628666
 35-39 	12426.544317	6176.387559	6250.156758
 40-44 	9870.518590	4911.640356	4958.878234
 45-49 	7824.660119	3858.277097	3966.383022
 50-54 	6323.665088	3057.000322	3266.664766
 55-59 	4951.294040	2356.568636	2594.725404
 60-64 	3736.589253	1753.735197	1982.854056
 65-69 	2594.621988	1143.423933	1451.198054
 70-74 	1699.937976	668.699975	1031.238001
 75-79 	984.238790	343.769565	640.469225
 80+ 	694.055633	194.827894	499.227740
Total	180850.191064	89339.492794	91510.698270
1993			
 0-4	19670.894998	9895.195556	9775.699442
 5-9	22262.790574	11185.040379	11077.750195
 10-14 	13690.219161	6861.748147	6828.471014
 15-19 	19891.339859	9953.944129	9937.395730
 20-24 	20371.971248	10168.622067	10203.349181
 25-29 	17413.891777	8675.086661	8738.805116
 30-34 	14564.077872	7231.601853	7332.476019
 35-39 	12365.372304	6123.739049	6241.633255
 40-44 	9971.039705	4942.601738	5028.437967
 45-49 	7852.047026	3868.647567	3983.399459
 50-54 	6391.392503	3093.806457	3297.586046
 55-59 	5001.461177	2376.232022	2625.229155
 60-64 	3786.716650	1772.419190	2014.297460
 65-69 	2627.123912	1166.858928	1460.264984
 70-74 	1703.091100	674.798510	1028.292590
 75-79 	997.233406	349.056784	648.176622
 80+ 	700.089074	197.619539	502.469536
Total	179260.752346	88537.018575	90723.733772
1994			
 0-4	18974.387639	9546.134422	9428.253216
 5-9	21565.594856	10835.954044	10729.640811
 10-14 	13429.050310	6732.407591	6696.642720
 15-19 	19473.854023	9761.041759	9712.812264
 20-24 	19821.881782	9953.186839	9868.694943
 25-29 	16910.670452	8437.140175	8473.530277
 30-34 	14116.797544	7018.410417	7098.387127
 35-39 	12069.030178	5959.246497	6109.783681
 40-44 	9922.508594	4889.681355	5032.827239
 45-49 	7816.786125	3833.179738	3983.606387
 50-54 	6388.042988	3085.862398	3302.180590
 55-59 	5011.183617	2371.496995	2639.686622
 60-64 	3794.285901	1766.290609	2027.995292
 65-69 	2630.276931	1173.019725	1457.257206
 70-74 	1686.219207	673.658059	1012.561148
 75-79 	993.805739	348.434930	645.370809
 80+ 	697.353733	198.145899	499.207834
Total	175301.729620	86583.291451	88718.438168
1995			
 0-4	18125.890750	9121.230406	9004.660344
 5-9	20646.039942	10374.408813	10271.631129
 10-14 	13017.506941	6526.839208	6490.667732
 15-19 	18879.770806	9481.682370	9398.088436
 20-24 	18954.246337	9573.488887	9380.757450
 25-29 	16111.560734	8108.502728	8003.058007
 30-34 	13416.584784	6704.194877	6712.389908
 35-39 	11541.382370	5687.250267	5854.132103
 40-44 	9723.172391	4751.458424	4971.713967
 45-49 	7729.908899	3754.024393	3975.884506
 50-54 	6324.712237	3033.479792	3291.232445
 55-59 	4987.049914	2342.547291	2644.502624
 60-64 	3761.797500	1735.475838	2026.321662
 65-69 	2602.821614	1159.904771	1442.916843
 70-74 	1648.017495	663.539698	984.477797
 75-79 	971.901862	341.400190	630.501672
 80+ 	682.420516	195.808907	486.611609
Total	169124.785093	83555.236860	85569.548233
1996			
 0-4	17194.017517	8651.748805	8542.268712
 5-9	19610.038936	9850.927606	9759.111330
 10-14 	12507.754476	6269.856309	6237.898167
 15-19 	18209.155710	9161.337945	9047.817765
 20-24 	17976.341817	9167.279713	8809.062104
 25-29 	15098.799190	7682.103700	7416.695490
 30-34 	12554.390491	6328.243085	6226.147406
 35-39 	10856.429680	5353.015685	5503.413994
 40-44 	9382.758053	4547.105907	4835.652146
 45-49 	7596.945425	3646.268848	3950.676577
 50-54 	6191.947775	2938.390217	3253.557558
 55-59 	4929.713607	2293.035848	2636.677759
 60-64 	3696.801938	1686.077387	2010.724551
 65-69 	2555.417134	1131.837036	1423.580097
 70-74 	1598.442362	648.565609	949.876752
 75-79 	932.852136	329.200039	603.652097
 80+ 	655.608860	191.030083	464.578777
Total	161547.415106	79876.023823	81671.391283
1997			
 0-4	16365.939987	8234.479359	8131.460628
 5-9	18654.114670	9367.209403	9286.905267
 10-14 	11995.428166	6010.288862	5985.139304
 15-19 	17645.842814	8892.090582	8753.752232
 20-24 	17127.382224	8811.595006	8315.787218
 25-29 	14110.027497	7293.404433	6816.623064
 30-34 	11711.862439	5980.470119	5731.392320
 35-39 	10167.691690	5027.885100	5139.806591
 40-44 	9024.580613	4336.475595	4688.105018
 45-49 	7492.407480	3547.661122	3944.746358
 50-54 	6090.397930	2851.139327	3239.258603
 55-59 	4897.591497	2251.470916	2646.120581
 60-64 	3649.674060	1643.054481	2006.619579
 65-69 	2516.520072	1103.720693	1412.799380
 70-74 	1555.133310	634.264860	920.868450
 75-79 	893.265569	317.203649	576.061919
 80+ 	626.879306	185.981760	440.897545
Total	154524.739324	76488.395268	78036.344056
1998			
 0-4	15810.644644	7954.566770	7856.077874
 5-9	17941.745957	9006.291940	8935.454017
 10-14 	11575.547440	5796.543961	5779.003479
 15-19 	17338.576006	8748.387833	8590.188173
 20-24 	16585.486046	8603.223166	7982.262880
 25-29 	13358.175123	7023.971269	6334.203854
 30-34 	11037.852981	5722.024645	5315.828336
 35-39 	9597.982916	4773.826273	4824.156642
 40-44 	8731.246973	4166.726234	4564.520739
 45-49 	7459.394459	3486.081639	3973.312820
 50-54 	6069.279651	2800.965340	3268.314312
 55-59 	4921.385586	2234.738993	2686.646594
 60-64 	3654.198229	1623.096695	2031.101535
 65-69 	2511.496036	1088.301559	1423.194477
 70-74 	1535.975158	627.660871	908.314286
 75-79 	866.752814	310.057852	556.694961
 80+ 	606.197973	183.087007	423.110966
Total	149601.937993	74149.552047	75452.385946
1999			
 0-4	15619.959430	7857.873887	7762.085543
 5-9	17565.214868	8815.622107	8749.592761
 10-14 	11318.529545	5664.842549	5653.686996
 15-19 	17360.446421	8766.271053	8594.175368
 20-24 	16459.435712	8589.910748	7869.524964
 25-29 	12968.642878	6926.630858	6042.012019
 30-34 	10596.546394	5569.843509	5026.702885
 35-39 	9219.755658	4624.815248	4594.940410
 40-44 	8543.945018	4062.432602	4481.512416
 45-49 	7512.700241	3474.394270	4038.305971
 50-54 	6145.587653	2800.946463	3344.641190
 55-59 	5012.622066	2251.066285	2761.555781
 60-64 	3726.781997	1634.947251	2091.834746
 65-69 	2556.440867	1093.461136	1462.979731
 70-74 	1556.233206	634.640029	921.593176
 75-79 	867.670726	312.460945	555.209781
 80+ 	603.245360	184.682157	418.563203
Total	147633.758037	73264.841096	74368.916942
2000			
 0-4	15818.046329	7956.558852	7861.487478
 5-9	17544.098761	8805.548398	8738.550363
 10-14 	11248.157992	5627.584899	5620.573093
 15-19 	17720.030394	8949.417640	8770.612755
 20-24 	16771.467535	8780.844982	7990.622554
 25-29 	12915.066250	6960.633867	5954.432383
 30-34 	10448.922984	5569.357637	4879.565347
 35-39 	9053.995978	4588.946127	4465.049850
 40-44 	8470.485508	4028.490721	4441.994788
 45-49 	7649.318736	3513.340583	4135.978154
 50-54 	6315.132766	2851.518114	3463.614652
 55-59 	5168.200461	2300.702171	2867.498290
 60-64 	3868.925425	1679.811396	2189.114030
 65-69 	2655.952410	1121.168396	1534.784013
 70-74 	1623.831854	657.963244	965.868610
 75-79 	904.062883	326.220495	577.842388
 80+ 	625.382983	192.774714	432.608269
Total	148801.079250	73910.882235	74890.197015
2001			
 0-4	16392.061180	8246.017142	8146.044038
 5-9	17859.244752	8967.154703	8892.090049
 10-14 	11362.517392	5684.562210	5677.955181
 15-19 	18395.843080	9290.058653	9105.784428
 20-24 	17500.106067	9171.946555	8328.159512
 25-29 	13228.691022	7177.383911	6051.307112
 30-34 	10547.408312	5668.584500	4878.823812
 35-39 	9086.994128	4651.233583	4435.760545
 40-44 	8510.235278	4062.877888	4447.357390
 45-49 	7858.688324	3595.870189	4262.818135
 50-54 	6584.693011	2955.106476	3629.586535
 55-59 	5381.619591	2379.977039	3001.642552
 60-64 	4080.796582	1757.678472	2323.118110
 65-69 	2806.398500	1169.779281	1636.619219
 70-74 	1738.288042	696.736852	1041.551190
 75-79 	979.272372	353.204991	626.067381
 80+ 	676.693051	208.404156	468.288895
Total	152989.550683	76036.576600	76952.974083
2002			
 0-4	17275.004530	8690.323808	8584.680722
 5-9	18470.550252	9278.371930	9192.178322
 10-14 	11632.694530	5821.149102	5811.545428
 15-19 	19312.068639	9747.709083	9564.359556
 20-24 	18574.555213	9725.955362	8848.599851
 25-29 	13859.669466	7529.879466	6329.790001
 30-34 	10852.053086	5869.515484	4982.537601
 35-39 	9289.526745	4801.841591	4487.685154
 40-44 	8638.839463	4154.688717	4484.150746
 45-49 	8114.408509	3711.444915	4402.963593
 50-54 	6917.527829	3094.988281	3822.539549
 55-59 	5643.398428	2484.352473	3159.045955
 60-64 	4346.359582	1861.214916	2485.144665
 65-69 	3001.634617	1236.913263	1764.721355
 70-74 	1892.848988	748.890458	1143.958530
 75-79 	1086.019267	389.935267	696.083999
 80+ 	757.069408	231.720189	525.349219
Total	159664.228552	79378.894305	80285.334247
2003			
 0-4	18393.967801	9252.735320	9141.232481
 5-9	19338.393895	9718.608939	9619.784955
 10-14 	12010.525990	6012.835935	5997.690055
 15-19 	20384.289307	10280.849013	10103.440294
 20-24 	19910.256218	10405.779344	9504.476874
 25-29 	14747.915574	8005.125698	6742.789876
 30-34 	11327.474002	6154.101353	5173.372649
 35-39 	9616.365627	5014.010654	4602.354973
 40-44 	8839.368100	4291.660545	4547.707555
 45-49 	8405.375808	3851.220971	4554.154837
 50-54 	7302.639769	3262.001889	4040.637880
 55-59 	5953.181847	2610.787722	3342.394125
 60-64 	4651.265834	1982.392592	2668.873242
 65-69 	3232.477577	1318.555346	1913.922230
 70-74 	2074.720468	809.961533	1264.758935
 75-79 	1212.154086	432.375241	779.778845
 80+ 	864.025534	262.122712	601.902822
Total	168264.397435	83665.124807	84599.272628
2004			
 0-4	19680.909548	9899.176848	9781.732700
 5-9	20437.867015	10274.286444	10163.580572
 10-14 	12456.959908	6239.957499	6217.002409
 15-19 	21533.771750	10850.803817	10682.967934
 20-24 	21421.094508	11171.354758	10249.739750
 25-29 	15859.285209	8592.604720	7266.680489
 30-34 	11958.023966	6523.545263	5434.478703
 35-39 	10007.276279	5252.609823	4754.666456
 40-44 	9099.537318	4463.471785	4636.065533
 45-49 	8720.888976	4006.914220	4713.974757
 50-54 	7730.696719	3447.810184	4282.886535
 55-59 	6311.002793	2756.806962	3554.195831
 60-64 	4983.659850	2114.061416	2869.598435
 65-69 	3490.977070	1410.984132	2079.992938
 70-74 	2272.021658	875.612136	1396.409522
 75-79 	1348.556799	477.602724	870.954075
 80+ 	996.750592	299.848367	696.902225
Total	178309.279959	88657.451096	89651.828862
2005			
 0-4	21076.708396	10599.964535	10476.743861
 5-9	21765.111809	10943.402438	10821.709371
 10-14 	12950.249364	6491.489351	6458.760013
 15-19 	22687.470406	11421.855779	11265.614627
 20-24 	23032.165175	11983.845826	11048.319349
 25-29 	17170.609674	9281.620220	7888.989455
 30-34 	12687.424447	6929.514257	5757.910190
 35-39 	10472.984785	5542.822151	4930.162634
 40-44 	9408.987969	4662.962823	4746.025146
 45-49 	9045.448952	4170.899172	4874.549780
 50-54 	8187.534904	3644.708470	4542.826435
 55-59 	6710.947543	2919.591771	3791.355772
 60-64 	5332.331503	2250.432396	3081.899107
 65-69 	3772.418180	1511.784698	2260.633482
 70-74 	2478.037016	943.089724	1534.947291
 75-79 	1493.774876	525.303499	968.471377
 80+ 	1156.603162	345.701351	810.901811
Total	189428.808160	94168.988458	95259.819701
2006			
 0-4	22505.130582	11316.362987	11188.767594
 5-9	23277.319296	11704.649893	11572.669403
 10-14 	13475.801126	6759.443882	6716.357244
 15-19 	23773.606712	11959.665446	11813.941266
 20-24 	24652.875204	12796.335140	11856.540064
 25-29 	18631.782442	10045.673805	8586.108637
 30-34 	13539.848006	7414.190500	6125.657505
 35-39 	10960.428213	5830.761444	5129.666769
 40-44 	9746.375175	4871.155943	4875.219232
 45-49 	9362.243761	4334.065334	5028.178427
 50-54 	8646.027726	3838.381826	4807.645899
 55-59 	7151.527304	3097.873475	4053.653829
 60-64 	5679.918981	2382.754607	3297.164375
 65-69 	4073.935394	1619.569559	2454.365835
 70-74 	2686.556933	1010.207341	1676.349593
 75-79 	1648.882913	575.382552	1073.500360
 80+ 	1345.031115	400.232688	944.798427
Total	201157.290883	99956.706424	101200.584460
2007			
 0-4	23889.012630	12010.508651	11878.503979
 5-9	24898.919341	12519.940029	12378.979312
 10-14 	14038.931729	7046.132218	6992.799511
 15-19 	24754.189945	12447.309499	12306.880445
 20-24 	26179.467982	13556.113105	12623.354877
 25-29 	20178.485521	10850.572086	9327.913435
 30-34 	14498.135372	7943.505383	6554.629988
 35-39 	11457.235290	6131.940708	5325.294582
 40-44 	10099.533951	5089.731247	5009.802704
 45-49 	9655.841574	4491.724487	5164.117087
 50-54 	9085.624348	4022.199942	5063.424406
 55-59 	7608.167366	3281.784013	4326.383353
 60-64 	6025.657233	2511.537372	3514.119861
 65-69 	4386.142031	1730.573779	2655.568252
 70-74 	2892.316003	1075.408211	1816.907793
 75-79 	1806.240368	625.579750	1180.660618
 80+ 	1549.721769	459.269356	1090.452413
Total	213003.622452	105793.829836	107209.792616
2008			
 0-4	25136.739819	12637.109664	12499.630155
 5-9	26498.851881	13323.571555	13175.280326
 10-14 	14644.708607	7353.885704	7290.822903
 15-19 	25588.476570	12866.041068	12722.435502
 20-24 	27502.963596	14208.960429	13294.003167
 25-29 	21716.513027	11644.799163	10071.713864
 30-34 	15523.850492	8504.435388	7019.415104
 35-39 	11963.193425	6440.711511	5522.481913
 40-44 	10441.867223	5303.468518	5138.398705
 45-49 	9905.917701	4636.513218	5269.404483
 50-54 	9476.672024	4186.153257	5290.518767
 55-59 	8056.328462	3461.267538	4595.060924
 60-64 	6363.519377	2635.679748	3727.839629
 65-69 	4696.514135	1840.069672	2856.444463
 70-74 	3093.775531	1138.520612	1955.254919
 75-79 	1960.788699	673.915304	1286.873395
 80+ 	1756.437104	517.910127	1238.526977
Total	224327.117674	111373.012476	112954.105198
2009			
 0-4	26368.011049	13257.761546	13110.249503
 5-9	27865.518758	14009.213178	13856.305580
 10-14 	15283.060128	7677.002068	7606.058060
 15-19 	26225.378738	13190.660294	13034.718444
 20-24 	28519.751724	14704.507010	13815.244714
 25-29 	23111.091143	12356.183431	10754.907712
 30-34 	16569.733871	9069.175409	7500.558461
 35-39 	12482.253646	6762.614736	5719.638910
 40-44 	10720.780027	5484.827706	5235.952321
 45-49 	10088.312790	4761.835713	5326.477077
 50-54 	9776.902335	4317.585050	5459.317285
 55-59 	8463.071405	3624.112793	4838.958612
 60-64 	6682.325029	2752.875169	3929.449860
 65-69 	4988.041627	1942.032402	3046.009225
 70-74 	3286.461077	1198.009632	2088.451445
 75-79 	2101.463431	715.906921	1385.556510
 80+ 	1942.183758	568.634095	1373.549663
Total	234474.340536	116392.937154	118081.403382
2010			
 0-4	27417.569497	13788.950753	13628.618744
 5-9	28928.204510	14542.357862	14385.846647
 10-14 	15947.757205	8012.100941	7935.656263
 15-19 	26660.515027	13417.365506	13243.149522
 20-24 	29186.572990	15023.264182	14163.308808
 25-29 	24263.638662	12933.603810	11330.034852
 30-34 	17598.419525	9616.678063	7981.741462
 35-39 	12972.723657	7053.369247	5919.354411
 40-44 	10966.365296	5671.959635	5294.405661
 45-49 	10199.511128	4870.721448	5328.789680
 50-54 	9960.267499	4411.402305	5548.865194
 55-59 	8808.476373	3763.947969	5044.528404
 60-64 	6977.006172	2863.402666	4113.603506
 65-69 	5249.017146	2032.812824	3216.204322
 70-74 	3469.327311	1253.229594	2216.097717
 75-79 	2218.317676	747.169166	1471.148510
 80+ 	2085.532300	604.908445	1480.623854
Total	242909.221975	120607.244418	122301.977556
2011			
 0-4	28124.213178	14155.163190	13969.049988
 5-9	29634.687695	14899.846750	14734.840946
 10-14 	16613.312513	8347.471332	8265.841181
 15-19 	26935.069502	13565.497043	13369.572460
 20-24 	29533.169925	15184.521992	14348.647932
 25-29 	25125.916343	13354.862399	11771.053943
 30-34 	18580.591710	10131.107890	8449.483820
 35-39 	13490.715956	7372.200241	6118.515715
 40-44 	11150.836854	5828.896181	5321.940673
 45-49 	10229.884639	4962.392012	5267.492626
 50-54 	10009.148500	4472.056360	5537.092140
 55-59 	9066.998469	3876.004060	5190.994409
 60-64 	7254.969583	2974.517025	4280.452558
 65-69 	5469.590231	2109.627062	3359.963170
 70-74 	3641.581137	1304.317284	2337.263854
 75-79 	2296.719390	763.440835	1533.278555
 80+ 	2158.893328	619.383267	1539.510062
Total	249316.298952	123921.304922	125394.994030
2012			
 0-4	28592.589827	14396.672607	14195.917220
 5-9	29983.655057	15077.439240	14906.215816
 10-14 	17199.770823	8642.498998	8557.271825
 15-19 	27026.721739	13619.564440	13407.157299
 20-24 	29611.203478	15210.196711	14401.006767
 25-29 	25678.721218	13606.752145	12071.969073
 30-34 	19447.719992	10575.873132	8871.846860
 35-39 	14017.567517	7678.695769	6338.871748
 40-44 	11293.069994	5968.925912	5324.144082
 45-49 	10226.113536	5040.004658	5186.108878
 50-54 	9953.817460	4497.925718	5455.891742
 55-59 	9230.898617	3950.945793	5279.952824
 60-64 	7495.897861	3072.459346	4423.438515
 65-69 	5647.761761	2171.416610	3476.345151
 70-74 	3809.046478	1354.506744	2454.539733
 75-79 	2362.891116	774.024887	1588.866229
 80+ 	2217.138003	627.726055	1589.411949
Total	253794.584476	126265.628763	127528.955713
2013			
 0-4	28457.854268	14332.510929	14125.343339
 5-9	29943.947435	15060.774791	14883.172645
 10-14 	17545.627340	8816.090476	8729.536863
 15-19 	26786.915985	13505.356659	13281.559326
 20-24 	29212.573133	14996.855357	14215.717776
 25-29 	25711.817855	13584.235638	12127.582217
 30-34 	20015.932992	10852.938714	9162.994278
 35-39 	14430.617267	7914.632505	6515.984762
 40-44 	11333.102266	6052.482405	5280.619862
 45-49 	10117.579507	5062.185173	5055.394334
 50-54 	9744.441838	4463.324438	5281.117400
 55-59 	9231.325097	3961.268712	5270.056385
 60-64 	7636.818563	3131.113305	4505.705258
 65-69 	5749.367558	2205.306811	3544.060747
 70-74 	3935.709288	1391.245210	2544.464078
 75-79 	2404.811618	776.322350	1628.489268
 80+ 	2247.698333	627.190560	1620.507773
Total	254506.140344	126733.834033	127772.306311
2014			
 0-4	28096.829141	14154.918574	13941.910567
 5-9	29530.618108	14856.048558	14674.569550
 10-14 	17599.971128	8843.262267	8756.708862
 15-19 	26390.488344	13309.519163	13080.969180
 20-24 	28520.427553	14637.156773	13883.270781
 25-29 	25379.137079	13371.462525	12007.674555
 30-34 	20317.488910	10981.741171	9335.747739
 35-39 	14764.022489	8096.181429	6667.841060
 40-44 	11340.266925	6114.058153	5226.208772
 45-49 	9927.046924	5032.179084	4894.867840
 50-54 	9447.776028	4394.144517	5053.631512
 55-59 	9099.742427	3921.754081	5177.988346
 60-64 	7692.836985	3155.940604	4536.896381
 65-69 	5798.736554	2220.781019	3577.955535
 70-74 	4023.630445	1415.700410	2607.930035
 75-79 	2434.736173	775.712554	1659.023619
 80+ 	2259.801495	621.307811	1638.493684
Total	252623.556709	125901.868693	126721.688016
2015			
 0-4	27562.727942	13890.027235	13672.700707
 5-9	28993.823843	14589.654504	14404.169339
 10-14 	17442.988489	8764.699274	8678.289215
 15-19 	26015.712610	13121.044741	12894.667869
 20-24 	27731.865521	14227.329221	13504.536301
 25-29 	24865.400905	13065.704457	11799.696448
 30-34 	20442.211375	11011.585500	9430.625874
 35-39 	15075.168624	8255.868092	6819.300532
 40-44 	11337.203225	6146.007062	5191.196163
 45-49 	9743.708650	5012.302983	4731.405666
 50-54 	9135.807769	4319.774734	4816.033035
 55-59 	8883.735186	3853.635181	5030.100005
 60-64 	7693.750890	3158.892603	4534.858287
 65-69 	5825.779457	2229.422378	3596.357079
 70-74 	4082.428764	1431.162529	2651.266236
 75-79 	2465.476560	776.774847	1688.701713
 80+ 	2262.817358	612.731905	1650.085454
Total	249560.607168	124466.617245	125093.989923
2016			
 0-4	26720.986394	13469.224936	13251.761458
 5-9	28314.819292	14250.001208	14064.818084
 10-14 	17094.160441	8587.986267	8506.174174
 15-19 	25624.968786	12915.770282	12709.198503
 20-24 	26858.061098	13761.173611	13096.887488
 25-29 	24204.582636	12680.322007	11524.260630
 30-34 	20376.167818	10933.696415	9442.471403
 35-39 	15329.150998	8375.161946	6953.989052
 40-44 	11355.338175	6191.515479	5163.822696
 45-49 	9534.250767	4960.495022	4573.755746
 50-54 	8806.512009	4231.023239	4575.488770
 55-59 	8579.351591	3755.425990	4823.925601
 60-64 	7614.945868	3129.977517	4484.968351
 65-69 	5828.676139	2230.912657	3597.763482
 70-74 	4097.693433	1432.351202	2665.342231
 75-79 	2493.794154	779.023334	1714.770820
 80+ 	2252.070645	600.459353	1651.611292
Total	245085.530244	122284.520464	122801.009780
2017			
 0-4	25783.055988	13000.003893	12783.052095
 5-9	27568.712803	13878.479527	13690.233276
 10-14 	16625.167858	8353.435243	8271.732616
 15-19 	25225.029823	12712.443902	12512.585921
 20-24 	25926.145089	13276.713890	12649.431200
 25-29 	23398.739692	12232.846936	11165.892755
 30-34 	20081.587468	10736.746131	9344.841336
 35-39 	15479.044909	8433.520318	7045.524591
 40-44 	11381.168190	6222.662433	5158.505758
 45-49 	9310.023040	4899.925346	4410.097695
 50-54 	8483.289939	4142.218072	4341.071867
 55-59 	8220.988598	3640.725828	4580.262769
 60-64 	7473.211916	3077.209661	4396.002255
 65-69 	5808.594132	2224.806342	3583.787790
 70-74 	4084.455861	1424.503251	2659.952610
 75-79 	2520.816965	782.228622	1738.588343
 80+ 	2235.969977	587.095138	1648.874840
Total	239606.002247	119625.564532	119980.437715
2018			
 0-4	24858.948703	12537.615451	12321.333252
 5-9	26698.794745	13444.076202	13254.718543
 10-14 	16206.376016	8145.145619	8061.230397
 15-19 	24853.434377	12521.174250	12332.260128
 20-24 	25124.486133	12853.995614	12270.490520
 25-29 	22614.176961	11798.337259	10815.839702
 30-34 	19694.661102	10490.322777	9204.338325
 35-39 	15592.132676	8467.535531	7124.597146
 40-44 	11456.313406	6270.656268	5185.657138
 45-49 	9128.176245	4853.908800	4274.267445
 50-54 	8194.723640	4062.235870	4132.487769
 55-59 	7853.250068	3526.320246	4326.929822
 60-64 	7291.981937	3011.595798	4280.386139
 65-69 	5775.842036	2214.842239	3560.999797
 70-74 	4061.274617	1414.411247	2646.863370
 75-79 	2546.496033	786.227533	1760.268500
 80+ 	2221.615664	574.859320	1646.756344
Total	234172.684359	116973.260023	117199.424336
2019			
 0-4	23990.458595	12102.988641	11887.469954
 5-9	25928.323612	13060.123022	12868.200591
 10-14 	15780.796682	7933.181761	7847.614921
 15-19 	24475.151817	12327.596145	12147.555673
 20-24 	24506.668651	12524.643799	11982.024852
 25-29 	21883.236670	11396.002616	10487.234053
 30-34 	19263.286994	10222.981384	9040.305610
 35-39 	15667.710758	8478.709552	7189.001206
 40-44 	11588.729631	6341.355798	5247.373833
 45-49 	9021.067024	4842.484197	4178.582827
 50-54 	7934.019136	3984.884424	3949.134711
 55-59 	7507.747366	3424.279071	4083.468294
 60-64 	7085.740620	2940.492380	4145.248240
 65-69 	5736.476083	2202.893237	3533.582846
 70-74 	4041.775547	1406.874202	2634.901345
 75-79 	2570.360188	790.583122	1779.777066
 80+ 	2215.640153	565.654575	1649.985578
Total	229197.189528	114545.727928	114651.461600
2020			
 0-4	23208.934550	11711.962737	11496.971813
 5-9	25190.524128	12692.362238	12498.161890
 10-14 	15386.796977	7736.982615	7649.814362
 15-19 	24071.422930	12122.944782	11948.478148
 20-24 	24100.166459	12305.265197	11794.901262
 25-29 	21227.444768	11037.391470	10190.053298
 30-34 	18820.783322	9954.480081	8866.303241
 35-39 	15703.805923	8467.161727	7236.644195
 40-44 	11774.067528	6433.959639	5340.107889
 45-49 	8964.821074	4838.906741	4125.914333
 50-54 	7734.475154	3942.804442	3791.670713
 55-59 	7205.531939	3342.697247	3862.834692
 60-64 	6863.857817	2868.696546	3995.161272
 65-69 	5693.758198	2190.086885	3503.671313
 70-74 	4032.989674	1404.297245	2628.692430
 75-79 	2591.299950	794.802405	1796.497545
 80+ 	2221.480285	560.376539	1661.103746
Total	224792.160679	112405.178537	112386.982142
2021			
 0-4	22524.032077	11369.432490	11154.599587
 5-9	24496.903258	12346.356747	12150.546511
 10-14 	15051.065561	7570.436890	7480.628672
 15-19 	23609.984563	11890.125025	11719.859538
 20-24 	23885.874756	12186.874899	11698.999857
 25-29 	20667.180422	10731.464427	9935.715996
 30-34 	18400.843070	9703.359203	8697.483868
 35-39 	15704.622920	8435.833407	7268.789513
 40-44 	11999.842403	6543.025708	5456.816695
 45-49 	8993.616014	4883.693936	4109.922078
 50-54 	7577.429841	3908.130394	3669.299447
 55-59 	6951.996617	3278.922327	3673.074290
 60-64 	6633.879942	2799.898668	3833.981275
 65-69 	5641.994841	2174.301592	3467.693250
 70-74 	4042.459404	1409.327204	2633.132200
 75-79 	2606.773216	797.876093	1808.897122
 80+ 	2240.592550	559.438402	1681.154147
Total	221029.091456	110588.497411	110440.594046
2022			
 0-4	21932.606051	11073.828167	10858.777885
 5-9	23869.467262	12033.802118	11835.665145
 10-14 	14778.120168	7435.326123	7342.794045
 15-19 	23086.976356	11627.683095	11459.293261
 20-24 	23802.624255	12137.539799	11665.084456
 25-29 	20225.570509	10489.232896	9736.337612
 30-34 	18022.840081	9479.961593	8542.878488
 35-39 	15664.640265	8382.610581	7282.029684
 40-44 	12248.725592	6660.366449	5588.359143
 45-49 	9101.906246	4956.833469	4145.072778
 50-54 	7464.946424	3895.850322	3569.096101
 55-59 	6751.434007	3238.089180	3513.344827
 60-64 	6405.741680	2737.445898	3668.295782
 65-69 	5580.819033	2156.353933	3424.465100
 70-74 	4062.523990	1418.954747	2643.569242
 75-79 	2621.673461	801.384803	1820.288657
 80+ 	2271.099249	562.159208	1708.940040
Total	217891.714629	109087.422383	108804.292247
2023			
 0-4	21421.903221	10818.764142	10603.139078
 5-9	23325.682168	11763.243018	11562.439149
 10-14 	14494.984500	7294.878747	7200.105753
 15-19 	22587.489810	11378.152597	11209.337213
 20-24 	23766.172901	12114.390711	11651.782190
 25-29 	19917.192726	10318.073660	9599.119065
 30-34 	17684.699467	9282.430868	8402.268599
 35-39 	15582.117665	8307.482726	7274.634939
 40-44 	12502.671281	6777.209124	5725.462156
 45-49 	9276.888737	5058.826876	4218.061861
 50-54 	7406.854018	3907.055904	3499.798114
 55-59 	6596.869740	3214.217168	3382.652572
 60-64 	6187.796377	2683.630116	3504.166261
 65-69 	5508.199291	2136.533973	3371.665319
 70-74 	4088.227151	1431.104583	2657.122568
 75-79 	2639.943937	806.645426	1833.298512
 80+ 	2309.978490	567.535679	1742.442811
Total	215297.671479	107860.175318	107437.496161
2024			
 0-4	20979.347821	10597.931396	10381.416425
 5-9	22837.474416	11520.469703	11317.004713
 10-14 	14269.761239	7183.800104	7085.961136
 15-19 	22105.851564	11137.991947	10967.859617
 20-24 	23674.047470	12065.465716	11608.581754
 25-29 	19748.082291	10220.353186	9527.729106
 30-34 	17384.069091	9108.686659	8275.382432
 35-39 	15468.887087	8217.870983	7251.016104
 40-44 	12741.292129	6883.340982	5857.951146
 45-49 	9511.056054	5186.267394	4324.788660
 50-54 	7415.819317	3950.476574	3465.342743
 55-59 	6468.668100	3195.295708	3273.372392
 60-64 	5989.776401	2641.259519	3348.516882
 65-69 	5421.132248	2114.822121	3306.310127
 70-74 	4114.672242	1443.809098	2670.863144
 75-79 	2664.579894	814.616139	1849.963756
 80+ 	2354.363624	574.690782	1779.672841
Total	213148.880990	106857.148011	106291.732978
2025			
 0-4	20601.051407	10409.389091	10191.662316
 5-9	22406.384951	11306.311515	11100.073436
 10-14 	14050.337698	7075.559182	6974.778516
 15-19 	21756.298069	10965.164265	10791.133804
 20-24 	23521.094915	11987.495363	11533.599552
 25-29 	19724.091648	10199.253057	9524.838591
 30-34 	17123.693784	8959.198874	8164.494910
 35-39 	15336.995099	8121.236289	7215.758810
 40-44 	12951.000242	6972.001180	5978.999062
 45-49 	9794.098233	5334.413591	4459.684643
 50-54 	7467.017543	4001.201089	3465.816454
 55-59 	6387.344070	3204.360094	3182.983976
 60-64 	5821.869084	2613.761616	3208.107468
 65-69 	5319.490945	2092.013607	3227.477339
 70-74 	4139.407690	1456.177813	2683.229877
 75-79 	2697.195687	825.770976	1871.424711
 80+ 	2402.752694	583.177040	1819.575655
Total	211500.123760	106106.484640	105393.639120
2026			
 0-4	20281.389319	10250.328595	10031.060724
 5-9	22034.740917	11121.978426	10912.762490
 10-14 	13837.784125	6970.581493	6867.202632
 15-19 	21526.496528	10853.302974	10673.193554
 20-24 	23298.610683	11875.037850	11423.572833
 25-29 	19820.908147	10242.881530	9578.026618
 30-34 	16907.547164	8834.875997	8072.671167
 35-39 	15201.091398	8026.065902	7175.025495
 40-44 	13124.128423	7039.540283	6084.588140
 45-49 	10110.324060	5495.624919	4614.699141
 50-54 	7585.128714	4090.271612	3494.857102
 55-59 	6335.182287	3217.210994	3117.971292
 60-64 	5685.929939	2597.696389	3088.233550
 65-69 	5205.272471	2069.438637	3135.833835
 70-74 	4155.798464	1465.952078	2689.846386
 75-79 	2741.359051	841.213096	1900.145955
 80+ 	2453.598959	592.522462	1861.076497
Total	210305.290648	105584.523239	104720.767409
2027			
 0-4	20015.722395	10118.416954	9897.305441
 5-9	21723.786443	10968.107470	10755.678973
 10-14 	13643.380684	6874.844596	6768.536088
 15-19 	21380.600274	10783.492763	10597.107512
 20-24 	23022.246053	11736.518345	11285.727707
 25-29 	19997.141066	10329.397439	9667.743627
 30-34 	16758.172556	8746.923088	8011.249468
 35-39 	15076.959649	7941.090184	7135.869465
 40-44 	13252.874056	7082.543408	6170.330648
 45-49 	10444.467478	5662.550039	4781.917439
 50-54 	7767.341185	4201.865708	3565.475477
 55-59 	6314.167679	3246.291614	3067.876065
 60-64 	5586.096694	2597.464590	2988.632104
 65-69 	5085.409646	2049.398848	3036.010798
 70-74 	4162.327703	1473.334700	2688.993003
 75-79 	2791.711782	859.119365	1932.592417
 80+ 	2509.079934	603.358000	1905.721934
Total	209531.485277	105274.717112	104256.768165
2028			
 0-4	19793.933872	10008.552691	9785.381181
 5-9	21466.297077	10841.073997	10625.223080
 10-14 	13477.504785	6793.424453	6684.080332
 15-19 	21207.542457	10699.510680	10508.031777
 20-24 	22815.895490	11634.762675	11181.132815
 25-29 	20191.591717	10427.157989	9764.433728
 30-34 	16695.921149	8705.885274	7990.035874
 35-39 	14966.884779	7867.137044	7099.747735
 40-44 	13335.290466	7100.870078	6234.420388
 45-49 	10781.536841	5827.904730	4953.632111
 50-54 	8004.781397	4337.175817	3667.605579
 55-59 	6334.059760	3293.093286	3040.966474
 60-64 	5518.007748	2608.715790	2909.291958
 65-69 	4966.652885	2033.779667	2932.873218
 70-74 	4156.703591	1478.388793	2678.314798
 75-79 	2844.742506	878.224152	1966.518354
 80+ 	2570.570208	616.131861	1954.438347
Total	209127.916727	105151.788977	103976.127750
2029			
 0-4	19608.378470	9916.882726	9691.495744
 5-9	21256.835317	10738.150071	10518.685246
 10-14 	13329.096985	6720.714414	6608.382571
 15-19 	21135.479145	10667.077734	10468.401411
 20-24 	22614.564609	11535.917276	11078.647333
 25-29 	20325.929493	10496.054873	9829.874620
 30-34 	16734.578968	8718.445344	8016.133623
 35-39 	14873.480147	7805.103161	7068.376986
 40-44 	13382.303515	7101.410189	6280.893327
 45-49 	11104.835363	5983.366402	5121.468961
 50-54 	8293.458527	4494.445131	3799.013396
 55-59 	6407.887835	3365.945541	3041.942294
 60-64 	5466.964106	2622.199156	2844.764950
 65-69 	4857.944675	2025.227510	2832.717166
 70-74 	4136.522463	1481.187652	2655.334811
 75-79 	2897.307454	897.420285	1999.887169
 80+ 	2638.953064	631.136865	2007.816199
Total	209064.520136	105200.684329	103863.835807
2030			
 0-4	19454.829967	9841.286850	9613.543117
 5-9	21089.253626	10656.245231	10433.008396
 10-14 	13200.332238	6657.834999	6542.497240
 15-19 	21063.906265	10634.860106	10429.046160
 20-24 	22497.381351	11480.401171	11016.980180
 25-29 	20393.758611	10532.215603	9861.543008
 30-34 	16882.361232	8789.020754	8093.340478
 35-39 	14799.409673	7755.676643	7043.733030
 40-44 	13402.508819	7089.731913	6312.776906
 45-49 	11400.639789	6122.007187	5278.632602
 50-54 	8624.873276	4669.658985	3955.214291
 55-59 	6515.927882	3444.305661	3071.622221
 60-64 	5450.768707	2657.443812	2793.324895
 65-69 	4768.102930	2026.609688	2741.493241
 70-74 	4101.048589	1482.171582	2618.877007
 75-79 	2947.479637	916.114143	2031.365495
 80+ 	2713.951732	648.319159	2065.632573
Total	209306.534324	105403.903487	103902.630837
2031			
 0-4	19328.004304	9779.113327	9548.890977
 5-9	20956.865326	10591.994796	10364.870530
 10-14 	13092.892017	6605.642886	6487.249131
 15-19 	20978.278316	10595.217964	10383.060352
 20-24 	22468.002059	11470.387105	10997.614954
 25-29 	20385.126382	10529.718794	9855.407588
 30-34 	17122.640979	8909.628784	8213.012196
 35-39 	14749.574672	7720.583389	7028.991283
 40-44 	13407.954100	7073.016046	6334.938055
 45-49 	11660.227124	6239.588507	5420.638618
 50-54 	8985.202910	4856.029244	4129.173667
 55-59 	6679.471335	3554.524886	3124.946449
 60-64 	5455.339787	2694.232608	2761.107179
 65-69 	4699.145199	2035.157801	2663.987398
 70-74 	4051.107108	1482.120302	2568.986806
 75-79 	2990.208876	932.824522	2057.384354
 80+ 	2796.220495	667.893533	2128.326962
Total	209806.260990	105737.674494	104068.586496
2032			
 0-4	19223.860876	9728.340179	9495.520697
 5-9	20852.888893	10541.983342	10310.905551
 10-14 	13006.689123	6564.094355	6442.594768
 15-19 	20896.135401	10557.552961	10338.582440
 20-24 	22502.794330	11493.090427	11009.703903
 25-29 	20308.233968	10493.237008	9814.996960
 30-34 	17417.548771	9060.159539	8357.389232
 35-39 	14741.627772	7708.585318	7033.042453
 40-44 	13410.193701	7057.792366	6352.401335
 45-49 	11873.340428	6331.281443	5542.058985
 50-54 	9359.530720	5046.226596	4313.304124
 55-59 	6896.961843	3683.221256	3213.740587
 60-64 	5482.153567	2743.049984	2739.103583
 65-69 	4654.776810	2054.508394	2600.268416
 70-74 	3991.666857	1482.548383	2509.118475
 75-79 	3023.636856	947.460262	2076.176594
 80+ 	2883.181765	689.050317	2194.131447
Total	210525.221684	106182.182134	104343.039550
2033			
 0-4	19137.254877	9686.383933	9450.870944
 5-9	20771.983640	10503.525461	10268.458179
 10-14 	12938.964111	6531.803166	6407.160946
 15-19 	20839.513595	10532.788110	10306.725485
 20-24 	22489.410300	11490.792267	10998.618032
 25-29 	20277.541320	10481.723235	9795.818085
 30-34 	17715.666169	9213.861386	8501.804782
 35-39 	14795.789323	7730.244511	7065.544812
 40-44 	13412.265961	7045.451690	6366.814270
 45-49 	12037.208958	6396.448034	5640.760924
 50-54 	9734.240725	5233.617555	4500.623170
 55-59 	7161.547795	3831.780834	3329.766960
 60-64 	5540.726999	2805.436724	2735.290275
 65-69 	4632.488155	2081.462264	2551.025891
 70-74 	3928.469196	1484.985523	2443.483673
 75-79 	3045.819024	960.029967	2085.789056
 80+ 	2973.197704	711.252578	2261.945126
Total	211432.087851	106721.587240	104710.500611
2034			
 0-4	19063.803025	9651.036430	9412.766596
 5-9	20709.486182	10474.276898	10235.209284
 10-14 	12887.604583	6507.706583	6379.898000
 15-19 	20788.321343	10510.654433	10277.666910
 20-24 	22548.994984	11526.406634	11022.588350
 25-29 	20231.014736	10462.326142	9768.688594
 30-34 	17948.613693	9335.483789	8613.129903
 35-39 	14926.434862	7792.673301	7133.761561
 40-44 	13417.219376	7037.273528	6379.945848
 45-49 	12160.720664	6440.827708	5719.892956
 50-54 	10093.637348	5410.375303	4683.262045
 55-59 	7470.329308	3998.887902	3471.441406
 60-64 	5643.070281	2888.619806	2754.450475
 65-69 	4620.610265	2108.640614	2511.969651
 70-74 	3869.088698	1491.536380	2377.552318
 75-79 	3054.667844	970.543448	2084.124396
 80+ 	3064.784952	734.033132	2330.751819
Total	212498.402144	107341.302032	105157.100112
2035			
 0-4	19000.395107	9620.727271	9379.667836
 5-9	20661.007442	10452.032887	10208.974554
 10-14 	12849.518407	6490.244809	6359.273598
 15-19 	20745.080809	10492.441699	10252.639110
 20-24 	22588.383936	11551.653463	11036.730473
 25-29 	20237.247183	10470.565492	9766.681691
 30-34 	18109.563877	9421.103851	8688.460026
 35-39 	15142.807567	7900.842259	7241.965308
 40-44 	13427.975184	7034.229671	6393.745514
 45-49 	12250.972670	6469.160145	5781.812525
 50-54 	10424.274441	5569.707821	4854.566620
 55-59 	7815.947566	4181.039508	3634.908058
 60-64 	5773.670937	2975.826940	2797.843997
 65-69 	4634.462674	2152.480604	2481.982070
 70-74 	3821.109493	1504.514867	2316.594627
 75-79 	3049.396740	979.277417	2070.119323
 80+ 	3156.891263	757.142263	2399.749001
Total	213688.705297	108022.990968	105665.714329
2036			
 0-4	18943.683480	9593.759874	9349.923607
 5-9	20622.438453	10434.727924	10187.710529
 10-14 	12821.775854	6477.940084	6343.835770
 15-19 	20713.985291	10480.276999	10233.708292
 20-24 	22599.413667	11562.066467	11037.347199
 25-29 	20303.766576	10510.618631	9793.147945
 30-34 	18188.798217	9465.003450	8723.794767
 35-39 	15432.123951	8048.701555	7383.422396
 40-44 	13449.887316	7038.421685	6411.465630
 45-49 	12318.964506	6488.066210	5830.898296
 50-54 	10717.452004	5707.375280	5010.076724
 55-59 	8186.112476	4372.226865	3813.885611
 60-64 	5950.657735	3089.265722	2861.392013
 65-69 	4663.394102	2196.328986	2467.065116
 70-74 	3786.704339	1521.762075	2264.942264
 75-79 	3030.451015	986.734357	2043.716659
 80+ 	3247.179710	780.030789	2467.148921
Total	214976.788691	108753.306954	106223.481737
2037			
 0-4	18892.047504	9569.307750	9322.739754
 5-9	20590.581102	10420.754034	10169.827067
 10-14 	12801.425396	6469.304009	6332.121387
 15-19 	20697.981427	10475.647710	10222.333717
 20-24 	22600.174675	11567.422278	11032.752397
 25-29 	20413.259227	10572.848335	9840.410893
 30-34 	18193.497275	9471.309693	8722.187582
 35-39 	15761.944379	8218.984340	7542.960038
 40-44 	13500.114432	7058.431727	6441.682705
 45-49 	12375.726524	6503.821461	5871.905063
 50-54 	10963.179477	5818.668337	5144.511140
 55-59 	8567.284879	4565.843837	4001.441042
 60-64 	6174.305255	3218.097368	2956.207887
 65-69 	4708.705519	2249.217114	2459.488405
 70-74 	3769.279744	1546.339954	2222.939790
 75-79 	3001.641763	993.969713	2007.672051
 80+ 	3332.780806	802.261589	2530.519217
Total	216343.929384	109522.229250	106821.700135
2038			
 0-4	18844.603172	9546.946909	9297.656262
 5-9	20562.417443	10408.599401	10153.818042
 10-14 	12786.807549	6463.503266	6323.304283
 15-19 	20694.841160	10477.428259	10217.412901
 20-24 	22613.146029	11579.011283	11034.134746
 25-29 	20466.150406	10605.485138	9860.665268
 30-34 	18226.958501	9493.706523	8733.251978
 35-39 	16087.017972	8388.100658	7698.917314
 40-44 	13598.570387	7104.693838	6493.876548
 45-49 	12424.836550	6518.177393	5906.659158
 50-54 	11158.580437	5902.855938	5255.724499
 55-59 	8947.013976	4755.885036	4191.128940
 60-64 	6438.928826	3363.694240	3075.234586
 65-69 	4779.359439	2312.522236	2466.837203
 70-74 	3767.471613	1575.911393	2191.560220
 75-79 	2967.598124	1002.107504	1965.490621
 80+ 	3411.356318	823.614092	2587.742226
Total	217775.657902	110322.243108	107453.414795
2039			
 0-4	18798.367086	9525.190054	9273.177032
 5-9	20534.706045	10396.632801	10138.073244
 10-14 	12776.070298	6459.610257	6316.460042
 15-19 	20702.393512	10484.524475	10217.869037
 20-24 	22619.132268	11586.878912	11032.253356
 25-29 	20571.342765	10665.714404	9905.628360
 30-34 	18233.941117	9502.487229	8731.453888
 35-39 	16344.954931	8523.799981	7821.154949
 40-44 	13759.115784	7184.112146	6575.003638
 45-49 	12469.163898	6532.394094	5936.769804
 50-54 	11311.140461	5964.873240	5346.267221
 55-59 	9310.286960	4934.927480	4375.359480
 60-64 	6742.008287	3524.882567	3217.125720
 65-69 	4885.701430	2392.088539	2493.612891
 70-74 	3771.983373	1604.742823	2167.240550
 75-79 	2934.270865	1012.629490	1921.641375
 80+ 	3480.489683	843.862487	2636.627197
Total	219245.068762	111139.350979	108105.717783
2040			
 0-4	18750.364407	9502.499993	9247.864414
 5-9	20505.813727	10384.035459	10121.778269
 10-14 	12767.045772	6456.534278	6310.511494
 15-19 	20718.338247	10495.775967	10222.562281
 20-24 	22622.339815	11593.199319	11029.140495
 25-29 	20646.251655	10710.188569	9936.063086
 30-34 	18276.737913	9530.281870	8746.456044
 35-39 	16528.838939	8622.225207	7906.613732
 40-44 	13991.207993	7301.769949	6689.438044
 45-49 	12511.757283	6547.578562	5964.178721
 50-54 	11427.192856	6009.008926	5418.183930
 55-59 	9644.195534	5096.501803	4547.693731
 60-64 	7076.965669	3698.564381	3378.401288
 65-69 	5016.029959	2474.798190	2541.231769
 70-74 	3795.287446	1646.018404	2149.269042
 75-79 	2907.766890	1027.224387	1880.542503
 80+ 	3539.220364	863.088667	2676.131697
Total	220725.354470	111959.293929	108766.060540
2041			
 0-4	18700.044268	9478.532993	9221.511275
 5-9	20474.764056	10370.302525	10104.461531
 10-14 	12758.165662	6453.487001	6304.678661
 15-19 	20741.181118	10510.427093	10230.754025
 20-24 	22629.501902	11601.426700	11028.075202
 25-29 	20685.954854	10736.102904	9949.851951
 30-34 	18364.673765	9582.164812	8782.508953
 35-39 	16630.431158	8678.468643	7951.962515
 40-44 	14284.736702	7452.968244	6831.768458
 45-49 	12558.682660	6566.270128	5992.412532
 50-54 	11517.601695	6041.770642	5475.831054
 55-59 	9940.770460	5236.762525	4704.007935
 60-64 	7433.043549	3879.597569	3553.445979
 65-69 	5185.016133	2578.561442	2606.454691
 70-74 	3830.051858	1686.672863	2143.378995
 75-79 	2890.177611	1044.279954	1845.897658
 80+ 	3586.822075	881.360943	2705.461132
Total	222211.619528	112779.156982	109432.462546
2042			
 0-4	18647.195730	9453.096927	9194.098804
 5-9	20440.178896	10354.698029	10085.480867
 10-14 	12748.155676	6449.826371	6298.329305
 15-19 	20767.406467	10526.694728	10240.711740
 20-24 	22644.407104	11613.504730	11030.902374
 25-29 	20707.912175	10752.973534	9954.938641
 30-34 	18483.576163	9650.062183	8833.513979
 35-39 	16656.506713	8696.394564	7960.112148
 40-44 	14610.621698	7622.215264	6988.406434
 45-49 	12626.561195	6596.795999	6029.765196
 50-54 	11592.966367	6069.162668	5523.803699
 55-59 	10190.529494	5351.260408	4839.269086
 60-64 	7797.976728	4062.123713	3735.853014
 65-69 	5394.383592	2694.974721	2699.408872
 70-74 	3877.023525	1734.086619	2142.936906
 75-79 	2884.230393	1066.147847	1818.082546
 80+ 	3624.561307	899.131996	2725.429312
Total	223694.193224	113593.150303	110101.042921
2043			
 0-4	18592.464886	9426.338785	9166.126101
 5-9	20400.017633	10336.109702	10063.907931
 10-14 	12735.684160	6444.879384	6290.804777
 15-19 	20792.994265	10542.537557	10250.456708
 20-24 	22664.996075	11628.374031	11036.622044
 25-29 	20732.859879	10771.338135	9961.521743
 30-34 	18543.737285	9687.040206	8856.697079
 35-39 	16701.067730	8725.021456	7976.046274
 40-44 	14927.185220	7787.767228	7139.417992
 45-49 	12734.309072	6649.059611	6085.249461
 50-54 	11656.675864	6092.832879	5563.842986
 55-59 	10390.380154	5439.099865	4951.280289
 60-64 	8160.180703	4240.660193	3919.520510
 65-69 	5639.063475	2825.159176	2813.904299
 70-74 	3944.095389	1789.285534	2154.809855
 75-79 	2889.227600	1091.172015	1798.055586
 80+ 	3654.621905	917.019078	2737.602827
Total	225159.561295	114393.694834	110765.866461
2044			
 0-4	18536.106829	9398.219782	9137.887047
 5-9	20352.827229	10313.685854	10039.141375
 10-14 	12720.016940	6438.276277	6281.740663
 15-19 	20814.287091	10556.100267	10258.186824
 20-24 	22690.018895	11645.396869	11044.622026
 25-29 	20745.089799	10782.934190	9962.155609
 30-34 	18645.171003	9745.924339	8899.246664
 35-39 	16715.485236	8737.955693	7977.529543
 40-44 	15177.347588	7920.087245	7257.260343
 45-49 	12895.849767	6730.024293	6165.825474
 50-54 	11712.059558	6114.292466	5597.767092
 55-59 	10547.513171	5504.965143	5042.548028
 60-64 	8506.057898	4408.628756	4097.429142
 65-69 	5917.130753	2968.253338	2948.877415
 70-74 	4039.827880	1856.737776	2183.090104
 75-79 	2898.297694	1115.293211	1783.004483
 80+ 	3679.985122	935.866272	2744.118850
Total	226593.072453	115172.641772	111420.430681
2045			
 0-4	18478.136377	9368.759013	9109.377364
 5-9	20298.562355	10287.247999	10011.314356
 10-14 	12701.084696	6429.991496	6271.093200
 15-19 	20829.548892	10566.505908	10263.042984
 20-24 	22717.167359	11663.393785	11053.773574
 25-29 	20749.735530	10790.445869	9959.289661
 30-34 	18714.328622	9787.853302	8926.475320
 35-39 	16757.768712	8765.747617	7992.021095
 40-44 	15354.863401	8015.720527	7339.142874
 45-49 	13120.844459	6844.877614	6275.966845
 50-54 	11762.495608	6134.846895	5627.648712
 55-59 	10668.079045	5552.969563	5115.109482
 60-64 	8823.823591	4560.240574	4263.583017
 65-69 	6222.964365	3121.719226	3101.245139
 70-74 	4156.240761	1927.020304	2229.220457
 75-79 	2920.836578	1148.306964	1772.529614
 80+ 	3704.297436	956.758068	2747.539368
Total	227980.777788	115922.404725	112058.373063
2046			
 0-4	18420.114455	9338.944836	9081.169619
 5-9	20238.251767	10257.196411	9981.055356
 10-14 	12678.630878	6419.900220	6258.730658
 15-19 	20838.694502	10573.717585	10264.976918
 20-24 	22745.128502	11681.687184	11063.441318
 25-29 	20753.645647	10797.433105	9956.212542
 30-34 	18747.460325	9810.648267	8936.812058
 35-39 	16837.375552	8813.522324	8023.853228
 40-44 	15452.280022	8070.210322	7382.069700
 45-49 	13400.364941	6989.521676	6410.843265
 50-54 	11814.029919	6157.079706	5656.950213
 55-59 	10762.384493	5589.257852	5173.126641
 60-64 	9106.099484	4692.012326	4414.087158
 65-69 	6547.113208	3281.222945	3265.890263
 70-74 	4304.021419	2013.387357	2290.634062
 75-79 	2952.337274	1180.673002	1771.664272
 80+ 	3728.119815	978.458239	2749.661576
Total	229326.052204	116644.873358	112681.178846
2047			
 0-4	18362.917182	9309.595155	9053.322027
 5-9	20173.205249	10224.199616	9949.005632
 10-14 	12652.170821	6407.733418	6244.437403
 15-19 	20841.203008	10577.481340	10263.721668
 20-24 	22770.935314	11698.752612	11072.182703
 25-29 	20760.962429	10806.050501	9954.911927
 30-34 	18761.077042	9823.354808	8937.722234
 35-39 	16942.083054	8874.238654	8067.844401
 40-44 	15476.263009	8087.341451	7388.921558
 45-49 	13707.713849	7149.757038	6557.956810
 50-54 	11882.721602	6189.055792	5693.665810
 55-59 	10840.576381	5619.533801	5221.042580
 60-64 	9344.205895	4799.978472	4544.227422
 65-69 	6878.781201	3441.811767	3436.969435
 70-74 	4485.872045	2109.811594	2376.060452
 75-79 	2992.826422	1217.908091	1774.918330
 80+ 	3753.614795	1002.697492	2750.917303
Total	230627.129298	117339.301602	113287.827696
2048			
 0-4	18306.881597	9281.203479	9025.678118
 5-9	20104.775847	10189.080906	9915.694941
 10-14 	12620.649454	6392.892366	6227.757088
 15-19 	20835.022697	10576.764703	10258.257995
 20-24 	22792.010406	11713.260084	11078.750322
 25-29 	20770.478517	10815.671832	9954.806685
 30-34 	18774.606594	9835.926729	8938.679866
 35-39 	16990.138362	8905.039205	8085.099157
 40-44 	15514.031774	8112.659175	7401.372599
 45-49 	14004.270318	7305.464445	6698.805873
 50-54 	11986.776980	6240.319503	5746.457477
 55-59 	10906.071166	5645.465397	5260.605769
 60-64 	9535.409774	4883.448839	4651.960935
 65-69 	7207.755797	3598.846461	3608.909336
 70-74 	4697.456929	2217.139290	2480.317639
 75-79 	3048.887043	1260.676940	1788.210103
 80+ 	3781.432333	1028.630335	2752.801998
Total	231876.655588	118002.489689	113874.165899
2049			
 0-4	18251.928877	9253.787062	8998.141815
 5-9	20033.799636	10152.495875	9881.303761
 10-14 	12583.640324	6375.066766	6208.573558
 15-19 	20818.820940	10570.892050	10247.928890
 20-24 	22806.156310	11724.083861	11082.072449
 25-29 	20781.903524	10826.149487	9955.754038
 30-34 	18774.652029	9841.271573	8933.380457
 35-39 	17074.122631	8954.945350	8119.177280
 40-44 	15521.773145	8122.305240	7399.467906
 45-49 	14237.072877	7429.250169	6807.822708
 50-54 	12139.849078	6317.730685	5822.118392
 55-59 	10962.393470	5668.683830	5293.709640
 60-64 	9686.616839	4946.869264	4739.747575
 65-69 	7522.136514	3746.799196	3775.337318
 70-74 	4937.280201	2334.730962	2602.549239
 75-79 	3127.029280	1312.014275	1815.015005
 80+ 	3808.147661	1053.994352	2754.153310
Total	233067.323338	118631.069997	114436.253341
2050			
 0-4	18197.124879	9226.510990	8970.613889
 5-9	19958.700386	10113.871011	9844.829376
 10-14 	12541.609861	6354.364315	6187.245546
 15-19 	20791.906755	10559.480138	10232.426617
 20-24 	22811.027702	11729.961953	11081.065749
 25-29 	20793.007697	10836.258991	9956.748706
 30-34 	18765.767023	9841.719005	8924.048017
 35-39 	17126.501875	8988.116281	8138.385594
 40-44 	15552.994337	8144.401320	7408.593017
 45-49 	14399.454842	7517.318665	6882.136177
 50-54 	12350.217689	6425.549666	5924.668022
 55-59 	11011.472862	5689.509659	5321.963203
 60-64 	9801.762855	4992.806554	4808.956301
 65-69 	7809.360594	3879.341188	3930.019407
 70-74 	5198.695615	2459.379326	2739.316288
 75-79 	3220.899331	1364.983293	1855.916038
 80+ 	3839.362397	1084.946391	2754.416005
Total	234169.866699	119208.518744	114961.347954
