south_africa_test	Total	Male	Female
1970			
 0-4	0.000000	0.000000	0.000000
 5-9	0.000000	0.000000	0.000000
 10-14 	0.000000	0.000000	0.000000
 15-19 	0.000000	0.000000	0.000000
 20-24 	0.000000	0.000000	0.000000
 25-29 	0.000000	0.000000	0.000000
 30-34 	0.000000	0.000000	0.000000
 35-39 	0.000000	0.000000	0.000000
 40-44 	0.000000	0.000000	0.000000
 45-49 	0.000000	0.000000	0.000000
 50-54 	0.000000	0.000000	0.000000
 55-59 	0.000000	0.000000	0.000000
 60-64 	0.000000	0.000000	0.000000
 65-69 	0.000000	0.000000	0.000000
 70-74 	0.000000	0.000000	0.000000
 75-79 	0.000000	0.000000	0.000000
 80+ 	0.000000	0.000000	0.000000
Total	0.000000	0.000000	0.000000
1971			
 0-4	0.000000	0.000000	0.000000
 5-9	0.000000	0.000000	0.000000
 10-14 	0.000000	0.000000	0.000000
 15-19 	0.000000	0.000000	0.000000
 20-24 	0.000000	0.000000	0.000000
 25-29 	0.000000	0.000000	0.000000
 30-34 	0.000000	0.000000	0.000000
 35-39 	0.000000	0.000000	0.000000
 40-44 	0.000000	0.000000	0.000000
 45-49 	0.000000	0.000000	0.000000
 50-54 	0.000000	0.000000	0.000000
 55-59 	0.000000	0.000000	0.000000
 60-64 	0.000000	0.000000	0.000000
 65-69 	0.000000	0.000000	0.000000
 70-74 	0.000000	0.000000	0.000000
 75-79 	0.000000	0.000000	0.000000
 80+ 	0.000000	0.000000	0.000000
Total	0.000000	0.000000	0.000000
1972			
 0-4	0.000000	0.000000	0.000000
 5-9	0.000000	0.000000	0.000000
 10-14 	0.000000	0.000000	0.000000
 15-19 	0.000000	0.000000	0.000000
 20-24 	0.000000	0.000000	0.000000
 25-29 	0.000000	0.000000	0.000000
 30-34 	0.000000	0.000000	0.000000
 35-39 	0.000000	0.000000	0.000000
 40-44 	0.000000	0.000000	0.000000
 45-49 	0.000000	0.000000	0.000000
 50-54 	0.000000	0.000000	0.000000
 55-59 	0.000000	0.000000	0.000000
 60-64 	0.000000	0.000000	0.000000
 65-69 	0.000000	0.000000	0.000000
 70-74 	0.000000	0.000000	0.000000
 75-79 	0.000000	0.000000	0.000000
 80+ 	0.000000	0.000000	0.000000
Total	0.000000	0.000000	0.000000
1973			
 0-4	0.000000	0.000000	0.000000
 5-9	0.000000	0.000000	0.000000
 10-14 	0.000000	0.000000	0.000000
 15-19 	0.000000	0.000000	0.000000
 20-24 	0.000000	0.000000	0.000000
 25-29 	0.000000	0.000000	0.000000
 30-34 	0.000000	0.000000	0.000000
 35-39 	0.000000	0.000000	0.000000
 40-44 	0.000000	0.000000	0.000000
 45-49 	0.000000	0.000000	0.000000
 50-54 	0.000000	0.000000	0.000000
 55-59 	0.000000	0.000000	0.000000
 60-64 	0.000000	0.000000	0.000000
 65-69 	0.000000	0.000000	0.000000
 70-74 	0.000000	0.000000	0.000000
 75-79 	0.000000	0.000000	0.000000
 80+ 	0.000000	0.000000	0.000000
Total	0.000000	0.000000	0.000000
1974			
 0-4	0.000000	0.000000	0.000000
 5-9	0.000000	0.000000	0.000000
 10-14 	0.000000	0.000000	0.000000
 15-19 	0.000000	0.000000	0.000000
 20-24 	0.000000	0.000000	0.000000
 25-29 	0.000000	0.000000	0.000000
 30-34 	0.000000	0.000000	0.000000
 35-39 	0.000000	0.000000	0.000000
 40-44 	0.000000	0.000000	0.000000
 45-49 	0.000000	0.000000	0.000000
 50-54 	0.000000	0.000000	0.000000
 55-59 	0.000000	0.000000	0.000000
 60-64 	0.000000	0.000000	0.000000
 65-69 	0.000000	0.000000	0.000000
 70-74 	0.000000	0.000000	0.000000
 75-79 	0.000000	0.000000	0.000000
 80+ 	0.000000	0.000000	0.000000
Total	0.000000	0.000000	0.000000
1975			
 0-4	0.000000	0.000000	0.000000
 5-9	0.000000	0.000000	0.000000
 10-14 	0.000000	0.000000	0.000000
 15-19 	0.000000	0.000000	0.000000
 20-24 	0.000000	0.000000	0.000000
 25-29 	0.000000	0.000000	0.000000
 30-34 	0.000000	0.000000	0.000000
 35-39 	0.000000	0.000000	0.000000
 40-44 	0.000000	0.000000	0.000000
 45-49 	0.000000	0.000000	0.000000
 50-54 	0.000000	0.000000	0.000000
 55-59 	0.000000	0.000000	0.000000
 60-64 	0.000000	0.000000	0.000000
 65-69 	0.000000	0.000000	0.000000
 70-74 	0.000000	0.000000	0.000000
 75-79 	0.000000	0.000000	0.000000
 80+ 	0.000000	0.000000	0.000000
Total	0.000000	0.000000	0.000000
1976			
 0-4	0.000000	0.000000	0.000000
 5-9	0.000000	0.000000	0.000000
 10-14 	0.000000	0.000000	0.000000
 15-19 	0.000000	0.000000	0.000000
 20-24 	0.000000	0.000000	0.000000
 25-29 	0.000000	0.000000	0.000000
 30-34 	0.000000	0.000000	0.000000
 35-39 	0.000000	0.000000	0.000000
 40-44 	0.000000	0.000000	0.000000
 45-49 	0.000000	0.000000	0.000000
 50-54 	0.000000	0.000000	0.000000
 55-59 	0.000000	0.000000	0.000000
 60-64 	0.000000	0.000000	0.000000
 65-69 	0.000000	0.000000	0.000000
 70-74 	0.000000	0.000000	0.000000
 75-79 	0.000000	0.000000	0.000000
 80+ 	0.000000	0.000000	0.000000
Total	0.000000	0.000000	0.000000
1977			
 0-4	0.000000	0.000000	0.000000
 5-9	0.000000	0.000000	0.000000
 10-14 	0.000000	0.000000	0.000000
 15-19 	0.000000	0.000000	0.000000
 20-24 	0.000000	0.000000	0.000000
 25-29 	0.000000	0.000000	0.000000
 30-34 	0.000000	0.000000	0.000000
 35-39 	0.000000	0.000000	0.000000
 40-44 	0.000000	0.000000	0.000000
 45-49 	0.000000	0.000000	0.000000
 50-54 	0.000000	0.000000	0.000000
 55-59 	0.000000	0.000000	0.000000
 60-64 	0.000000	0.000000	0.000000
 65-69 	0.000000	0.000000	0.000000
 70-74 	0.000000	0.000000	0.000000
 75-79 	0.000000	0.000000	0.000000
 80+ 	0.000000	0.000000	0.000000
Total	0.000000	0.000000	0.000000
1978			
 0-4	0.000000	0.000000	0.000000
 5-9	0.000000	0.000000	0.000000
 10-14 	0.000000	0.000000	0.000000
 15-19 	0.000000	0.000000	0.000000
 20-24 	0.000000	0.000000	0.000000
 25-29 	0.000000	0.000000	0.000000
 30-34 	0.000000	0.000000	0.000000
 35-39 	0.000000	0.000000	0.000000
 40-44 	0.000000	0.000000	0.000000
 45-49 	0.000000	0.000000	0.000000
 50-54 	0.000000	0.000000	0.000000
 55-59 	0.000000	0.000000	0.000000
 60-64 	0.000000	0.000000	0.000000
 65-69 	0.000000	0.000000	0.000000
 70-74 	0.000000	0.000000	0.000000
 75-79 	0.000000	0.000000	0.000000
 80+ 	0.000000	0.000000	0.000000
Total	0.000000	0.000000	0.000000
1979			
 0-4	0.000000	0.000000	0.000000
 5-9	0.000000	0.000000	0.000000
 10-14 	0.000000	0.000000	0.000000
 15-19 	0.000000	0.000000	0.000000
 20-24 	0.000000	0.000000	0.000000
 25-29 	0.000000	0.000000	0.000000
 30-34 	0.000000	0.000000	0.000000
 35-39 	0.000000	0.000000	0.000000
 40-44 	0.000000	0.000000	0.000000
 45-49 	0.000000	0.000000	0.000000
 50-54 	0.000000	0.000000	0.000000
 55-59 	0.000000	0.000000	0.000000
 60-64 	0.000000	0.000000	0.000000
 65-69 	0.000000	0.000000	0.000000
 70-74 	0.000000	0.000000	0.000000
 75-79 	0.000000	0.000000	0.000000
 80+ 	0.000000	0.000000	0.000000
Total	0.000000	0.000000	0.000000
1980			
 0-4	0.000000	0.000000	0.000000
 5-9	0.000000	0.000000	0.000000
 10-14 	0.000000	0.000000	0.000000
 15-19 	0.000000	0.000000	0.000000
 20-24 	0.000000	0.000000	0.000000
 25-29 	0.000000	0.000000	0.000000
 30-34 	0.000000	0.000000	0.000000
 35-39 	0.000000	0.000000	0.000000
 40-44 	0.000000	0.000000	0.000000
 45-49 	0.000000	0.000000	0.000000
 50-54 	0.000000	0.000000	0.000000
 55-59 	0.000000	0.000000	0.000000
 60-64 	0.000000	0.000000	0.000000
 65-69 	0.000000	0.000000	0.000000
 70-74 	0.000000	0.000000	0.000000
 75-79 	0.000000	0.000000	0.000000
 80+ 	0.000000	0.000000	0.000000
Total	0.000000	0.000000	0.000000
1981			
 0-4	0.000000	0.000000	0.000000
 5-9	0.000000	0.000000	0.000000
 10-14 	0.000000	0.000000	0.000000
 15-19 	0.000000	0.000000	0.000000
 20-24 	0.000000	0.000000	0.000000
 25-29 	0.000000	0.000000	0.000000
 30-34 	0.000000	0.000000	0.000000
 35-39 	0.000000	0.000000	0.000000
 40-44 	0.000000	0.000000	0.000000
 45-49 	0.000000	0.000000	0.000000
 50-54 	0.000000	0.000000	0.000000
 55-59 	0.000000	0.000000	0.000000
 60-64 	0.000000	0.000000	0.000000
 65-69 	0.000000	0.000000	0.000000
 70-74 	0.000000	0.000000	0.000000
 75-79 	0.000000	0.000000	0.000000
 80+ 	0.000000	0.000000	0.000000
Total	0.000000	0.000000	0.000000
1982			
 0-4	0.000000	0.000000	0.000000
 5-9	0.000000	0.000000	0.000000
 10-14 	0.000000	0.000000	0.000000
 15-19 	0.000000	0.000000	0.000000
 20-24 	0.000000	0.000000	0.000000
 25-29 	0.000000	0.000000	0.000000
 30-34 	0.000000	0.000000	0.000000
 35-39 	0.000000	0.000000	0.000000
 40-44 	0.000000	0.000000	0.000000
 45-49 	0.000000	0.000000	0.000000
 50-54 	0.000000	0.000000	0.000000
 55-59 	0.000000	0.000000	0.000000
 60-64 	0.000000	0.000000	0.000000
 65-69 	0.000000	0.000000	0.000000
 70-74 	0.000000	0.000000	0.000000
 75-79 	0.000000	0.000000	0.000000
 80+ 	0.000000	0.000000	0.000000
Total	0.000000	0.000000	0.000000
1983			
 0-4	0.000000	0.000000	0.000000
 5-9	0.000000	0.000000	0.000000
 10-14 	0.000000	0.000000	0.000000
 15-19 	0.000000	0.000000	0.000000
 20-24 	0.000000	0.000000	0.000000
 25-29 	0.000000	0.000000	0.000000
 30-34 	0.000000	0.000000	0.000000
 35-39 	0.000000	0.000000	0.000000
 40-44 	0.000000	0.000000	0.000000
 45-49 	0.000000	0.000000	0.000000
 50-54 	0.000000	0.000000	0.000000
 55-59 	0.000000	0.000000	0.000000
 60-64 	0.000000	0.000000	0.000000
 65-69 	0.000000	0.000000	0.000000
 70-74 	0.000000	0.000000	0.000000
 75-79 	0.000000	0.000000	0.000000
 80+ 	0.000000	0.000000	0.000000
Total	0.000000	0.000000	0.000000
1984			
 0-4	0.000000	0.000000	0.000000
 5-9	0.000000	0.000000	0.000000
 10-14 	0.000000	0.000000	0.000000
 15-19 	0.000000	0.000000	0.000000
 20-24 	0.000000	0.000000	0.000000
 25-29 	0.000000	0.000000	0.000000
 30-34 	0.000000	0.000000	0.000000
 35-39 	0.000000	0.000000	0.000000
 40-44 	0.000000	0.000000	0.000000
 45-49 	0.000000	0.000000	0.000000
 50-54 	0.000000	0.000000	0.000000
 55-59 	0.000000	0.000000	0.000000
 60-64 	0.000000	0.000000	0.000000
 65-69 	0.000000	0.000000	0.000000
 70-74 	0.000000	0.000000	0.000000
 75-79 	0.000000	0.000000	0.000000
 80+ 	0.000000	0.000000	0.000000
Total	0.000000	0.000000	0.000000
1985			
 0-4	0.000000	0.000000	0.000000
 5-9	0.000000	0.000000	0.000000
 10-14 	0.000000	0.000000	0.000000
 15-19 	0.000000	0.000000	0.000000
 20-24 	0.000000	0.000000	0.000000
 25-29 	0.000000	0.000000	0.000000
 30-34 	0.000000	0.000000	0.000000
 35-39 	0.000000	0.000000	0.000000
 40-44 	0.000000	0.000000	0.000000
 45-49 	0.000000	0.000000	0.000000
 50-54 	0.000000	0.000000	0.000000
 55-59 	0.000000	0.000000	0.000000
 60-64 	0.000000	0.000000	0.000000
 65-69 	0.000000	0.000000	0.000000
 70-74 	0.000000	0.000000	0.000000
 75-79 	0.000000	0.000000	0.000000
 80+ 	0.000000	0.000000	0.000000
Total	0.000000	0.000000	0.000000
1986			
 0-4	0.113527	0.057497	0.056030
 5-9	0.000000	0.000000	0.000000
 10-14 	0.000000	0.000000	0.000000
 15-19 	0.588402	0.225905	0.362498
 20-24 	1.570537	0.743850	0.826687
 25-29 	1.558632	0.821071	0.737561
 30-34 	1.202742	0.681645	0.521097
 35-39 	0.792858	0.463641	0.329217
 40-44 	0.510605	0.292869	0.217736
 45-49 	0.313813	0.171082	0.142730
 50-54 	0.188266	0.099874	0.088392
 55-59 	0.109927	0.060915	0.049012
 60-64 	0.065573	0.038946	0.026627
 65-69 	0.044398	0.026651	0.017747
 70-74 	0.029292	0.015089	0.014203
 75-79 	0.007189	0.005090	0.002099
 80+ 	0.000000	0.000000	0.000000
Total	7.095763	3.704126	3.391636
1987			
 0-4	0.554226	0.280605	0.273620
 5-9	0.017557	0.008878	0.008679
 10-14 	0.000000	0.000000	0.000000
 15-19 	2.669153	0.974536	1.694617
 20-24 	7.576432	3.460167	4.116265
 25-29 	7.804912	3.990241	3.814671
 30-34 	6.160652	3.402730	2.757922
 35-39 	4.181721	2.397112	1.784609
 40-44 	2.675396	1.512184	1.163213
 45-49 	1.694696	0.910219	0.784476
 50-54 	1.019027	0.528133	0.490894
 55-59 	0.599760	0.322564	0.277196
 60-64 	0.355440	0.206616	0.148824
 65-69 	0.234302	0.138378	0.095924
 70-74 	0.160996	0.081211	0.079785
 75-79 	0.043308	0.028653	0.014654
 80+ 	0.000925	0.000925	0.000000
Total	35.748502	18.243152	17.505350
1988			
 0-4	2.016565	1.020692	0.995872
 5-9	0.148933	0.075285	0.073648
 10-14 	0.003646	0.001843	0.001803
 15-19 	8.343941	2.914346	5.429595
 20-24 	24.857744	10.947435	13.910309
 25-29 	26.186098	12.990064	13.196034
 30-34 	20.985401	11.282378	9.703023
 35-39 	14.564599	8.162190	6.402409
 40-44 	9.248161	5.131304	4.116857
 45-49 	5.963179	3.144079	2.819100
 50-54 	3.587728	1.813032	1.774696
 55-59 	2.121332	1.106602	1.014730
 60-64 	1.252455	0.712052	0.540403
 65-69 	0.808039	0.468328	0.339711
 70-74 	0.569617	0.280659	0.288958
 75-79 	0.162107	0.101962	0.060145
 80+ 	0.005326	0.005281	0.000045
Total	120.824870	60.157534	60.667337
1989			
 0-4	5.764194	2.917278	2.846916
 5-9	0.589532	0.297970	0.291562
 10-14 	0.034632	0.017501	0.017131
 15-19 	22.524889	7.596518	14.928371
 20-24 	69.429167	29.563773	39.865394
 25-29 	74.225129	35.813236	38.411893
 30-34 	60.033063	31.472043	28.561020
 35-39 	42.411291	23.248463	19.162828
 40-44 	26.837024	14.616545	12.220480
 45-49 	17.416443	9.017109	8.399334
 50-54 	10.494916	5.178950	5.315966
 55-59 	6.213791	3.148738	3.065053
 60-64 	3.663720	2.037580	1.626140
 65-69 	2.325921	1.324563	1.001358
 70-74 	1.662120	0.800629	0.861491
 75-79 	0.494940	0.298189	0.196751
 80+ 	0.019979	0.019327	0.000652
Total	344.140753	167.368413	176.772340
1990			
 0-4	14.518995	7.347624	7.171372
 5-9	1.335634	0.675079	0.660555
 10-14 	0.030092	0.015198	0.014894
 15-19 	54.558903	17.816050	36.742852
 20-24 	173.273487	71.551595	101.721892
 25-29 	188.064805	88.423575	99.641230
 30-34 	152.758272	78.224390	74.533883
 35-39 	109.595713	58.804196	50.791517
 40-44 	69.484452	37.173272	32.311180
 45-49 	45.043629	22.942691	22.100938
 50-54 	27.266362	13.181990	14.084371
 55-59 	16.117414	7.953768	8.163646
 60-64 	9.505606	5.173679	4.331927
 65-69 	5.965117	3.348647	2.616469
 70-74 	4.278870	2.021015	2.257855
 75-79 	1.331021	0.771485	0.559536
 80+ 	0.060604	0.057557	0.003046
Total	873.188976	415.481811	457.707165
1991			
 0-4	32.772462	16.584079	16.188383
 5-9	3.363728	1.700047	1.663681
 10-14 	0.052919	0.026691	0.026228
 15-19 	118.632073	37.637848	80.994224
 20-24 	388.921357	155.921870	232.999487
 25-29 	431.011911	197.435267	233.576643
 30-34 	350.574182	175.434738	175.139444
 35-39 	255.056756	133.901012	121.155744
 40-44 	163.096132	85.665574	77.430558
 45-49 	105.009198	52.673788	52.335410
 50-54 	64.170698	30.487389	33.683309
 55-59 	37.786715	18.207117	19.579598
 60-64 	22.310273	11.881056	10.429217
 65-69 	13.884492	7.710708	6.173784
 70-74 	9.903501	4.606305	5.297196
 75-79 	3.233850	1.807178	1.426672
 80+ 	0.163047	0.151041	0.012006
Total	1999.943293	931.831709	1068.111584
1992			
 0-4	66.337410	33.567059	32.770351
 5-9	7.648535	3.865406	3.783130
 10-14 	0.160778	0.081042	0.079737
 15-19 	229.867477	70.936494	158.930984
 20-24 	781.379269	305.157924	476.221345
 25-29 	891.412018	398.509863	492.902155
 30-34 	725.359273	355.374662	369.984611
 35-39 	534.520658	274.934726	259.585932
 40-44 	346.458405	178.778980	167.679424
 45-49 	221.320168	109.464853	111.855315
 50-54 	136.728323	64.001616	72.726707
 55-59 	80.188107	37.811363	42.376744
 60-64 	47.366992	24.676225	22.690766
 65-69 	29.266947	16.109659	13.157288
 70-74 	20.651356	9.504747	11.146609
 75-79 	7.108502	3.832957	3.275545
 80+ 	0.397849	0.357913	0.039936
Total	4126.172067	1886.965489	2239.206578
1993			
 0-4	120.269814	60.853114	59.416700
 5-9	15.677921	7.922818	7.755103
 10-14 	0.472759	0.238247	0.234513
 15-19 	394.687436	118.922209	275.765227
 20-24 	1400.390418	535.005984	865.384434
 25-29 	1656.868922	724.725787	932.143135
 30-34 	1350.934892	649.671537	701.263355
 35-39 	1007.146256	508.628366	498.517889
 40-44 	663.956554	336.889060	327.067494
 45-49 	422.325907	206.052270	216.273637
 50-54 	263.016642	121.473539	141.543103
 55-59 	154.002168	71.178632	82.823536
 60-64 	90.795166	46.259898	44.535268
 65-69 	55.692581	30.391436	25.301145
 70-74 	38.780937	17.759851	21.021086
 75-79 	14.090642	7.333924	6.756719
 80+ 	0.887438	0.771280	0.116159
Total	7649.996454	3444.077951	4205.918503
1994			
 0-4	195.484073	98.904085	96.579988
 5-9	29.011429	14.659967	14.351462
 10-14 	1.206232	0.607843	0.598389
 15-19 	600.570260	177.008446	423.561814
 20-24 	2242.069392	841.823016	1400.246376
 25-29 	2757.193062	1183.015773	1574.177290
 30-34 	2264.084843	1071.930354	1192.154490
 35-39 	1705.866552	847.404836	858.461716
 40-44 	1147.225545	572.212967	575.012578
 45-49 	732.134749	351.725238	380.409511
 50-54 	457.163483	208.041349	249.122134
 55-59 	268.173380	121.433178	146.740202
 60-64 	157.156478	78.179474	78.977004
 65-69 	95.532699	51.564602	43.968096
 70-74 	65.550154	29.996697	35.553457
 75-79 	25.094959	12.611017	12.483943
 80+ 	1.807557	1.507035	0.300522
Total	12745.324848	5662.625877	7082.698970
1995			
 0-4	287.066813	145.230954	141.835858
 5-9	48.872570	24.694566	24.178005
 10-14 	2.695489	1.358146	1.337343
 15-19 	816.409789	235.917959	580.491831
 20-24 	3221.709183	1188.504581	2033.204602
 25-29 	4135.289308	1752.219179	2383.070130
 30-34 	3435.327131	1607.884688	1827.442443
 35-39 	2612.813407	1279.413932	1333.399475
 40-44 	1797.584108	880.964345	916.619763
 45-49 	1160.665527	547.610827	613.054700
 50-54 	722.774298	323.138404	399.635894
 55-59 	426.118192	188.693112	237.425080
 60-64 	247.209094	119.759098	127.449996
 65-69 	148.557336	79.028503	69.528833
 70-74 	100.173935	45.936790	54.237145
 75-79 	40.264976	19.554756	20.710220
 80+ 	3.342226	2.656408	0.685818
Total	19206.873382	8442.566247	10764.307135
1996			
 0-4	387.259551	195.887754	191.371797
 5-9	76.293647	38.537760	37.755888
 10-14 	5.718543	2.880558	2.837984
 15-19 	1008.263282	286.114977	722.148305
 20-24 	4223.673503	1537.642576	2686.030926
 25-29 	5664.857073	2377.944593	3286.912480
 30-34 	4782.247576	2220.971099	2561.276477
 35-39 	3666.559809	1774.885135	1891.674674
 40-44 	2580.877161	1243.723907	1337.153254
 45-49 	1699.064509	786.600026	912.464483
 50-54 	1047.941064	459.314107	588.626958
 55-59 	623.350928	269.604587	353.746341
 60-64 	357.163791	168.146148	189.017643
 65-69 	212.003870	110.661400	101.342470
 70-74 	140.237743	64.577291	75.660453
 75-79 	58.679293	27.625715	31.053578
 80+ 	5.638985	4.253636	1.385349
Total	26539.830327	11569.371267	14970.459060
1997			
 0-4	490.978067	248.315519	242.662548
 5-9	113.322937	57.220653	56.102283
 10-14 	11.263857	5.672034	5.591823
 15-19 	1157.359435	323.463312	833.896123
 20-24 	5167.119395	1855.961873	3311.157522
 25-29 	7236.495827	3024.017125	4212.478702
 30-34 	6235.505512	2885.870216	3349.635296
 35-39 	4811.783164	2309.095687	2502.687477
 40-44 	3463.584616	1642.466817	1821.117800
 45-49 	2337.014680	1061.211883	1275.802797
 50-54 	1426.010769	611.818577	814.192192
 55-59 	855.730861	361.221727	494.509134
 60-64 	484.191267	221.240638	262.950630
 65-69 	283.223907	144.567198	138.656709
 70-74 	183.354699	84.745443	98.609256
 75-79 	79.372142	36.366356	43.005786
 80+ 	8.778472	6.268231	2.510241
Total	34345.089608	14879.523288	19465.566319
1998			
 0-4	597.886771	302.344201	295.542571
 5-9	163.773598	82.660310	81.113288
 10-14 	20.799715	10.470642	10.329073
 15-19 	1263.001134	348.749006	914.252128
 20-24 	6019.383395	2134.426519	3884.956876
 25-29 	8816.980275	3674.138582	5142.841694
 30-34 	7774.801751	3593.366235	4181.435516
 35-39 	6026.211166	2875.825244	3150.385922
 40-44 	4420.668745	2067.449314	2353.219431
 45-49 	3062.900040	1366.257857	1696.642184
 50-54 	1852.439169	778.524187	1073.914982
 55-59 	1118.365967	461.066239	657.299727
 60-64 	627.139271	278.117843	349.021428
 65-69 	361.075814	179.818223	181.257591
 70-74 	228.655987	105.864986	122.791001
 75-79 	101.954080	45.680050	56.274030
 80+ 	12.862190	8.684998	4.177191
Total	42468.899068	18313.444436	24155.454633
1999			
 0-4	710.474246	359.231911	351.242335
 5-9	233.020007	117.563285	115.456723
 10-14 	36.257051	18.247446	18.009605
 15-19 	1334.178780	365.070573	969.108208
 20-24 	6790.790242	2375.622746	4415.167496
 25-29 	10438.614254	4334.827002	6103.787252
 30-34 	9408.827143	4336.872816	5071.954327
 35-39 	7323.653848	3485.070072	3838.583776
 40-44 	5436.487241	2516.675327	2919.811914
 45-49 	3862.369254	1698.339653	2164.029602
 50-54 	2322.552928	959.219231	1363.333697
 55-59 	1405.267471	567.293302	837.974169
 60-64 	785.773615	338.773709	446.999905
 65-69 	445.839318	216.374331	229.464987
 70-74 	277.218208	128.128018	149.090189
 75-79 	127.375088	56.037907	71.337180
 80+ 	18.160331	11.575209	6.585122
Total	50956.859026	21884.922537	29071.936489
2000			
 0-4	802.852927	405.808446	397.044482
 5-9	319.453838	161.087802	158.366036
 10-14 	59.958446	30.170795	29.787650
 15-19 	1382.015727	376.391996	1005.623731
 20-24 	7496.940700	2585.979093	4910.961606
 25-29 	12092.647030	4970.187751	7122.459278
 30-34 	11197.610206	5148.348853	6049.261353
 35-39 	8732.952086	4151.708327	4581.243759
 40-44 	6498.211805	2990.537077	3507.674728
 45-49 	4716.948759	2053.721332	2663.227426
 50-54 	2827.627149	1153.160351	1674.466798
 55-59 	1708.144692	677.940971	1030.203721
 60-64 	958.769361	403.107745	555.661616
 65-69 	537.755594	254.272582	283.483012
 70-74 	330.769281	151.976431	178.792851
 75-79 	157.127644	67.974427	89.153217
 80+ 	25.246704	15.164077	10.082627
Total	59845.031949	25597.538057	34247.493892
2001			
 0-4	887.848031	448.649319	439.198712
 5-9	422.328799	212.868051	209.460749
 10-14 	92.691611	46.629236	46.062375
 15-19 	1417.486607	386.216243	1031.270364
 20-24 	8143.961732	2771.646741	5372.314991
 25-29 	13801.909043	5608.511033	8193.398010
 30-34 	13147.996776	5994.966758	7153.030018
 35-39 	10273.547828	4876.276907	5397.270921
 40-44 	7597.480787	3489.557288	4107.923499
 45-49 	5604.787127	2425.687459	3179.099669
 50-54 	3364.133871	1361.263275	2002.870596
 55-59 	2017.906152	790.555456	1227.350696
 60-64 	1144.660263	471.132733	673.527530
 65-69 	635.954614	293.150310	342.804304
 70-74 	390.011059	177.332250	212.678809
 75-79 	192.456211	82.099110	110.357101
 80+ 	34.728786	19.650859	15.077927
Total	69169.889300	29456.193027	39713.696272
2002			
 0-4	1004.057516	507.354243	496.703272
 5-9	545.690207	274.956079	270.734128
 10-14 	135.078842	67.923608	67.155235
 15-19 	1447.876982	396.525218	1051.351764
 20-24 	8720.329998	2931.813184	5788.516814
 25-29 	15530.536914	6212.206054	9318.330860
 30-34 	15221.235761	6870.392743	8350.843018
 35-39 	11942.986026	5658.901334	6284.084692
 40-44 	8712.790590	4008.829568	4703.961022
 45-49 	6491.632187	2804.059237	3687.572950
 50-54 	3909.195826	1576.520311	2332.675515
 55-59 	2325.226321	902.703776	1422.522545
 60-64 	1337.084667	540.902730	796.181937
 65-69 	738.632950	332.428779	406.204171
 70-74 	453.867912	203.658362	250.209550
 75-79 	232.357817	97.798756	134.559061
 80+ 	47.068835	25.170584	21.898251
Total	78795.649352	33412.144566	45383.504785
2003			
 0-4	1132.377487	572.213657	560.163830
 5-9	686.090255	345.631886	340.458369
 10-14 	189.955674	95.486745	94.468929
 15-19 	1478.397967	408.783455	1069.614512
 20-24 	9206.243462	3065.562107	6140.681356
 25-29 	17177.181986	6761.132445	10416.049541
 30-34 	17338.359564	7735.976536	9602.383029
 35-39 	13684.066716	6463.459095	7220.607621
 40-44 	9813.095981	4532.165992	5280.929988
 45-49 	7337.510177	3170.901912	4166.608265
 50-54 	4438.005535	1787.734322	2650.271213
 55-59 	2619.311032	1009.929328	1609.381705
 60-64 	1524.662169	607.946374	916.715795
 65-69 	840.729728	370.070437	470.659291
 70-74 	517.881742	228.996599	288.885143
 75-79 	273.127744	113.578270	159.549474
 80+ 	61.912100	31.499553	30.412547
Total	88318.909319	37301.068712	51017.840606
2004			
 0-4	1292.190371	653.168299	639.022072
 5-9	837.925537	422.039395	415.886142
 10-14 	258.748769	130.021552	128.727217
 15-19 	1511.245740	423.892346	1087.353394
 20-24 	9517.472923	3158.416740	6359.056184
 25-29 	18321.954327	7153.560851	11168.393476
 30-34 	18907.395002	8410.505172	10496.889830
 35-39 	14965.209979	7080.693467	7884.516512
 40-44 	10537.222382	4922.653231	5614.569152
 45-49 	7728.339463	3381.605725	4346.733738
 50-54 	4645.789079	1895.668409	2750.120670
 55-59 	2723.898517	1060.196407	1663.702110
 60-64 	1597.801890	639.966680	957.835210
 65-69 	884.926547	388.122770	496.803777
 70-74 	547.801282	241.435457	306.365825
 75-79 	292.375603	122.482325	169.893278
 80+ 	71.552844	35.990330	35.562513
Total	94641.850255	40120.419154	54521.431100
2005			
 0-4	1427.338246	721.406728	705.931518
 5-9	998.243125	502.614195	495.628930
 10-14 	347.187453	174.427181	172.760272
 15-19 	1551.255394	443.364108	1107.891286
 20-24 	9780.138229	3237.348453	6542.789776
 25-29 	19528.626483	7546.422041	11982.204442
 30-34 	20679.513430	9093.640641	11585.872789
 35-39 	16511.220429	7795.694742	8715.525687
 40-44 	11466.183204	5384.925637	6081.257568
 45-49 	8324.338844	3657.482988	4666.855856
 50-54 	5034.681886	2056.356145	2978.325741
 55-59 	2943.455858	1142.132870	1801.322987
 60-64 	1732.512240	687.188397	1045.323843
 65-69 	964.760621	415.941073	548.819548
 70-74 	595.645257	258.758851	336.886407
 75-79 	323.516473	134.560573	188.955900
 80+ 	87.454636	42.637861	44.816775
Total	102296.071809	43294.902483	59001.169326
2006			
 0-4	1455.613454	735.513953	720.099500
 5-9	1161.452146	584.620276	576.831870
 10-14 	458.367376	230.257051	228.110325
 15-19 	1597.827247	467.386513	1130.440734
 20-24 	9926.594585	3287.718226	6638.876360
 25-29 	20303.324174	7811.173345	12492.150828
 30-34 	21902.534733	9594.146330	12308.388402
 35-39 	17588.314942	8292.317193	9295.997749
 40-44 	12055.700293	5701.143593	6354.556699
 45-49 	8538.911473	3789.641351	4749.270121
 50-54 	5160.721644	2122.755529	3037.966115
 55-59 	3022.025654	1178.891084	1843.134570
 60-64 	1772.937061	703.310356	1069.626705
 65-69 	998.705976	428.075465	570.630510
 70-74 	614.751781	264.943570	349.808211
 75-79 	337.533771	140.765881	196.767890
 80+ 	97.519216	47.242923	50.276294
Total	106992.835525	45379.902642	61612.932883
2007			
 0-4	1360.350725	686.674913	673.675812
 5-9	1299.814693	653.956574	645.858119
 10-14 	583.823738	293.229387	290.594351
 15-19 	1657.489818	498.622222	1158.867596
 20-24 	10016.250438	3322.219777	6694.030661
 25-29 	20951.801700	8033.899163	12917.902538
 30-34 	23064.245171	10038.521225	13025.723946
 35-39 	18604.226826	8753.578017	9850.648809
 40-44 	12656.535388	6012.795094	6643.740295
 45-49 	8768.513015	3921.027840	4847.485175
 50-54 	5317.770855	2193.526567	3124.244287
 55-59 	3132.275594	1223.392542	1908.883052
 60-64 	1827.793807	721.643968	1106.149839
 65-69 	1042.232446	442.380262	599.852183
 70-74 	637.014565	271.405158	365.609407
 75-79 	353.785095	147.216767	206.568328
 80+ 	109.155372	52.236613	56.918759
Total	111383.079246	47266.326089	64116.753156
2008			
 0-4	1559.842262	788.156839	771.685423
 5-9	1491.511422	750.681624	740.829798
 10-14 	711.330433	357.215272	354.115160
 15-19 	1739.237914	540.695334	1198.542580
 20-24 	10117.741436	3355.568786	6762.172650
 25-29 	21809.991810	8306.219178	13503.772632
 30-34 	24686.019856	10616.713339	14069.306517
 35-39 	20076.304007	9366.591901	10709.712106
 40-44 	13646.376195	6462.699412	7183.676783
 45-49 	9407.537973	4201.999973	5205.538000
 50-54 	5774.843284	2364.049729	3410.793554
 55-59 	3433.562735	1327.275885	2106.286850
 60-64 	1991.637713	772.446335	1219.191379
 65-69 	1146.630500	475.765419	670.865081
 70-74 	692.476247	288.847299	403.628948
 75-79 	390.571939	159.843537	230.728402
 80+ 	129.811203	60.251052	69.560151
Total	118805.426928	50195.020915	68610.406014
2009			
 0-4	1518.726669	766.998474	751.728196
 5-9	1736.440880	874.915434	861.525447
 10-14 	851.106266	427.508391	423.597875
 15-19 	1838.483369	592.047544	1246.435825
 20-24 	10144.324986	3365.684402	6778.640584
 25-29 	22315.563804	8455.068791	13860.495014
 30-34 	25865.314403	11007.857960	14857.456443
 35-39 	21198.891229	9820.183919	11378.707310
 40-44 	14326.325092	6756.183182	7570.141910
 45-49 	9780.922020	4369.433315	5411.488705
 50-54 	6033.454764	2453.869474	3579.585290
 55-59 	3632.616382	1390.771743	2241.844639
 60-64 	2100.144536	802.395584	1297.748952
 65-69 	1218.368369	495.957871	722.410498
 70-74 	730.628033	298.571226	432.056806
 75-79 	414.098275	166.690707	247.407568
 80+ 	143.352828	64.921112	78.431716
Total	123848.761906	52109.059130	71739.702776
2010			
 0-4	1111.338953	560.680953	550.658000
 5-9	1801.233001	908.037661	893.195340
 10-14 	979.421165	491.958367	487.462798
 15-19 	1907.021274	637.574195	1269.447079
 20-24 	9638.260635	3236.227793	6402.032842
 25-29 	21057.332352	8073.870392	12983.461959
 30-34 	24577.937825	10557.582227	14020.355598
 35-39 	20209.332738	9441.988931	10767.343807
 40-44 	13580.779036	6511.274533	7069.504502
 45-49 	9099.758465	4152.578295	4947.180170
 50-54 	5603.934689	2317.749254	3286.185435
 55-59 	3429.585182	1331.406088	2098.179094
 60-64 	1983.050382	766.943595	1216.106787
 65-69 	1157.791482	475.088971	682.702512
 70-74 	696.615167	284.761885	411.853281
 75-79 	389.347579	157.868404	231.479175
 80+ 	135.177312	61.681653	73.495660
Total	117357.917237	49967.273197	67390.644041
2011			
 0-4	419.267684	210.092243	209.175440
 5-9	1571.326659	790.933951	780.392708
 10-14 	1069.571733	536.962934	532.608799
 15-19 	1871.685223	647.542464	1224.142759
 20-24 	8451.631318	2921.195266	5530.436052
 25-29 	17383.119539	6931.148652	10451.970887
 30-34 	19518.633777	8746.790524	10771.843253
 35-39 	15565.507365	7634.177804	7931.329560
 40-44 	10094.371495	5100.769225	4993.602270
 45-49 	6285.111110	3053.753293	3231.357818
 50-54 	3782.580627	1659.060633	2123.519994
 55-59 	2372.303307	975.343563	1396.959744
 60-64 	1383.209657	571.170535	812.039122
 65-69 	816.963984	356.906243	460.057741
 70-74 	504.831461	214.832326	289.999136
 75-79 	266.337945	114.929786	151.408159
 80+ 	84.141735	41.277828	42.863907
Total	91440.594621	40506.887271	50933.707350
2012			
 0-4	153.133052	76.759848	76.373203
 5-9	1218.240312	611.314002	606.926310
 10-14 	1086.910854	545.154996	541.755858
 15-19 	1820.745472	651.598044	1169.147428
 20-24 	7496.475951	2651.087552	4845.388399
 25-29 	14859.626804	6077.055427	8782.571377
 30-34 	16448.656940	7540.789314	8907.867626
 35-39 	12616.065555	6389.311358	6226.754198
 40-44 	7892.732620	4147.053734	3745.678885
 45-49 	4709.454923	2390.479047	2318.975877
 50-54 	2832.370109	1289.630773	1542.739336
 55-59 	1832.019048	776.563345	1055.455702
 60-64 	1083.132648	462.023542	621.109106
 65-69 	643.788061	289.213169	354.574892
 70-74 	404.752116	174.913407	229.838709
 75-79 	204.251966	90.305108	113.946859
 80+ 	62.211300	31.055572	31.155728
Total	75364.567731	34194.308238	41170.259493
2013			
 0-4	183.341434	92.403855	90.937578
 5-9	1049.615101	529.293150	520.321951
 10-14 	1086.285330	545.678510	540.606820
 15-19 	1920.891638	691.381447	1229.510192
 20-24 	7624.502450	2600.422448	5024.080002
 25-29 	15764.479698	6088.756501	9675.723197
 30-34 	18392.829950	7871.365637	10521.464314
 35-39 	14859.516047	6907.969109	7951.546939
 40-44 	9407.970229	4556.101290	4851.868939
 45-49 	5865.721232	2722.008851	3143.712381
 50-54 	3532.110594	1465.772389	2066.338205
 55-59 	2334.683689	886.185945	1448.497744
 60-64 	1406.086398	531.665213	874.421185
 65-69 	824.924125	327.992958	496.931167
 70-74 	518.548771	199.583747	318.965024
 75-79 	265.208916	101.261839	163.947077
 80+ 	84.097975	36.223912	47.874063
Total	85120.813577	36154.066801	48966.746776
2014			
 0-4	142.989136	71.908442	71.080693
 5-9	985.710263	497.326755	488.383508
 10-14 	1125.779756	566.512568	559.267188
 15-19 	1877.906173	645.500494	1232.405679
 20-24 	7172.482953	2273.017166	4899.465787
 25-29 	14794.302515	5136.209921	9658.092594
 30-34 	17435.785349	6559.994822	10875.790527
 35-39 	14082.775234	5563.652690	8519.122543
 40-44 	8724.126585	3546.165574	5177.961011
 45-49 	5337.777289	1993.256588	3344.520701
 50-54 	3220.451445	1058.177576	2162.273868
 55-59 	2193.103239	649.094708	1544.008531
 60-64 	1351.355773	397.888364	953.467409
 65-69 	788.090195	246.400036	541.690159
 70-74 	500.409873	151.116169	349.293703
 75-79 	255.137858	74.308350	180.829507
 80+ 	78.288325	25.069993	53.218331
Total	80066.471960	29455.600218	50610.871742
2015			
 0-4	100.880558	50.761722	50.118836
 5-9	807.743334	407.590093	400.153240
 10-14 	1115.577927	561.798184	553.779743
 15-19 	1690.362910	641.914697	1048.448213
 20-24 	6065.114825	2136.352440	3928.762385
 25-29 	12083.913154	4812.383228	7271.529926
 30-34 	14217.903016	6324.798124	7893.104891
 35-39 	11233.863866	5509.712241	5724.151625
 40-44 	6808.461385	3530.733059	3277.728326
 45-49 	3916.915010	2014.973963	1901.941047
 50-54 	2265.057106	1060.337589	1204.719517
 55-59 	1529.832252	647.842191	881.990062
 60-64 	959.741330	403.242999	556.498332
 65-69 	567.528743	248.458798	319.069946
 70-74 	366.394332	153.087363	213.306969
 75-79 	179.038320	74.619970	104.418350
 80+ 	54.037991	25.315111	28.722880
Total	63962.366058	28603.921771	35358.444287
2016			
 0-4	147.680176	74.327086	73.353090
 5-9	569.303102	286.809619	282.493484
 10-14 	998.412184	501.827552	496.584632
 15-19 	1586.017347	592.465257	993.552089
 20-24 	5551.219017	1887.901261	3663.317756
 25-29 	11095.828536	4181.816187	6914.012349
 30-34 	13362.672078	5556.334025	7806.338053
 35-39 	10780.686379	4811.783645	5968.902734
 40-44 	6499.004499	3045.215810	3453.788689
 45-49 	3694.320291	1683.724343	2010.595949
 50-54 	2123.442661	876.928905	1246.513756
 55-59 	1451.690140	534.818137	916.872003
 60-64 	936.468509	338.288422	598.180088
 65-69 	555.699951	209.672600	346.027351
 70-74 	358.475678	128.936699	229.538980
 75-79 	178.618231	62.620864	115.997367
 80+ 	52.977935	20.690367	32.287568
Total	59942.516715	24794.160777	35148.355938
2017			
 0-4	151.587620	76.397558	75.190061
 5-9	432.131907	217.305962	214.825945
 10-14 	856.283163	431.323850	424.959312
 15-19 	1468.718384	555.545302	913.173082
 20-24 	5059.700443	1733.142196	3326.558247
 25-29 	10202.253997	3849.596597	6352.657400
 30-34 	12610.736414	5257.816177	7352.920237
 35-39 	10540.323443	4737.418176	5802.905267
 40-44 	6404.293357	3042.047376	3362.245981
 45-49 	3606.964662	1692.453590	1914.511072
 50-54 	2036.364021	876.013962	1160.350059
 55-59 	1377.521456	526.909618	850.611837
 60-64 	908.439827	336.440772	571.999055
 65-69 	544.685705	209.755042	334.930664
 70-74 	349.538852	128.244574	221.294278
 75-79 	177.295530	63.077881	114.217649
 80+ 	52.761862	20.816669	31.945193
Total	56779.600644	23754.305303	33025.295341
2018			
 0-4	113.659814	57.404749	56.255065
 5-9	263.835677	132.564769	131.270908
 10-14 	719.153247	362.410859	356.742388
 15-19 	1367.434781	519.253182	848.181599
 20-24 	4624.891114	1589.913192	3034.977922
 25-29 	9337.047295	3508.476773	5828.570523
 30-34 	11785.981246	4880.172703	6905.808544
 35-39 	10185.588210	4547.736451	5637.851759
 40-44 	6249.507930	2953.414654	3296.093276
 45-49 	3472.831827	1636.952732	1835.879094
 50-54 	1926.626523	839.151169	1087.475355
 55-59 	1285.520316	497.434171	788.086145
 60-64 	865.752009	319.888146	545.863864
 65-69 	526.865310	201.558584	325.306726
 70-74 	336.135014	122.446103	213.688911
 75-79 	173.586273	60.941907	112.644366
 80+ 	51.910354	19.916593	31.993760
Total	53286.326941	22249.636737	31036.690204
2019			
 0-4	112.221167	56.698638	55.522529
 5-9	177.934490	89.379147	88.555342
 10-14 	628.910726	316.900493	312.010233
 15-19 	1292.203308	490.868993	801.334316
 20-24 	4282.284786	1477.984183	2804.300602
 25-29 	8587.838783	3218.184199	5369.654584
 30-34 	11013.794944	4530.589874	6483.205070
 35-39 	9839.494635	4364.489188	5475.005446
 40-44 	6131.112608	2881.110645	3250.001963
 45-49 	3370.419379	1594.037912	1776.381467
 50-54 	1831.877247	806.048287	1025.828960
 55-59 	1203.944409	472.560931	731.383478
 60-64 	824.280961	304.779516	519.501445
 65-69 	511.671506	194.733077	316.938429
 70-74 	325.171281	117.717082	207.454199
 75-79 	170.205602	59.178757	111.026845
 80+ 	51.296198	19.188205	32.107993
Total	50354.662028	20994.449126	29360.212902
2020			
 0-4	113.268878	57.232399	56.036480
 5-9	140.422786	70.511761	69.911025
 10-14 	507.991433	255.927478	252.063955
 15-19 	1229.070469	464.606130	764.464338
 20-24 	4038.675955	1398.931974	2639.743981
 25-29 	7968.160690	2982.979198	4985.181492
 30-34 	10318.092000	4220.229649	6097.862351
 35-39 	9511.315245	4192.576800	5318.738445
 40-44 	6048.686087	2825.997126	3222.688961
 45-49 	3294.085275	1557.532900	1736.552375
 50-54 	1760.492533	784.623480	975.869054
 55-59 	1136.080303	453.198252	682.882051
 60-64 	785.173921	291.500951	493.672970
 65-69 	499.216631	189.297509	309.919121
 70-74 	317.413353	114.294129	203.119224
 75-79 	167.258127	57.775097	109.483031
 80+ 	50.939755	18.633638	32.306116
Total	47886.343439	19935.848469	27950.494970
2021			
 0-4	110.147465	55.669528	54.477938
 5-9	137.287493	68.946474	68.341019
 10-14 	368.781157	185.652082	183.129075
 15-19 	1179.057371	442.574514	736.482857
 20-24 	3892.262221	1352.965701	2539.296520
 25-29 	7477.464824	2800.928067	4676.536757
 30-34 	9714.189290	3955.668305	5758.520985
 35-39 	9208.359653	4036.082447	5172.277206
 40-44 	5999.841815	2787.599725	3212.242089
 45-49 	3255.112653	1540.440249	1714.672404
 50-54 	1705.974666	766.212631	939.762035
 55-59 	1081.694803	438.160650	643.534152
 60-64 	749.280943	280.406428	468.874515
 65-69 	488.772923	184.994494	303.778429
 70-74 	313.452450	112.416729	201.035721
 75-79 	164.865302	56.711201	108.154101
 80+ 	50.895815	18.291019	32.604796
Total	45897.440843	19083.720246	26813.720598
2022			
 0-4	107.395127	54.352743	53.042384
 5-9	131.585803	66.137629	65.448174
 10-14 	277.998373	139.805281	138.193092
 15-19 	1144.699542	427.877838	716.821704
 20-24 	3822.274493	1332.169093	2490.105400
 25-29 	7110.827279	2667.754509	4443.072770
 30-34 	9208.140982	3738.562086	5469.578895
 35-39 	8928.925549	3893.936505	5034.989044
 40-44 	5978.614962	2763.355486	3215.259476
 45-49 	3251.928583	1536.214215	1715.714367
 50-54 	1667.628836	755.613097	912.015739
 55-59 	1040.696028	428.397956	612.298073
 60-64 	717.398539	271.582763	445.815776
 65-69 	480.083092	181.743946	298.339146
 70-74 	312.432963	111.748349	200.684614
 75-79 	163.618733	56.099979	107.518754
 80+ 	51.040156	18.128308	32.911848
Total	44395.289038	18443.479782	25951.809256
2023			
 0-4	33.007503	16.647148	16.360355
 5-9	95.004999	47.757664	47.247336
 10-14 	187.259760	94.113490	93.146270
 15-19 	1068.598616	392.272262	676.326354
 20-24 	3823.819532	1337.537692	2486.281840
 25-29 	6858.848244	2578.367120	4280.481124
 30-34 	8791.530933	3564.127991	5227.402943
 35-39 	8668.519642	3764.023902	4904.495741
 40-44 	5975.830442	2749.127715	3226.702728
 45-49 	3276.930166	1544.071058	1732.859109
 50-54 	1646.556752	751.752411	894.804341
 55-59 	1010.937948	422.473211	588.464737
 60-64 	689.467051	264.823412	424.643639
 65-69 	472.380221	179.280408	293.099812
 70-74 	313.605945	112.006685	201.599260
 75-79 	163.606270	55.949332	107.656938
 80+ 	51.341918	18.098847	33.243071
Total	43127.245943	17892.430347	25234.815597
2024			
 0-4	53.640989	26.959022	26.681967
 5-9	92.265561	46.416263	45.849298
 10-14 	139.847123	70.258817	69.588306
 15-19 	949.640758	335.569179	614.071579
 20-24 	3835.732132	1344.486872	2491.245260
 25-29 	6697.018770	2521.508949	4175.509821
 30-34 	8443.478122	3421.947637	5021.530485
 35-39 	8414.765187	3640.435487	4774.329700
 40-44 	5968.975278	2734.016034	3234.959244
 45-49 	3317.648243	1558.098766	1759.549477
 50-54 	1638.376035	752.798660	885.577374
 55-59 	985.971189	417.222492	568.748696
 60-64 	664.239373	259.405396	404.833977
 65-69 	463.775657	176.891244	286.884413
 70-74 	315.510362	112.620288	202.890074
 75-79 	164.455150	56.109962	108.345188
 80+ 	51.575880	18.102900	33.472980
Total	42196.915807	17492.847968	24704.067839
2025			
 0-4	68.970193	34.790090	34.180103
 5-9	88.472367	44.428641	44.043726
 10-14 	114.642745	57.540689	57.102056
 15-19 	824.153308	275.159691	548.993616
 20-24 	3841.192490	1347.519226	2493.673265
 25-29 	6621.367859	2495.395880	4125.971979
 30-34 	8161.861134	3309.613892	4852.247242
 35-39 	8174.915482	3526.607870	4648.307612
 40-44 	5954.984716	2716.724206	3238.260511
 45-49 	3372.453869	1578.046623	1794.407245
 50-54 	1639.445490	755.248151	884.197339
 55-59 	969.349972	416.426041	552.923932
 60-64 	643.137144	255.794285	387.342858
 65-69 	454.328933	174.642382	279.686550
 70-74 	317.806617	113.475831	204.330786
 75-79 	166.284597	56.630435	109.654162
 80+ 	51.795028	18.146754	33.648274
Total	41465.161945	17176.190688	24288.971257
2026			
 0-4	40.809086	20.480548	20.328539
 5-9	70.509700	35.329432	35.180269
 10-14 	105.582333	52.957765	52.624567
 15-19 	720.444479	225.402441	495.042038
 20-24 	3809.877920	1332.573985	2477.303935
 25-29 	6621.762057	2496.423163	4125.338894
 30-34 	7942.868098	3224.069053	4718.799045
 35-39 	7955.393690	3425.377624	4530.016066
 40-44 	5931.573038	2696.254608	3235.318430
 45-49 	3436.633888	1602.065905	1834.567983
 50-54 	1654.109732	764.727352	889.382380
 55-59 	957.414483	415.475110	541.939372
 60-64 	625.877997	253.245497	372.632500
 65-69 	444.100493	172.584140	271.516353
 70-74 	319.735872	114.304875	205.430997
 75-79 	169.222317	57.572448	111.649869
 80+ 	52.015161	18.220004	33.795158
Total	40857.930345	16907.063952	23950.866393
2027			
 0-4	49.562864	24.936651	24.626213
 5-9	46.779973	23.462829	23.317143
 10-14 	90.982018	45.637164	45.344854
 15-19 	677.091202	205.736068	471.355134
 20-24 	3722.684952	1289.846382	2432.838570
 25-29 	6676.351229	2516.558019	4159.793210
 30-34 	7787.044509	3164.226464	4622.818045
 35-39 	7760.584917	3338.186279	4422.398637
 40-44 	5892.915186	2669.853736	3223.061450
 45-49 	3503.530093	1627.124464	1876.405629
 50-54 	1680.866485	777.441523	903.424962
 55-59 	949.328450	416.529186	532.799264
 60-64 	612.328393	252.182352	360.146041
 65-69 	433.313257	170.717571	262.595686
 70-74 	320.883505	114.987401	205.896105
 75-79 	172.680163	58.736228	113.943935
 80+ 	52.340811	18.349375	33.991436
Total	40429.268007	16714.511693	23714.756314
2028			
 0-4	49.389773	24.925432	24.464341
 5-9	37.720062	18.877428	18.842634
 10-14 	72.434031	36.357670	36.076361
 15-19 	637.010913	187.458139	449.552775
 20-24 	3644.959502	1252.471624	2392.487878
 25-29 	6774.396792	2553.412616	4220.984176
 30-34 	7700.682975	3131.909543	4568.773432
 35-39 	7595.070555	3266.485763	4328.584792
 40-44 	5842.859149	2639.553695	3203.305454
 45-49 	3571.756432	1652.866184	1918.890248
 50-54 	1718.615889	794.318669	924.297220
 55-59 	947.624147	419.874184	527.749963
 60-64 	602.544705	252.319052	350.225654
 65-69 	422.752012	169.279524	253.472487
 70-74 	321.223894	115.572939	205.650955
 75-79 	176.512332	60.081127	116.431205
 80+ 	52.891468	18.576234	34.315234
Total	40168.444631	16594.339821	23574.104810
2029			
 0-4	51.612011	26.047358	25.564653
 5-9	35.724255	17.933001	17.791254
 10-14 	64.910255	32.616536	32.293719
 15-19 	628.316316	183.257397	445.058919
 20-24 	3549.834761	1207.308642	2342.526118
 25-29 	6862.641982	2584.993698	4277.648284
 30-34 	7679.857029	3124.616332	4555.240697
 35-39 	7457.448893	3208.724583	4248.724311
 40-44 	5785.273065	2607.151664	3178.121401
 45-49 	3634.967200	1676.310721	1958.656479
 50-54 	1765.720916	814.684057	951.036859
 55-59 	953.045343	425.984121	527.061222
 60-64 	594.657624	252.626052	342.031572
 65-69 	412.965098	168.386636	244.578462
 70-74 	320.377484	115.970071	204.407413
 75-79 	180.387549	61.486233	118.901316
 80+ 	53.667628	18.899527	34.768101
Total	40031.407408	16526.996629	23504.410779
2030			
 0-4	52.070590	26.288185	25.782405
 5-9	30.561156	15.306962	15.254194
 10-14 	56.776273	28.453904	28.322369
 15-19 	617.145259	177.780449	439.364809
 20-24 	3467.973303	1167.749203	2300.224100
 25-29 	6927.117063	2606.715539	4320.401524
 30-34 	7723.448356	3141.909136	4581.539220
 35-39 	7345.734089	3163.053910	4182.680179
 40-44 	5721.901665	2573.515984	3148.385681
 45-49 	3687.948400	1694.983422	1992.964978
 50-54 	1819.788125	837.539977	982.248149
 55-59 	962.920356	432.422185	530.498171
 60-64 	590.426657	255.102111	335.324546
 65-69 	404.624373	168.235855	236.388518
 70-74 	318.136870	116.144606	201.992264
 75-79 	184.040824	62.854628	121.186196
 80+ 	54.629884	19.304838	35.325046
Total	39965.243243	16487.360895	23477.882348
2031			
 0-4	54.185610	27.367623	26.817987
 5-9	26.804026	13.386739	13.417287
 10-14 	48.386135	24.174558	24.211577
 15-19 	611.145743	174.931645	436.214098
 20-24 	3417.192470	1142.174050	2275.018420
 25-29 	6950.742394	2611.336687	4339.405707
 30-34 	7826.424172	3182.311904	4644.112269
 35-39 	7264.791869	3130.829389	4133.962480
 40-44 	5660.931277	2542.622420	3118.308857
 45-49 	3731.386654	1709.396328	2021.990326
 50-54 	1879.607716	862.563819	1017.043898
 55-59 	980.702201	442.877220	537.824981
 60-64 	588.473332	257.380795	331.092537
 65-69 	398.002681	168.573776	229.428905
 70-74 	314.741747	116.236191	198.505556
 75-79 	187.239214	64.108785	123.130429
 80+ 	55.855591	19.823109	36.032482
Total	39996.612832	16490.095037	23506.517795
2032			
 0-4	49.906374	25.218469	24.687905
 5-9	35.824359	17.990644	17.833714
 10-14 	40.898203	20.509260	20.388943
 15-19 	613.927292	176.373251	437.554041
 20-24 	3398.173146	1130.584816	2267.588329
 25-29 	6922.253144	2593.815491	4328.437654
 30-34 	7968.157097	3237.826778	4730.330319
 35-39 	7219.564426	3113.461837	4106.102589
 40-44 	5605.783965	2515.869059	3089.914906
 45-49 	3761.439521	1717.790621	2043.648900
 50-54 	1941.848626	888.288162	1053.560464
 55-59 	1006.184937	455.412552	550.772385
 60-64 	588.571053	260.813005	327.758049
 65-69 	393.277955	169.757822	223.520133
 70-74 	310.463210	116.315124	194.148086
 75-79 	189.771530	65.208675	124.562855
 80+ 	57.195097	20.392624	36.802473
Total	40103.239935	16525.628190	23577.611745
2033			
 0-4	48.542417	24.527557	24.014860
 5-9	39.220484	19.696281	19.524203
 10-14 	36.374643	18.218023	18.156621
 15-19 	610.764538	174.972352	435.792185
 20-24 	3369.239844	1115.400582	2253.839262
 25-29 	6899.219785	2578.860856	4320.358929
 30-34 	8129.350254	3301.457802	4827.892451
 35-39 	7216.759956	3113.446010	4103.313946
 40-44 	5556.923559	2493.122836	3063.800722
 45-49 	3777.841931	1720.182117	2057.659814
 50-54 	2003.831438	913.561274	1090.270164
 55-59 	1037.997054	470.146481	567.850573
 60-64 	591.956697	265.410477	326.546220
 65-69 	390.292386	171.503913	218.788473
 70-74 	305.666784	116.473946	189.192838
 75-79 	191.490627	66.140866	125.349760
 80+ 	58.589520	20.986129	37.603391
Total	40264.061914	16584.107502	23679.954412
2034			
 0-4	47.047971	23.770688	23.277284
 5-9	40.457723	20.315681	20.142042
 10-14 	34.558758	17.334899	17.223858
 15-19 	607.271741	173.371671	433.900070
 20-24 	3386.373842	1120.291967	2266.081875
 25-29 	6852.452268	2554.095154	4298.357114
 30-34 	8264.279902	3354.206299	4910.073602
 35-39 	7260.456385	3132.147870	4128.308514
 40-44 	5516.663958	2475.059960	3041.603998
 45-49 	3784.933367	1718.771949	2066.161418
 50-54 	2062.862364	937.212125	1125.650239
 55-59 	1075.935961	487.044434	588.891527
 60-64 	599.677248	271.744699	327.932549
 65-69 	388.184153	173.273316	214.910837
 70-74 	300.981471	116.896514	184.084956
 75-79 	192.279957	66.907050	125.372907
 80+ 	60.005837	21.586878	38.418959
Total	40474.422906	16664.031156	23810.391750
2035			
 0-4	46.490430	23.492940	22.997490
 5-9	40.425286	20.300331	20.124955
 10-14 	31.203995	15.632446	15.571548
 15-19 	604.276693	171.930435	432.346258
 20-24 	3394.154348	1121.481552	2272.672796
 25-29 	6821.631812	2535.989305	4285.642507
 30-34 	8364.060358	3392.481635	4971.578723
 35-39 	7352.097237	3170.337719	4181.759519
 40-44 	5484.898909	2461.130536	3023.768373
 45-49 	3783.802641	1714.174271	2069.628371
 50-54 	2115.718805	957.764091	1157.954713
 55-59 	1118.719942	505.577661	613.142281
 60-64 	610.195122	278.291110	331.904012
 65-69 	388.232476	176.420083	211.812393
 70-74 	296.987669	117.758748	179.228921
 75-79 	192.056101	67.505373	124.550728
 80+ 	61.385433	22.174044	39.211388
Total	40706.337256	16752.442280	23953.894976
2036			
 0-4	45.822166	23.154324	22.667842
 5-9	40.285493	20.232911	20.052583
 10-14 	27.969097	13.991784	13.977313
 15-19 	600.691359	170.202311	430.489048
 20-24 	3398.729351	1122.094486	2276.634865
 25-29 	6817.114056	2529.190151	4287.923905
 30-34 	8416.932504	3411.122663	5005.809841
 35-39 	7485.471089	3225.887038	4259.584051
 40-44 	5464.605150	2452.217839	3012.387311
 45-49 	3778.374319	1708.341170	2070.033149
 50-54 	2161.161830	974.718881	1186.442949
 55-59 	1164.867159	525.160521	639.706638
 60-64 	625.488023	287.278252	338.209772
 65-69 	389.392711	179.331875	210.060836
 70-74 	293.841294	118.843760	174.997534
 75-79 	190.880927	67.979515	122.901412
 80+ 	62.642645	22.721049	39.921596
Total	40964.269174	16852.468528	24111.800646
2037			
 0-4	34.081706	17.178538	16.903167
 5-9	36.390740	18.262670	18.128070
 10-14 	30.956795	15.538290	15.418505
 15-19 	598.384544	169.043504	429.341040
 20-24 	3409.934651	1126.446744	2283.487908
 25-29 	6838.109260	2533.370517	4304.738743
 30-34 	8419.818935	3408.772646	5011.046289
 35-39 	7644.931372	3292.415951	4352.515420
 40-44 	5463.389898	2451.475440	3011.914459
 45-49 	3772.562464	1703.092877	2069.469587
 50-54 	2197.852691	987.579906	1210.272785
 55-59 	1212.913949	545.213628	667.700321
 60-64 	645.825744	297.664943	348.160802
 65-69 	391.844375	183.003274	208.841101
 70-74 	291.912429	120.481497	171.430932
 75-79 	189.074783	68.422884	120.651898
 80+ 	63.714655	23.220331	40.494324
Total	41241.698993	16961.183641	24280.515352
2038			
 0-4	35.754394	18.016515	17.737879
 5-9	35.826343	17.977535	17.848808
 10-14 	31.285451	15.688898	15.596553
 15-19 	597.077798	168.317159	428.760639
 20-24 	3410.687891	1125.649193	2285.038698
 25-29 	6839.968218	2530.404521	4309.563697
 30-34 	8428.200830	3408.671642	5019.529188
 35-39 	7808.943260	3361.012310	4447.930950
 40-44 	5486.826729	2461.175000	3025.651729
 45-49 	3765.806691	1697.915696	2067.890995
 50-54 	2224.991248	996.062833	1228.928415
 55-59 	1260.809886	564.841797	695.968088
 60-64 	670.292435	309.470430	360.822005
 65-69 	396.343873	187.440732	208.903141
 70-74 	291.103236	122.461701	168.641535
 75-79 	186.891658	68.887738	118.003920
 80+ 	64.532228	23.659660	40.872568
Total	41535.342168	17077.653359	24457.688809
2039			
 0-4	39.992604	20.197210	19.795393
 5-9	32.085689	16.069035	16.016654
 10-14 	30.185235	15.121006	15.064229
 15-19 	591.369726	165.474627	425.895099
 20-24 	3410.435294	1124.657523	2285.777770
 25-29 	6880.967572	2544.525153	4336.442419
 30-34 	8408.739669	3396.967303	5011.772367
 35-39 	7938.685205	3415.103532	4523.581673
 40-44 	5538.930407	2482.947046	3055.983360
 45-49 	3759.490228	1693.318934	2066.171294
 50-54 	2244.662675	1001.285337	1243.377337
 55-59 	1306.485725	583.168439	723.317286
 60-64 	698.664777	322.623169	376.041607
 65-69 	403.607443	193.050302	210.557142
 70-74 	290.802175	124.384242	166.417933
 75-79 	184.735060	69.485421	115.249639
 80+ 	65.051293	24.035878	41.015415
Total	41824.890775	17192.414158	24632.476617
2040			
 0-4	42.899561	21.668676	21.230885
 5-9	32.631386	16.338368	16.293019
 10-14 	29.368367	14.704508	14.663859
 15-19 	588.976395	164.127918	424.848476
 20-24 	3410.756795	1124.193718	2286.563077
 25-29 	6906.682631	2552.700850	4353.981781
 30-34 	8405.114469	3391.935081	5013.179388
 35-39 	8032.898581	3454.020353	4578.878229
 40-44 	5623.554905	2518.758845	3104.796061
 45-49 	3755.496056	1690.015772	2065.480284
 50-54 	2258.480747	1004.137802	1254.342946
 55-59 	1348.462608	599.583164	748.879444
 60-64 	730.504045	336.976133	393.527912
 65-69 	412.780547	198.856839	213.923707
 70-74 	292.092398	127.315421	164.776977
 75-79 	183.092149	70.375082	112.717068
 80+ 	65.298021	24.367126	40.930895
Total	42119.089662	17310.075656	24809.014007
2041			
 0-4	42.064507	21.255477	20.809030
 5-9	28.433170	14.189889	14.243281
 10-14 	27.843117	13.928101	13.915016
 15-19 	589.698437	164.250832	425.447606
 20-24 	3406.332165	1121.457174	2284.874991
 25-29 	6920.791270	2556.741637	4364.049632
 30-34 	8425.718859	3397.373296	5028.345563
 35-39 	8084.555638	3474.457663	4610.097975
 40-44 	5735.910196	2566.837845	3169.072351
 45-49 	3756.243003	1688.862203	2067.380800
 50-54 	2268.366650	1005.577671	1262.788979
 55-59 	1385.630936	613.623852	772.007084
 60-64 	764.762964	352.094116	412.668848
 65-69 	425.278525	206.450625	218.827900
 70-74 	294.173059	130.085619	164.087440
 75-79 	181.999010	71.386130	110.612880
 80+ 	65.268511	24.656545	40.611966
Total	42403.070015	17423.228675	24979.841340
2042			
 0-4	41.033360	20.737981	20.295378
 5-9	24.176515	11.984838	12.191677
 10-14 	25.658145	12.813353	12.844792
 15-19 	588.500106	163.429329	425.070777
 20-24 	3404.932746	1120.011791	2284.920955
 25-29 	6933.042581	2560.765653	4372.276928
 30-34 	8466.587035	3411.634996	5054.952039
 35-39 	8092.836670	3476.162795	4616.673875
 40-44 	5863.598826	2621.774777	3241.824049
 45-49 	3767.076596	1692.158666	2074.917930
 50-54 	2275.989842	1006.403014	1269.586828
 55-59 	1416.649438	624.770357	791.879080
 60-64 	800.261971	367.486599	432.775373
 65-69 	441.172389	215.048192	226.124197
 70-74 	297.169793	133.398725	163.771068
 75-79 	181.636742	72.724336	108.912405
 80+ 	65.047995	24.932299	40.115696
Total	42685.370749	17536.237702	25149.133047
2043			
 0-4	41.636136	21.042556	20.593580
 5-9	28.923252	14.460419	14.462833
 10-14 	26.004996	13.004256	13.000739
 15-19 	588.977440	163.371065	425.606375
 20-24 	3406.467658	1119.911347	2286.556311
 25-29 	6940.095211	2562.313259	4377.781952
 30-34 	8482.908570	3415.986167	5066.922403
 35-39 	8109.518432	3481.466290	4628.052142
 40-44 	5990.431867	2676.569145	3313.862722
 45-49 	3793.077960	1702.160671	2090.917289
 50-54 	2281.643868	1006.702860	1274.941008
 55-59 	1441.276428	633.024270	808.252158
 60-64 	835.836937	382.666269	453.170668
 65-69 	460.011934	224.752007	235.259926
 70-74 	301.705640	137.311633	164.394008
 75-79 	181.950176	74.273787	107.676388
 80+ 	64.736271	25.226310	39.509962
Total	42975.202775	17654.242309	25320.960466
2044			
 0-4	42.971042	21.719094	21.251948
 5-9	31.406273	15.749333	15.656940
 10-14 	24.006086	11.962966	12.043120
 15-19 	589.402161	163.278239	426.123922
 20-24 	3405.221353	1118.407662	2286.813692
 25-29 	6944.155884	2562.981483	4381.174402
 30-34 	8532.581103	3435.288146	5097.292957
 35-39 	8102.138498	3476.326823	4625.811674
 40-44 	6088.577138	2718.990135	3369.587003
 45-49 	3837.741191	1720.359158	2117.382034
 50-54 	2286.318725	1006.905529	1279.413196
 55-59 	1460.670443	639.029358	821.641085
 60-64 	870.041493	397.012565	473.028928
 65-69 	481.657141	235.518528	246.138612
 70-74 	308.355810	142.116662	166.239148
 75-79 	182.479304	75.767621	106.711684
 80+ 	64.457414	25.582510	38.874903
Total	43252.181058	17766.995811	25485.185248
2045			
 0-4	43.978264	22.232296	21.745968
 5-9	33.084806	16.609644	16.475162
 10-14 	24.436976	12.183880	12.253096
 15-19 	589.836734	163.245758	426.590977
 20-24 	3408.519331	1118.995497	2289.523835
 25-29 	6945.093857	2562.616442	4382.477414
 30-34 	8564.359286	3447.281458	5117.077828
 35-39 	8109.907936	3477.889497	4632.018440
 40-44 	6159.196721	2749.440865	3409.755856
 45-49 	3902.925270	1747.683621	2155.241650
 50-54 	2290.684014	1007.229272	1283.454742
 55-59 	1475.345976	643.117401	832.228575
 60-64 	901.553275	409.952448	491.600827
 65-69 	505.669945	247.168593	258.501353
 70-74 	316.492242	147.105865	169.386377
 75-79 	183.963682	77.936155	106.027528
 80+ 	64.354589	26.058483	38.296106
Total	43519.402905	17876.747174	25642.655731
2046			
 0-4	43.265969	21.875725	21.390243
 5-9	33.390716	16.771005	16.619711
 10-14 	22.318085	11.098213	11.219872
 15-19 	590.386920	163.280641	427.106279
 20-24 	3413.601037	1120.405129	2293.195908
 25-29 	6942.858465	2560.886228	4381.972238
 30-34 	8579.427000	3452.574972	5126.852028
 35-39 	8137.883774	3488.579334	4649.304441
 40-44 	6198.358143	2765.990469	3432.367674
 45-49 	3985.102562	1782.761152	2202.341410
 50-54 	2296.385851	1008.295012	1288.090839
 55-59 	1486.555845	645.925064	840.630781
 60-64 	929.570331	421.153657	508.416674
 65-69 	531.330113	259.387924	271.942189
 70-74 	327.079591	153.391907	173.687684
 75-79 	185.924579	79.950573	105.974005
 80+ 	64.338994	26.535595	37.803399
Total	43767.777973	17978.862599	25788.915374
2047			
 0-4	42.078626	21.285343	20.793283
 5-9	33.382385	16.773044	16.609341
 10-14 	20.868070	10.443460	10.424611
 15-19 	590.246742	163.048965	427.197778
 20-24 	3417.379304	1121.215981	2296.163323
 25-29 	6943.696503	2560.569094	4383.127409
 30-34 	8587.847661	3455.650815	5132.196847
 35-39 	8179.142445	3505.291443	4673.851002
 40-44 	6206.007320	2768.743688	3437.263632
 45-49 	4075.562323	1821.682761	2253.879563
 50-54 	2306.841576	1011.558094	1295.283481
 55-59 	1495.431161	648.006217	847.424944
 60-64 	953.131094	430.240517	522.890577
 65-69 	557.800723	271.806795	285.993928
 70-74 	340.298237	160.439190	179.859047
 75-79 	188.403794	82.327031	106.076762
 80+ 	64.472751	27.124129	37.348621
Total	44002.590715	18076.206566	25926.384149
2048			
 0-4	37.839283	19.118330	18.720952
 5-9	32.815282	16.482945	16.332336
 10-14 	23.298093	11.681855	11.616237
 15-19 	590.795794	163.192288	427.603506
 20-24 	3423.488616	1123.226691	2300.261924
 25-29 	6946.569973	2561.225929	4385.344044
 30-34 	8593.630233	3457.684003	5135.946230
 35-39 	8196.798036	3512.028178	4684.769859
 40-44 	6221.209396	2775.070915	3446.138481
 45-49 	4162.849906	1859.434795	2303.415110
 50-54 	2325.475668	1018.526427	1306.949241
 55-59 	1502.400902	649.545133	852.855769
 60-64 	972.129084	437.237899	534.891185
 65-69 	584.309682	284.083062	300.226620
 70-74 	355.826476	168.339542	187.486934
 75-79 	191.943116	85.093085	106.850031
 80+ 	64.753954	27.768960	36.984994
Total	44226.133492	18169.740038	26056.393454
2049			
 0-4	35.440241	17.887350	17.552891
 5-9	32.527311	16.333090	16.194221
 10-14 	24.225143	12.148250	12.076892
 15-19 	590.855082	163.133758	427.721323
 20-24 	3428.510275	1124.852062	2303.658213
 25-29 	6949.012830	2561.662071	4387.350759
 30-34 	8594.458932	3457.931724	5136.527208
 35-39 	8238.179771	3529.994018	4708.185753
 40-44 	6217.176699	2772.804380	3444.372320
 45-49 	4228.364906	1887.795490	2340.569415
 50-54 	2354.681320	1030.199571	1324.481749
 55-59 	1508.198265	650.857237	857.341028
 60-64 	987.369642	442.588297	544.781345
 65-69 	609.857019	295.760773	314.096247
 70-74 	373.598131	177.069823	196.528308
 75-79 	196.853953	88.404393	108.449560
 80+ 	65.015746	28.355767	36.659979
Total	44434.325266	18257.778055	26176.547211
2050			
 0-4	34.126087	17.217502	16.908585
 5-9	32.123151	16.127560	15.995591
 10-14 	24.772288	12.422925	12.349363
 15-19 	590.145048	162.780242	427.364806
 20-24 	3431.760969	1125.821377	2305.939591
 25-29 	6954.293860	2563.523612	4390.770248
 30-34 	8590.542062	3456.412662	5134.129400
 35-39 	8262.649040	3540.717173	4721.931867
 40-44 	6223.745349	2775.510166	3448.235182
 45-49 	4274.075996	1907.698705	2366.377291
 50-54 	2395.380804	1046.994386	1348.386418
 55-59 	1513.043425	651.968657	861.074767
 60-64 	998.991668	446.402332	552.589336
 65-69 	633.312610	306.293854	327.018756
 70-74 	393.144914	186.404813	206.740101
 75-79 	202.742509	91.861670	110.880839
 80+ 	65.649951	29.257081	36.392870
Total	44620.499731	18337.414719	26283.085012
