Year	Prev		Inc			Mort		TP			FP	AP
1970	443.170737	304.626718	116.131465	22056.81231	13105.62484	35162.43715
1971	449.288231	300.281696	117.136323	22482.69852	13026.1735	35508.87202
1972	455.079259	303.30772	118.772049	23412.78844	13375.13577	36787.92421
1973	460.529801	306.106702	120.252966	24353.19544	13736.11389	38089.30933
1974	465.655689	308.677792	121.611817	25301.28666	14105.1472	39406.43386
1975	470.408176	310.97542	122.863476	26248.68205	14477.90524	40726.5873
1976	474.680268	312.985686	124.009924	27175.52479	14847.65992	42023.1847
1977	478.451271	314.669056	125.01051	28095.40999	15221.7067	43317.1167
1978	481.707872	316.014431	125.846485	29013.34564	15603.49603	44616.84166
1979	484.468954	317.081318	126.530817	29935.74649	15997.59906	45933.34554
1980	486.769698	317.944328	127.083991	30867.42084	16407.26103	47274.68187
1981	488.86758	318.814833	127.567867	31840.25996	16843.06618	48683.32614
1982	490.821618	319.705341	128.015234	32849.98259	17300.24963	50150.23222
1983	492.659442	320.622158	128.433915	33901.83951	17779.80543	51681.64495
1984	494.396289	321.562329	128.825753	34996.99851	18280.97252	53277.97103
1985	495.986502	322.472656	129.187293	36139.90157	18806.34683	54946.2484
1986	497.08066	323.050461	129.443637	37314.17609	19360.92693	56675.10302
1987	497.51348	323.298786	129.546717	38556.16859	19971.99207	58528.16065
1988	497.149112	323.240458	129.468588	39929.37107	20679.73061	60609.10168
1989	495.801613	322.906223	129.184571	41551.85111	21554.22687	63106.07798
1990	493.166419	322.331198	128.677512	43546.90243	22677.31377	66224.21621
1991	489.035938	321.875971	127.975373	46199.59143	24218.49427	70418.08571
1992	483.154635	321.946617	127.199082	49689.22103	26316.89277	76006.11379
1993	475.444923	323.137082	126.54289	54238.67803	29152.56478	83391.24281
1994	466.022092	325.8799	126.18573	59880.36919	32826.43229	92706.80148
1995	455.557777	330.282388	126.22035	66179.6743	37169.58148	103349.2558
1996	445.973548	336.545559	126.786462	72055.13838	41522.56598	113577.7044
1997	440.388467	345.721015	128.302409	76781.29831	45159.73394	121941.0323
1998	441.554572	359.245006	131.391388	80563.01075	47733.27786	128296.2886
1999	450.769143	378.143881	136.5593	84331.26999	49429.29433	133760.5643
2000	467.918936	402.52982	143.977901	88895.05483	50596.01735	139491.0722
2001	492.036784	431.747586	153.505655	94685.17963	51526.46691	146211.6465
2002	521.619046	464.515453	164.770914	101644.769	52323.55694	153968.3259
2003	554.905065	499.25058	177.259474	109537.6967	53036.55501	162574.2517
2004	589.921001	534.096052	190.342036	118009.989	53684.24074	171694.2297
2005	624.570794	567.08751	203.320671	126681.8499	54291.76666	180973.6166
2006	656.936184	596.446064	215.498617	135142.3262	54869.81064	190012.1368
2007	685.315389	620.777961	226.256444	142991.757	55420.63089	198412.3879
2008	708.513514	639.246394	235.120657	149885.9696	55940.95595	205826.9256
2009	725.890696	651.630983	241.840135	155507.8159	56400.58775	211908.4036
2010	736.826665	657.308234	246.004801	159576.5763	56770.56105	216347.1373
2011	741.735129	657.355399	247.897063	161790.1152	56953.85983	218743.9751
2012	741.012099	652.604689	247.779233	162632.2268	57109.91346	219742.1403
2013	734.861642	643.193547	245.730386	162117.912	57221.81997	219339.732
2014	723.634409	629.500245	241.761395	160440.7009	57332.59767	217773.2986
2015	708.123993	612.620914	236.206858	157793.3074	57463.60141	215256.9088
2016	689.458995	593.911287	229.536126	154306.6522	57579.61702	211886.2693
2017	668.135447	572.576612	221.662365	150146.4278	57676.27806	207822.7059
2018	644.86914	549.950365	212.876127	145606.9285	57828.00628	203434.9348
2019	620.879938	527.206385	203.699186	140853.1786	58008.50557	198861.6841
2020	597.118237	505.146233	194.570097	136084.8952	58211.49445	194296.3896
2021	574.232095	484.27055	185.776307	131474.5121	58443.1184	189917.6305
2022	552.684475	464.927551	177.511838	127131.0088	58701.62813	185832.637
2023	532.797498	447.343691	169.908351	123115.4759	58976.70903	182092.185
2024	514.728073	431.610145	163.024617	119459.4478	59262.12232	178721.5702
2025	498.612864	417.764006	156.871851	116214.0603	59557.93189	175771.9921
2026	484.547973	405.87242	151.484988	113404.1521	59858.0811	173262.2332
2027	472.521855	395.885684	146.867528	111046.8555	60165.30597	171212.1614
2028	462.413516	387.629912	142.972844	109123.0373	60477.27832	169600.3156
2029	454.073967	380.923254	139.738548	107604.5792	60791.82017	168396.3994
2030	447.33499	375.586258	137.09825	106461.2755	61107.12865	167568.4042
2031	442.013015	371.436878	134.981855	105652.008	61421.73918	167073.7472
2032	437.933689	368.312258	133.323998	105135.9783	61733.88117	166869.8595
2033	434.932412	366.063771	132.062283	104874.6026	62041.73493	166916.3375
2034	432.864102	364.565879	131.141008	104833.8871	62343.63084	167177.5179
2035	431.594076	363.700564	130.510721	104981.4121	62638.40633	167619.8184
2036	430.995525	363.367088	130.124554	105287.8055	62925.06925	168212.8747
2037	430.957837	363.478527	129.941178	105726.4302	63202.67003	168929.1003
2038	431.388744	363.960297	129.925678	106273.8881	63470.43242	169744.3205
2039	432.214972	364.752723	130.049989	106910.9706	63727.68128	170638.6519
2040	433.362179	365.791847	130.288512	107618.1208	63973.63998	171591.7608
2041	434.770582	367.028086	130.619171	108380.5436	64207.76461	172588.3082
2042	436.391383	368.4229	131.023991	109186.2397	64430.0007	173616.2404
2043	438.182592	369.943879	131.488673	110024.5611	64640.57291	174665.134
2044	440.110356	371.566033	132.002354	110886.2397	64839.65466	175725.8944
2045	442.137478	373.262245	132.554546	111760.3624	65027.17536	176787.5378
2046	444.238982	375.015525	133.137207	112640.3136	65203.10418	177843.4178
2047	446.392186	376.80829	133.742914	113520.0666	65367.44548	178887.5121
2048	448.570938	378.617234	134.363569	114392.8231	65520.47641	179913.2995
2049	450.747639	380.417119	134.990404	115250.5771	65662.10702	180912.6841
2050	452.870781	382.174755	135.612873	116079.1119	65789.83589	181868.9478






