Vietnam		Total	Male	Female
1970			
 0-4	7216933.000000	3673532.750000	3543400.500000
 5-9	6570577.000000	3337983.000000	3232594.250000
 10-14 	5787509.500000	2934000.500000	2853509.000000
 15-19 	4598690.500000	2329728.750000	2268961.500000
 20-24 	3042439.500000	1504864.250000	1537575.125000
 25-29 	2360205.000000	1154047.000000	1206158.000000
 30-34 	2246825.500000	1094394.250000	1152431.375000
 35-39 	2398417.500000	1164850.375000	1233567.000000
 40-44 	2097603.000000	1011636.187500	1085966.750000
 45-49 	1886056.500000	898320.000000	987736.500000
 50-54 	1595691.250000	762336.687500	833354.437500
 55-59 	1445677.875000	684214.312500	761463.562500
 60-64 	1184888.000000	547696.687500	637191.312500
 65-69 	1011962.000000	444129.437500	567832.562500
 70-74 	679008.562500	270737.437500	408271.125000
 75-79 	396068.906250	134841.765625	261227.156250
 80+ 	293826.968750	73680.039063	220146.921875
Total	44812380.000000	22020994.000000	22791388.000000
1971			
 0-4	7216933.000000	3673532.750000	3543400.500000
 5-9	6570577.000000	3337983.000000	3232594.250000
 10-14 	5787509.500000	2934000.500000	2853509.000000
 15-19 	4598690.500000	2329728.750000	2268961.500000
 20-24 	3042439.500000	1504864.250000	1537575.125000
 25-29 	2360205.000000	1154047.000000	1206158.000000
 30-34 	2246825.500000	1094394.250000	1152431.375000
 35-39 	2398417.500000	1164850.375000	1233567.000000
 40-44 	2097603.000000	1011636.187500	1085966.750000
 45-49 	1886056.500000	898320.000000	987736.500000
 50-54 	1595691.250000	762336.687500	833354.437500
 55-59 	1445677.875000	684214.312500	761463.562500
 60-64 	1184888.000000	547696.687500	637191.312500
 65-69 	1011962.000000	444129.437500	567832.562500
 70-74 	679008.562500	270737.437500	408271.125000
 75-79 	396068.906250	134841.765625	261227.156250
 80+ 	293826.968750	73680.039063	220146.921875
Total	44812380.000000	22020994.000000	22791388.000000
1972			
 0-4	7294925.000000	3712501.000000	3582424.000000
 5-9	6673331.500000	3388756.500000	3284574.750000
 10-14 	5941087.000000	3009474.000000	2931612.750000
 15-19 	4856521.500000	2458614.000000	2397907.500000
 20-24 	3325943.000000	1655551.500000	1670391.500000
 25-29 	2406961.750000	1173662.750000	1233299.125000
 30-34 	2234715.500000	1086944.500000	1147771.250000
 35-39 	2361298.500000	1143934.750000	1217363.625000
 40-44 	2169000.250000	1044351.000000	1124649.250000
 45-49 	1895179.125000	899975.125000	995204.062500
 50-54 	1637906.875000	777944.750000	859962.187500
 55-59 	1441453.625000	680614.187500	760839.375000
 60-64 	1211204.125000	556397.750000	654806.375000
 65-69 	996402.000000	434798.031250	561604.000000
 70-74 	703765.750000	280808.812500	422956.937500
 75-79 	398546.687500	135540.343750	263006.375000
 80+ 	296150.125000	74147.773438	222002.343750
Total	45844392.000000	22514016.000000	23330376.000000
1973			
 0-4	7374072.000000	3751819.250000	3622252.500000
 5-9	6773863.000000	3439129.500000	3334733.750000
 10-14 	6076568.500000	3076228.250000	3000340.000000
 15-19 	5092224.000000	2574539.000000	2517685.000000
 20-24 	3642835.000000	1824144.375000	1818690.500000
 25-29 	2478715.500000	1206444.625000	1272270.875000
 30-34 	2237931.750000	1087288.375000	1150643.375000
 35-39 	2307029.500000	1114997.875000	1192031.625000
 40-44 	2244746.500000	1079093.125000	1165653.375000
 45-49 	1901783.000000	901459.687500	1000323.312500
 50-54 	1687163.250000	796484.750000	890678.562500
 55-59 	1435657.125000	676717.125000	758939.937500
 60-64 	1244017.875000	568489.687500	675528.187500
 65-69 	980509.625000	425814.406250	554695.250000
 70-74 	729720.562500	291283.093750	438437.437500
 75-79 	404011.250000	137647.390625	266363.875000
 80+ 	300433.562500	75308.523438	225125.031250
Total	46911280.000000	23026888.000000	23884392.000000
1974			
 0-4	7453756.500000	3791402.000000	3662354.500000
 5-9	6869110.000000	3487509.250000	3381601.000000
 10-14 	6202253.000000	3138517.500000	3063735.250000
 15-19 	5309441.000000	2681126.500000	2628314.500000
 20-24 	3961378.250000	1992165.500000	1969212.750000
 25-29 	2597163.000000	1265234.000000	1331929.000000
 30-34 	2253274.750000	1093529.250000	1159745.375000
 35-39 	2255634.750000	1088157.625000	1167477.000000
 40-44 	2302767.750000	1105504.000000	1197263.750000
 45-49 	1921533.250000	910147.375000	1011385.875000
 50-54 	1733358.875000	814150.000000	919208.875000
 55-59 	1440849.750000	678113.500000	762736.250000
 60-64 	1274840.750000	580885.687500	693955.062500
 65-69 	977236.062500	423240.500000	553995.562500
 70-74 	752921.937500	300883.500000	452038.437500
 75-79 	417097.125000	143192.796875	273904.343750
 80+ 	308844.656250	78020.546875	230824.109375
Total	48031460.000000	23571780.000000	24459682.000000
1975			
 0-4	7531726.000000	3831508.750000	3700217.500000
 5-9	6944402.000000	3524775.500000	3419626.500000
 10-14 	6320473.000000	3197518.750000	3122954.500000
 15-19 	5497972.000000	2774306.000000	2723666.000000
 20-24 	4238431.000000	2136288.500000	2102142.750000
 25-29 	2751294.500000	1345074.125000	1406220.375000
 30-34 	2262549.750000	1095985.250000	1166564.500000
 35-39 	2207518.250000	1063024.875000	1144493.375000
 40-44 	2321892.500000	1113011.875000	1208880.750000
 45-49 	1956895.625000	926465.625000	1030430.000000
 50-54 	1767004.875000	826737.875000	940267.000000
 55-59 	1460785.125000	685898.062500	774887.000000
 60-64 	1296981.250000	590549.062500	706432.125000
 65-69 	990538.500000	428546.156250	561992.312500
 70-74 	770534.875000	308495.625000	462039.250000
 75-79 	438494.781250	152332.578125	286162.218750
 80+ 	321809.625000	82381.593750	239428.046875
Total	49079304.000000	24082900.000000	24996404.000000
1976			
 0-4	7587044.500000	3859510.750000	3727534.000000
 5-9	7023605.000000	3564950.500000	3458654.250000
 10-14 	6434550.000000	3255016.000000	3179534.000000
 15-19 	5665182.500000	2857505.750000	2807676.750000
 20-24 	4490459.000000	2265266.500000	2225192.250000
 25-29 	2950030.500000	1450149.750000	1499880.625000
 30-34 	2277166.500000	1100667.250000	1176499.125000
 35-39 	2167858.250000	1042350.750000	1125507.500000
 40-44 	2309964.750000	1105611.500000	1204353.250000
 45-49 	2007643.250000	950355.437500	1057287.750000
 50-54 	1790775.875000	835643.000000	955132.812500
 55-59 	1493753.750000	699158.375000	794595.375000
 60-64 	1312300.125000	598034.375000	714265.750000
 65-69 	1016910.937500	440084.625000	576826.312500
 70-74 	783757.750000	314655.656250	469102.093750
 75-79 	466837.156250	164460.968750	302376.187500
 80+ 	338854.125000	88207.625000	250646.484375
Total	50116692.000000	24591628.000000	25525064.000000
1977			
 0-4	7628068.500000	3880571.750000	3747496.500000
 5-9	7105337.000000	3606218.250000	3499119.000000
 10-14 	6545488.000000	3311503.000000	3233985.000000
 15-19 	5812434.500000	2931241.250000	2881193.500000
 20-24 	4720837.500000	2380742.750000	2340095.000000
 25-29 	3198689.250000	1583070.750000	1615618.500000
 30-34 	2298214.000000	1107901.125000	1190312.875000
 35-39 	2140697.750000	1028184.687500	1112513.000000
 40-44 	2267284.000000	1083363.250000	1183920.625000
 45-49 	2075821.250000	982541.437500	1093279.750000
 50-54 	1802376.625000	839829.250000	962547.437500
 55-59 	1539586.875000	717480.625000	822106.250000
 60-64 	1318767.500000	601981.562500	716786.000000
 65-69 	1054500.750000	456666.375000	597834.312500
 70-74 	790032.500000	318083.656250	471948.812500
 75-79 	500762.593750	178849.218750	321913.375000
 80+ 	358142.375000	94800.023438	263342.343750
Total	51157040.000000	25103028.000000	26054012.000000
1978			
 0-4	7667491.000000	3901244.250000	3766246.750000
 5-9	7186021.000000	3646568.750000	3539452.000000
 10-14 	6653843.000000	3367218.000000	3286624.750000
 15-19 	5946329.500000	2998624.750000	2947704.750000
 20-24 	4935045.000000	2486295.250000	2448749.750000
 25-29 	3482649.250000	1734689.750000	1747959.500000
 30-34 	2343852.250000	1127936.375000	1215915.875000
 35-39 	2127415.750000	1020915.375000	1106500.375000
 40-44 	2206508.750000	1052493.625000	1154015.125000
 45-49 	2147414.750000	1016165.250000	1131249.500000
 50-54 	1810542.500000	843241.500000	967301.000000
 55-59 	1591002.000000	737792.000000	853210.125000
 60-64 	1322171.875000	604474.750000	717697.187500
 65-69 	1095898.750000	474974.343750	620924.375000
 70-74 	793599.687500	320327.843750	473271.843750
 75-79 	534873.437500	193159.343750	341714.093750
 80+ 	379529.437500	102167.093750	277362.343750
Total	52224188.000000	25628288.000000	26595900.000000
1979			
 0-4	7718794.000000	3928382.000000	3790412.250000
 5-9	7265256.000000	3686070.000000	3579186.000000
 10-14 	6753586.000000	3418811.750000	3334774.000000
 15-19 	6073825.500000	3062937.750000	3010887.500000
 20-24 	5138980.500000	2586334.000000	2552646.500000
 25-29 	3773965.750000	1888357.000000	1885608.750000
 30-34 	2437711.500000	1174319.375000	1263391.875000
 35-39 	2125803.000000	1019053.250000	1106749.625000
 40-44 	2146991.000000	1022522.062500	1124469.000000
 45-49 	2200323.250000	1040720.625000	1159602.500000
 50-54 	1829377.250000	852161.437500	977215.750000
 55-59 	1637333.250000	755898.000000	881435.187500
 60-64 	1332722.125000	609671.812500	723050.250000
 65-69 	1131808.000000	491194.375000	640613.687500
 70-74 	802701.812500	324724.750000	477977.062500
 75-79 	563484.312500	205124.031250	358360.281250
 80+ 	404224.875000	110812.257813	293412.625000
Total	53336888.000000	26177094.000000	27159794.000000
1980			
 0-4	7795035.000000	3968546.250000	3826488.750000
 5-9	7350409.500000	3730087.250000	3620322.250000
 10-14 	6834936.500000	3459739.500000	3375197.000000
 15-19 	6201889.500000	3127535.000000	3074354.500000
 20-24 	5339709.500000	2685551.250000	2654158.000000
 25-29 	4058133.500000	2035420.750000	2022712.750000
 30-34 	2596192.500000	1256254.875000	1339937.500000
 35-39 	2138844.500000	1024032.875000	1114811.500000
 40-44 	2103374.500000	1000649.375000	1102725.125000
 45-49 	2222927.250000	1050816.750000	1172110.500000
 50-54 	1867344.250000	870289.500000	997054.875000
 55-59 	1673225.500000	769916.250000	903309.250000
 60-64 	1356480.375000	620038.312500	736442.062500
 65-69 	1157592.500000	503423.750000	654168.750000
 70-74 	821718.000000	333057.625000	488660.437500
 75-79 	584118.812500	213826.265625	370292.562500
 80+ 	432608.468750	120870.179688	311738.281250
Total	54534540.000000	26770056.000000	27764484.000000
1981			
 0-4	7900631.500000	4023820.750000	3876810.500000
 5-9	7416141.500000	3763777.500000	3652364.250000
 10-14 	6918592.500000	3502448.500000	3416144.000000
 15-19 	6325577.000000	3190175.000000	3135402.500000
 20-24 	5526852.500000	2778500.000000	2748352.500000
 25-29 	4330343.500000	2173736.750000	2156606.750000
 30-34 	2810268.500000	1368615.625000	1441652.875000
 35-39 	2165061.000000	1035080.375000	1129980.500000
 40-44 	2072424.625000	985215.625000	1087209.000000
 45-49 	2217443.500000	1047445.750000	1169997.875000
 50-54 	1920972.750000	895857.750000	1025115.000000
 55-59 	1699295.750000	780147.125000	919148.625000
 60-64 	1391111.375000	634440.750000	756670.625000
 65-69 	1174885.250000	512199.218750	662686.000000
 70-74 	848447.562500	344480.093750	503967.437500
 75-79 	598140.937500	219865.953125	378275.000000
 80+ 	463901.031250	131968.687500	331932.343750
Total	55780092.000000	27387776.000000	28392316.000000
1982			
 0-4	8030898.000000	4091665.000000	3939232.750000
 5-9	7469581.500000	3791660.000000	3677921.500000
 10-14 	7004348.000000	3545918.250000	3458429.500000
 15-19 	6444261.500000	3250678.000000	3193583.500000
 20-24 	5695755.500000	2862990.000000	2832765.500000
 25-29 	4586720.000000	2301459.750000	2285260.000000
 30-34 	3079375.250000	1511092.625000	1568282.625000
 35-39 	2201873.500000	1050672.125000	1151201.250000
 40-44 	2056058.250000	977233.750000	1078824.500000
 45-49 	2183149.500000	1030263.250000	1152886.250000
 50-54 	1992035.000000	929558.187500	1062476.875000
 55-59 	1713628.750000	785854.187500	927774.625000
 60-64 	1437277.750000	653070.375000	784207.375000
 65-69 	1183307.000000	517302.531250	666004.500000
 70-74 	883130.125000	359085.812500	524044.281250
 75-79 	605531.562500	223344.109375	382187.468750
 80+ 	498157.125000	144068.171875	354088.968750
Total	57065088.000000	28025916.000000	29039172.000000
1983			
 0-4	8178725.000000	4168346.500000	4010378.500000
 5-9	7521260.000000	3819114.250000	3702145.500000
 10-14 	7089156.000000	3588525.000000	3500631.000000
 15-19 	6557812.000000	3308981.750000	3248830.250000
 20-24 	5847712.000000	2939591.500000	2908120.500000
 25-29 	4824876.500000	2418446.750000	2406429.500000
 30-34 	3382244.000000	1671368.000000	1710876.000000
 35-39 	2262550.250000	1078532.750000	1184017.500000
 40-44 	2052981.500000	975718.812500	1077262.750000
 45-49 	2130883.750000	1004532.625000	1126351.250000
 50-54 	2066260.750000	964509.875000	1101750.875000
 55-59 	1724552.500000	790766.187500	933786.250000
 60-64 	1488480.625000	673359.062500	815121.562500
 65-69 	1188955.250000	521097.500000	667857.750000
 70-74 	920669.375000	374892.093750	545777.312500
 75-79 	610879.437500	226023.390625	384856.062500
 80+ 	533247.187500	156359.890625	376887.312500
Total	58381244.000000	28680166.000000	29701080.000000
1984			
 0-4	8338363.000000	4250907.500000	4087455.250000
 5-9	7582894.000000	3852012.750000	3730881.500000
 10-14 	7172448.000000	3630259.000000	3542189.250000
 15-19 	6660842.500000	3362023.750000	3298818.500000
 20-24 	5988006.000000	3010571.000000	2977435.250000
 25-29 	5046974.000000	2527375.500000	2519598.000000
 30-34 	3687747.500000	1831401.000000	1856346.375000
 35-39 	2367881.500000	1130724.000000	1237157.375000
 40-44 	2059692.375000	978507.687500	1081184.750000
 45-49 	2078692.500000	978977.000000	1099715.625000
 50-54 	2121647.750000	990327.187500	1131320.500000
 55-59 	1745410.000000	800683.875000	944726.187500
 60-64 	1534572.250000	691390.812500	843181.437500
 65-69 	1201085.875000	527183.562500	673902.375000
 70-74 	953345.687500	388925.375000	564420.312500
 75-79 	620645.250000	230294.750000	390350.500000
 80+ 	566325.312500	167820.671875	398504.625000
Total	59726572.000000	29349386.000000	30377188.000000
1985			
 0-4	8501172.000000	4334951.500000	4166220.250000
 5-9	7665167.000000	3895632.500000	3769534.250000
 10-14 	7259681.000000	3675455.250000	3584225.750000
 15-19 	6741991.000000	3402475.750000	3339515.250000
 20-24 	6119788.000000	3077276.000000	3042512.000000
 25-29 	5253201.500000	2629314.750000	2623887.000000
 30-34 	3974524.750000	1979015.250000	1995509.500000
 35-39 	2528312.500000	1213308.000000	1315004.750000
 40-44 	2074999.250000	984870.375000	1090128.875000
 45-49 	2038148.250000	959138.625000	1079009.625000
 50-54 	2145079.500000	1000883.187500	1144196.375000
 55-59 	1783087.750000	818448.000000	964639.812500
 60-64 	1569744.000000	705054.750000	864689.187500
 65-69 	1224658.750000	537432.312500	687226.375000
 70-74 	977056.625000	399590.437500	577466.250000
 75-79 	638037.000000	237331.656250	400705.312500
 80+ 	596159.500000	178027.453125	418132.031250
Total	61090808.000000	30028206.000000	31062602.000000
1986			
 0-4	8658356.000000	4416015.000000	4242341.000000
 5-9	7774857.000000	3953272.500000	3821584.750000
 10-14 	7327557.000000	3710392.250000	3617164.500000
 15-19 	6824977.500000	3444359.000000	3380618.500000
 20-24 	6244012.500000	3140234.000000	3103778.500000
 25-29 	5441634.500000	2723166.250000	2718468.250000
 30-34 	4245529.000000	2116134.750000	2129394.250000
 35-39 	2740836.500000	1324361.125000	1416475.375000
 40-44 	2101612.000000	996244.500000	1105367.625000
 45-49 	2008859.750000	944881.125000	1063978.625000
 50-54 	2140538.250000	998104.625000	1142433.625000
 55-59 	1835444.750000	843015.375000	992429.375000
 60-64 	1595393.500000	715066.750000	880326.687500
 65-69 	1258020.375000	551100.437500	706919.937500
 70-74 	993607.125000	407526.906250	586080.250000
 75-79 	661505.625000	246612.875000	414892.750000
 80+ 	623807.625000	187380.843750	436426.750000
Total	62476548.000000	30717868.000000	31758680.000000
1987			
 0-4	8802223.000000	4490197.000000	4312025.500000
 5-9	7908312.000000	4022951.500000	3885360.500000
 10-14 	7383226.000000	3739586.000000	3643640.000000
 15-19 	6910134.000000	3487088.750000	3423045.500000
 20-24 	6361570.500000	3199933.000000	3161637.250000
 25-29 	5610073.000000	2807778.250000	2802294.500000
 30-34 	4499210.500000	2242043.250000	2257167.250000
 35-39 	3006492.000000	1464392.375000	1542099.625000
 40-44 	2137897.750000	1011639.250000	1126258.500000
 45-49 	1993278.000000	937517.687500	1055760.250000
 50-54 	2107688.500000	981872.875000	1125815.500000
 55-59 	1904299.000000	875112.250000	1029186.875000
 60-64 	1609819.375000	720825.062500	888994.312500
 65-69 	1301734.250000	568341.750000	733392.500000
 70-74 	1002726.625000	412592.062500	590134.562500
 75-79 	691159.812500	258174.046875	432985.750000
 80+ 	649452.937500	195979.718750	453473.218750
Total	63879296.000000	31416026.000000	32463272.000000
1988			
 0-4	8930106.000000	4556522.500000	4373583.000000
 5-9	8059255.000000	4101413.250000	3957841.750000
 10-14 	7437476.500000	3768533.750000	3668942.750000
 15-19 	6994898.000000	3529426.250000	3465471.500000
 20-24 	6471702.000000	3256013.500000	3215688.750000
 25-29 	5760370.000000	2883839.000000	2876531.500000
 30-34 	4734933.000000	2357317.250000	2377615.750000
 35-39 	3306060.500000	1622149.375000	1683911.000000
 40-44 	2197993.750000	1039168.000000	1158825.875000
 45-49 	1990791.250000	936444.937500	1054346.250000
 50-54 	2057504.750000	957473.187500	1100031.625000
 55-59 	1976134.125000	908319.687500	1067814.500000
 60-64 	1621066.000000	725882.875000	895183.062500
 65-69 	1349894.875000	586928.562500	762966.250000
 70-74 	1009658.312500	416693.656250	592964.625000
 75-79 	722922.250000	270556.750000	452365.437500
 80+ 	674967.937500	204477.937500	470490.000000
Total	65295736.000000	32121160.000000	33174574.000000
1989			
 0-4	9041399.000000	4615236.500000	4426162.500000
 5-9	8221925.500000	4185724.000000	4036201.500000
 10-14 	7502233.500000	3803203.000000	3699030.500000
 15-19 	7079148.500000	3571633.500000	3507515.000000
 20-24 	6567231.000000	3304630.750000	3262600.000000
 25-29 	5895860.000000	2952583.750000	2943276.000000
 30-34 	4954676.500000	2464391.500000	2490285.000000
 35-39 	3609522.750000	1780184.750000	1829338.000000
 40-44 	2302976.500000	1090920.250000	1212056.125000
 45-49 	1998317.750000	939728.687500	1058589.125000
 50-54 	2007758.625000	933389.250000	1074369.500000
 55-59 	2029966.250000	932867.500000	1097098.875000
 60-64 	1641879.750000	735663.875000	906215.812500
 65-69 	1393321.750000	603482.187500	789839.500000
 70-74 	1022340.375000	422716.500000	599623.875000
 75-79 	750710.250000	281611.687500	469098.562500
 80+ 	702932.375000	213752.671875	489179.687500
Total	66722200.000000	32831720.000000	33890480.000000
1990			
 0-4	9131072.000000	4664028.500000	4467043.000000
 5-9	8387571.500000	4271438.500000	4116132.750000
 10-14 	7588207.500000	3848882.250000	3739325.500000
 15-19 	7168880.000000	3618260.500000	3550619.250000
 20-24 	6637171.500000	3338811.500000	3298360.000000
 25-29 	6018389.000000	3014618.500000	3003770.750000
 30-34 	5158705.000000	2564345.250000	2594359.500000
 35-39 	3896564.750000	1926873.625000	1969691.125000
 40-44 	2464111.000000	1173310.750000	1290800.250000
 45-49 	2015335.375000	946967.687500	1068367.750000
 50-54 	1970041.250000	915108.937500	1054932.375000
 55-59 	2053542.875000	943125.125000	1110417.750000
 60-64 	1678951.000000	752858.750000	926092.250000
 65-69 	1426903.250000	616258.062500	810645.187500
 70-74 	1045053.062500	432163.125000	612889.937500
 75-79 	771365.250000	290214.531250	481150.750000
 80+ 	734525.375000	224210.343750	510315.062500
Total	68146392.000000	33541476.000000	34604912.000000
1991			
 0-4	9189833.000000	4698093.500000	4491739.000000
 5-9	8547379.000000	4354080.000000	4193299.000000
 10-14 	7701926.500000	3908769.000000	3793157.500000
 15-19 	7240826.500000	3655601.000000	3585225.500000
 20-24 	6707324.000000	3373715.000000	3333609.000000
 25-29 	6128542.000000	3070299.500000	3058242.500000
 30-34 	5343871.500000	2655614.500000	2688257.000000
 35-39 	4169086.750000	2063538.000000	2105548.750000
 40-44 	2677904.750000	1284204.125000	1393700.625000
 45-49 	2044148.875000	959385.312500	1084763.500000
 50-54 	1943720.375000	902399.625000	1041320.750000
 55-59 	2050571.375000	940881.562500	1109689.875000
 60-64 	1730082.250000	776388.500000	953693.750000
 65-69 	1451903.500000	625889.062500	826014.500000
 70-74 	1076284.750000	444385.218750	631899.562500
 75-79 	786382.500000	296856.625000	489525.875000
 80+ 	768981.437500	235630.562500	533350.875000
Total	69558768.000000	34245732.000000	35313036.000000
1992			
 0-4	9203451.000000	4709786.000000	4493665.000000
 5-9	8693645.000000	4429714.500000	4263930.000000
 10-14 	7839363.000000	3980720.000000	3858643.000000
 15-19 	7301770.000000	3687874.000000	3613896.000000
 20-24 	6781894.000000	3410793.250000	3371100.500000
 25-29 	6228591.500000	3120819.250000	3107772.000000
 30-34 	5507332.500000	2736965.250000	2770367.500000
 35-39 	4424534.500000	2189001.500000	2235532.750000
 40-44 	2944978.750000	1423913.875000	1521064.750000
 45-49 	2083013.625000	975942.625000	1107071.125000
 50-54 	1930976.750000	896448.125000	1034528.625000
 55-59 	2020720.625000	926056.875000	1094663.750000
 60-64 	1796846.500000	806811.625000	990034.812500
 65-69 	1466801.250000	631865.875000	834935.375000
 70-74 	1116468.125000	459479.937500	656988.125000
 75-79 	795635.812500	301466.437500	494169.375000
 80+ 	806325.312500	248027.421875	558297.875000
Total	70942344.000000	34935688.000000	36006660.000000
1993			
 0-4	9135767.000000	4679852.500000	4455914.000000
 5-9	8824107.000000	4497535.000000	4326572.000000
 10-14 	7993997.000000	4061360.500000	3932636.500000
 15-19 	7361872.500000	3720183.500000	3641689.000000
 20-24 	6860970.000000	3449984.750000	3410985.250000
 25-29 	6321724.000000	3167851.750000	3153872.000000
 30-34 	5651471.500000	2809561.500000	2841910.000000
 35-39 	4661276.000000	2303522.750000	2357753.500000
 40-44 	3245460.750000	1580975.500000	1664485.250000
 45-49 	2145323.000000	1004323.937500	1140999.000000
 50-54 	1930859.000000	896500.062500	1034359.000000
 55-59 	1974301.000000	903575.812500	1070725.125000
 60-64 	1866244.375000	838066.625000	1028177.750000
 65-69 	1478932.500000	637298.875000	841633.625000
 70-74 	1160443.125000	475619.812500	684823.312500
 75-79 	803399.875000	305468.718750	497931.156250
 80+ 	844817.375000	260799.156250	584018.187500
Total	72260968.000000	35592480.000000	36668484.000000
1994			
 0-4	8950755.000000	4589152.500000	4361602.000000
 5-9	8938791.000000	4558095.000000	4380696.000000
 10-14 	8160063.000000	4147723.750000	4012339.000000
 15-19 	7432479.500000	3758192.500000	3674287.250000
 20-24 	6944211.000000	3491184.500000	3453026.500000
 25-29 	6404888.000000	3209665.000000	3195222.500000
 30-34 	5781040.000000	2875412.250000	2905627.500000
 35-39 	4880868.500000	2409547.500000	2471321.000000
 40-44 	3548881.000000	1737873.250000	1811007.750000
 45-49 	2251237.000000	1056075.875000	1195161.125000
 50-54 	1940085.750000	900536.875000	1039548.937500
 55-59 	1928091.250000	881337.375000	1046753.812500
 60-64 	1918276.000000	861064.437500	1057211.500000
 65-69 	1499877.000000	646903.687500	852973.312500
 70-74 	1200239.875000	490057.812500	710182.062500
 75-79 	816064.187500	310986.562500	505077.625000
 80+ 	881937.562500	273092.562500	608845.000000
Total	73477784.000000	36196900.000000	37280884.000000
1995			
 0-4	8643659.000000	4434864.000000	4208794.500000
 5-9	9033540.000000	4609520.500000	4424019.500000
 10-14 	8329243.000000	4235542.000000	4093700.750000
 15-19 	7524734.000000	3807451.250000	3717282.500000
 20-24 	7039936.500000	3540089.250000	3499847.000000
 25-29 	6472553.000000	3242022.500000	3230531.000000
 30-34 	5900987.000000	2936739.750000	2964247.000000
 35-39 	5084226.000000	2508744.000000	2575482.250000
 40-44 	3835153.750000	1883240.750000	1951912.875000
 45-49 	2411820.750000	1137476.250000	1274344.625000
 50-54 	1958240.750000	908213.750000	1050027.000000
 55-59 	1893184.375000	864515.875000	1028668.500000
 60-64 	1941420.250000	870677.125000	1070743.125000
 65-69 	1535717.250000	663002.062500	872715.250000
 70-74 	1231526.500000	501420.062500	730106.375000
 75-79 	837120.250000	319132.125000	517988.125000
 80+ 	916621.500000	284543.093750	632078.375000
Total	74589680.000000	36747196.000000	37842488.000000
1996			
 0-4	8241302.000000	4230779.500000	4010522.500000
 5-9	9098784.000000	4646926.000000	4451858.000000
 10-14 	8492357.000000	4320116.500000	4172240.500000
 15-19 	7643654.500000	3870368.250000	3773286.500000
 20-24 	7119125.000000	3580215.500000	3538909.250000
 25-29 	6546583.000000	3278032.500000	3268550.750000
 30-34 	6010750.500000	2993030.500000	3017720.000000
 35-39 	5267897.500000	2599392.500000	2668504.750000
 40-44 	4105861.500000	2018211.250000	2087650.125000
 45-49 	2623329.500000	1246263.125000	1377066.500000
 50-54 	1987407.250000	920616.937500	1066790.250000
 55-59 	1868787.625000	852776.875000	1016010.750000
 60-64 	1939158.250000	868596.312500	1070562.000000
 65-69 	1584198.000000	684525.125000	899673.000000
 70-74 	1255314.750000	510194.875000	745119.875000
 75-79 	865154.937500	329353.437500	535801.500000
 80+ 	949589.750000	295415.593750	654174.125000
Total	75599256.000000	37244816.000000	38354440.000000
1997			
 0-4	7805720.500000	4009098.500000	3796622.500000
 5-9	9119892.000000	4662501.000000	4457391.000000
 10-14 	8641748.000000	4397527.000000	4244221.500000
 15-19 	7785239.500000	3944795.750000	3840444.000000
 20-24 	7186865.500000	3615155.250000	3571710.000000
 25-29 	6627941.000000	3317452.500000	3310488.500000
 30-34 	6111874.000000	3044956.000000	3066918.000000
 35-39 	5429442.000000	2680390.500000	2749051.500000
 40-44 	4359166.000000	2141972.000000	2217194.250000
 45-49 	2886703.250000	1382873.875000	1503829.500000
 50-54 	2026140.000000	936869.125000	1089270.875000
 55-59 	1857139.375000	847285.250000	1009854.125000
 60-64 	1911362.875000	854879.125000	1056483.750000
 65-69 	1646698.375000	711949.125000	934749.250000
 70-74 	1270320.625000	515982.375000	754338.250000
 75-79 	900435.875000	341688.812500	558747.062500
 80+ 	980881.875000	305744.531250	675137.312500
Total	76547568.000000	37711120.000000	38836452.000000
1998			
 0-4	7409090.000000	3807196.000000	3601894.000000
 5-9	9058624.000000	4635987.000000	4422637.000000
 10-14 	8773454.000000	4466123.500000	4307330.500000
 15-19 	7942102.500000	4026883.500000	3915219.000000
 20-24 	7251510.000000	3649111.500000	3602398.250000
 25-29 	6712953.000000	3358286.250000	3354667.000000
 30-34 	6206332.000000	3093454.500000	3112877.250000
 35-39 	5571392.000000	2753199.250000	2818192.500000
 40-44 	4594086.500000	2255577.250000	2338509.250000
 45-49 	3183657.750000	1536972.250000	1646685.375000
 50-54 	2088198.875000	964590.750000	1123608.125000
 55-59 	1856600.125000	846672.000000	1009928.125000
 60-64 	1867122.250000	833652.250000	1033469.937500
 65-69 	1710671.125000	739445.875000	971225.187500
 70-74 	1282769.500000	521044.125000	761725.437500
 75-79 	938677.500000	354680.812500	583996.750000
 80+ 	1012522.375000	316180.718750	696341.625000
Total	77459760.000000	38159056.000000	39300704.000000
1999			
 0-4	7094548.500000	3647290.250000	3447258.250000
 5-9	8876619.000000	4547094.000000	4329525.500000
 10-14 	8885111.000000	4525298.500000	4359812.500000
 15-19 	8107157.000000	4112989.000000	3994168.000000
 20-24 	7323027.000000	3686851.250000	3636175.750000
 25-29 	6799225.500000	3399419.000000	3399806.250000
 30-34 	6290267.500000	3136307.250000	3153960.250000
 35-39 	5698550.000000	2820236.250000	2878314.000000
 40-44 	4812336.000000	2362301.250000	2450034.250000
 45-49 	3485749.750000	1692679.000000	1793070.625000
 50-54 	2194319.000000	1015281.000000	1179038.000000
 55-59 	1863093.375000	848188.062500	1014905.312500
 60-64 	1821121.000000	811445.625000	1009675.312500
 65-69 	1756931.250000	758369.937500	998561.312500
 70-74 	1302461.875000	528785.000000	773676.875000
 75-79 	973338.750000	366120.093750	607218.625000
 80+ 	1047403.125000	327639.343750	719763.750000
Total	78331256.000000	38586296.000000	39744964.000000
2000			
 0-4	6881336.000000	3539384.000000	3341952.000000
 5-9	8566313.000000	4391673.500000	4174639.750000
 10-14 	8969470.000000	4571757.000000	4397713.500000
 15-19 	8269753.000000	4197723.000000	4072030.250000
 20-24 	7407751.500000	3731111.000000	3676640.500000
 25-29 	6887529.500000	3442514.500000	3445015.000000
 30-34 	6352903.000000	3166756.000000	3186146.750000
 35-39 	5813497.500000	2882629.750000	2930867.750000
 40-44 	5013292.000000	2463262.750000	2550029.500000
 45-49 	3772459.000000	1838633.000000	1933826.000000
 50-54 	2355335.500000	1095151.375000	1260184.000000
 55-59 	1875402.750000	850753.500000	1024649.250000
 60-64 	1782359.500000	792074.000000	990285.500000
 65-69 	1774057.125000	763624.125000	1010433.000000
 70-74 	1333905.250000	540524.625000	793380.625000
 75-79 	1000719.375000	374752.156250	625967.250000
 80+ 	1086942.375000	340554.156250	746388.187500
Total	79143024.000000	38982880.000000	40160148.000000
2001			
 0-4	6764321.000000	3480945.250000	3283375.500000
 5-9	8157519.500000	4184988.750000	3972531.000000
 10-14 	9019167.000000	4601776.000000	4417391.000000
 15-19 	8422261.000000	4277307.500000	4144953.000000
 20-24 	7516105.500000	3787517.750000	3728587.500000
 25-29 	6955619.000000	3474833.500000	3480785.250000
 30-34 	6419315.000000	3199210.250000	3220104.500000
 35-39 	5917288.500000	2940121.500000	2977167.000000
 40-44 	5193881.000000	2556771.000000	2637110.000000
 45-49 	4044904.000000	1975863.125000	2069040.875000
 50-54 	2568081.250000	1202453.625000	1365627.625000
 55-59 	1897631.625000	856814.625000	1040817.000000
 60-64 	1750694.500000	775526.875000	975167.750000
 65-69 	1766097.125000	757445.125000	1008651.937500
 70-74 	1375239.375000	555635.562500	819603.812500
 75-79 	1021710.500000	380894.687500	640815.875000
 80+ 	1130368.375000	354622.156250	775746.187500
Total	79920200.000000	39362728.000000	40557476.000000
2002			
 0-4	6709758.000000	3454757.250000	3255000.500000
 5-9	7715142.500000	3960706.000000	3754436.500000
 10-14 	9022350.000000	4609052.500000	4413297.000000
 15-19 	8558038.000000	4348430.500000	4209607.500000
 20-24 	7645501.000000	3855020.750000	3790480.000000
 25-29 	7010076.500000	3501006.750000	3509069.750000
 30-34 	6490389.000000	3233396.500000	3256992.750000
 35-39 	6011571.500000	2992576.750000	3018994.500000
 40-44 	5351333.000000	2640825.750000	2710507.500000
 45-49 	4299534.000000	2102494.750000	2197039.250000
 50-54 	2832772.000000	1337562.250000	1495209.750000
 55-59 	1930640.500000	867197.500000	1063443.000000
 60-64 	1729336.625000	763508.125000	965828.500000
 65-69 	1734016.625000	740785.812500	993230.812500
 70-74 	1427813.625000	574980.687500	852833.000000
 75-79 	1035270.750000	384306.718750	650964.000000
 80+ 	1177604.625000	369691.750000	807912.875000
Total	80681144.000000	39736300.000000	40944848.000000
2003			
 0-4	6690224.000000	3447805.250000	3242418.750000
 5-9	7313471.500000	3757245.500000	3556225.500000
 10-14 	8944736.000000	4575407.000000	4369328.500000
 15-19 	8675756.000000	4410822.500000	4264934.000000
 20-24 	7790223.000000	3930941.500000	3859281.250000
 25-29 	7061137.000000	3526638.750000	3534498.500000
 30-34 	6562971.000000	3267983.000000	3294988.000000
 35-39 	6098331.500000	3040402.500000	3057929.000000
 40-44 	5488255.000000	2715845.750000	2772409.500000
 45-49 	4533999.500000	2218151.500000	2315848.000000
 50-54 	3129845.500000	1489609.000000	1640236.500000
 55-59 	1988681.875000	890206.375000	1098475.500000
 60-64 	1718785.250000	756117.375000	962667.937500
 65-69 	1687469.000000	718207.500000	969261.500000
 70-74 	1481342.375000	594524.625000	886817.750000
 75-79 	1046737.250000	387104.750000	659632.562500
 80+ 	1226639.625000	385023.093750	841616.562500
Total	81438608.000000	40112036.000000	41326568.000000
2004			
 0-4	6701551.500000	3459329.000000	3242222.500000
 5-9	6995780.000000	3596835.500000	3398944.500000
 10-14 	8750629.000000	4481900.000000	4268729.000000
 15-19 	8775745.000000	4465211.000000	4310533.500000
 20-24 	7944277.000000	4012214.250000	3932062.500000
 25-29 	7119891.000000	3557403.500000	3562487.000000
 30-34 	6635537.000000	3302802.500000	3332734.500000
 35-39 	6173617.000000	3081434.500000	3092182.500000
 40-44 	5609756.000000	2783577.250000	2826178.500000
 45-49 	4749631.500000	2325008.250000	2424623.250000
 50-54 	3429589.500000	1641890.875000	1787698.625000
 55-59 	2090652.750000	936484.125000	1154168.625000
 60-64 	1716940.750000	752094.625000	964846.125000
 65-69 	1640753.000000	695905.375000	944847.625000
 70-74 	1519851.000000	607742.750000	912108.187500
 75-79 	1064398.500000	392346.156250	672052.375000
 80+ 	1274612.750000	399690.281250	874922.437500
Total	82193216.000000	40491868.000000	41701344.000000
2005			
 0-4	6737345.500000	3486524.500000	3250821.000000
 5-9	6780853.500000	3489440.000000	3291413.500000
 10-14 	8434410.000000	4325561.000000	4108849.500000
 15-19 	8853552.000000	4509832.000000	4343720.000000
 20-24 	8098042.000000	4094176.250000	4003865.750000
 25-29 	7196220.000000	3598528.250000	3597691.500000
 30-34 	6712156.500000	3341938.250000	3370218.250000
 35-39 	6227953.500000	3109999.500000	3117953.750000
 40-44 	5719454.000000	2845238.000000	2874216.250000
 45-49 	4946808.500000	2424355.750000	2522452.750000
 50-54 	3711814.750000	1783384.750000	1928429.875000
 55-59 	2246116.000000	1011449.500000	1234666.500000
 60-64 	1724145.625000	751716.687500	972428.875000
 65-69 	1602986.625000	677705.562500	925281.125000
 70-74 	1534248.000000	611084.062500	923164.000000
 75-79 	1092404.750000	401487.218750	690917.562500
 80+ 	1320089.500000	413286.250000	906803.250000
Total	82938600.000000	40875708.000000	42062892.000000
2006			
 0-4	6789275.000000	3524392.000000	3264882.750000
 5-9	6662956.000000	3431860.500000	3231095.250000
 10-14 	8024636.000000	4120622.250000	3904013.500000
 15-19 	8901137.000000	4540374.500000	4360763.000000
 20-24 	8244154.000000	4172431.000000	4071723.250000
 25-29 	7297684.500000	3653390.500000	3644294.000000
 30-34 	6770225.000000	3371847.500000	3398377.750000
 35-39 	6285376.500000	3140063.000000	3145313.500000
 40-44 	5818500.000000	2900931.250000	2917569.000000
 45-49 	5122983.000000	2514864.000000	2608118.750000
 50-54 	3977889.250000	1915026.125000	2062863.125000
 55-59 	2451251.500000	1112829.250000	1338422.000000
 60-64 	1743667.125000	756687.625000	986979.500000
 65-69 	1573584.250000	663236.062500	910348.125000
 70-74 	1528010.125000	606177.375000	921832.812500
 75-79 	1128928.125000	413838.750000	715089.312500
 80+ 	1363501.750000	425967.000000	937534.750000
Total	83683760.000000	41264540.000000	42419220.000000
2007			
 0-4	6845736.000000	3565328.000000	3280408.250000
 5-9	6607678.000000	3406498.750000	3201179.000000
 10-14 	7583671.500000	3899277.000000	3684394.750000
 15-19 	8904592.000000	4549389.000000	4355202.500000
 20-24 	8375731.000000	4243098.500000	4132632.750000
 25-29 	7421316.000000	3720168.000000	3701148.000000
 30-34 	6817118.500000	3396817.500000	3420301.000000
 35-39 	6347259.500000	3171648.500000	3175611.000000
 40-44 	5908635.500000	2951229.000000	2957406.500000
 45-49 	5276156.500000	2595524.750000	2680632.000000
 50-54 	4225699.500000	2035876.500000	2189823.000000
 55-59 	2706140.750000	1240607.500000	1465533.250000
 60-64 	1774966.000000	766748.937500	1008217.000000
 65-69 	1554606.875000	653416.062500	901190.750000
 70-74 	1501530.375000	593353.500000	908176.875000
 75-79 	1174768.500000	429707.687500	745060.875000
 80+ 	1404216.125000	437542.156250	966673.937500
Total	84429824.000000	41656232.000000	42773592.000000
2008			
 0-4	6894030.000000	3600557.500000	3293472.500000
 5-9	6589009.500000	3400745.750000	3188263.750000
 10-14 	7185563.000000	3699369.500000	3486193.500000
 15-19 	8829174.000000	4518220.000000	4310954.000000
 20-24 	8493773.000000	4306800.500000	4186973.000000
 25-29 	7563379.500000	3796620.500000	3766759.000000
 30-34 	6865413.500000	3422672.000000	3442741.500000
 35-39 	6412535.500000	3203789.500000	3208745.750000
 40-44 	5992173.500000	2996837.500000	2995335.750000
 45-49 	5408740.500000	2667154.250000	2741586.000000
 50-54 	4453547.000000	2146329.250000	2307217.750000
 55-59 	2992994.500000	1384991.750000	1608002.750000
 60-64 	1831311.250000	789213.562500	1042097.625000
 65-69 	1546349.750000	648206.750000	898143.000000
 70-74 	1462875.500000	576204.875000	886670.625000
 75-79 	1221171.000000	445777.500000	775393.500000
 80+ 	1445038.500000	449041.718750	995996.812500
Total	85187080.000000	42052532.000000	43134548.000000
2009			
 0-4	6925129.500000	3623952.250000	3301177.000000
 5-9	6604983.000000	3414605.500000	3190377.750000
 10-14 	6875769.000000	3543737.750000	3332031.000000
 15-19 	8640780.000000	4428451.500000	4212329.000000
 20-24 	8601975.000000	4365944.000000	4236031.000000
 25-29 	7721432.500000	3881127.500000	3840305.000000
 30-34 	6928920.500000	3455827.500000	3473093.250000
 35-39 	6482502.000000	3236695.750000	3245806.000000
 40-44 	6065916.000000	3035403.000000	3030512.750000
 45-49 	5525309.500000	2731107.000000	2794202.500000
 50-54 	4662142.000000	2248505.500000	2413636.500000
 55-59 	3284295.750000	1530970.250000	1753325.500000
 60-64 	1931665.000000	834475.500000	1097189.500000
 65-69 	1547651.750000	646917.500000	900734.250000
 70-74 	1424654.125000	560107.875000	864546.250000
 75-79 	1254919.375000	457165.687500	797753.687500
 80+ 	1490186.500000	461946.218750	1028240.312500
Total	85968232.000000	42456940.000000	43511292.000000
2010			
 0-4	6934485.500000	3632549.250000	3301936.000000
 5-9	6652148.000000	3446156.750000	3205991.000000
 10-14 	6677050.500000	3443314.500000	3233736.000000
 15-19 	8337048.500000	4277919.500000	4059129.000000
 20-24 	8701422.000000	4420973.500000	4280449.000000
 25-29 	7892317.500000	3971281.000000	3921036.500000
 30-34 	7021961.000000	3502399.500000	3519562.000000
 35-39 	6565391.500000	3274790.500000	3290601.000000
 40-44 	6122602.500000	3061393.250000	3061209.000000
 45-49 	5630670.000000	2788674.250000	2841996.000000
 50-54 	4852307.000000	2343527.500000	2508779.250000
 55-59 	3561910.500000	1668830.750000	1893079.750000
 60-64 	2086691.000000	908232.500000	1178458.500000
 65-69 	1560050.250000	650323.000000	909727.250000
 70-74 	1395545.500000	548573.625000	846972.000000
 75-79 	1268806.000000	461385.375000	807420.625000
 80+ 	1541473.875000	476865.625000	1064608.250000
Total	86801880.000000	42877192.000000	43924692.000000
2011			
 0-4	6919851.000000	3626072.250000	3293778.750000
 5-9	6716851.000000	3488943.000000	3227908.000000
 10-14 	6578261.500000	3393434.500000	3184826.750000
 15-19 	7942465.000000	4079604.250000	3862861.000000
 20-24 	8773596.000000	4463344.000000	4310251.500000
 25-29 	8062154.000000	4060865.000000	4001289.000000
 30-34 	7144326.500000	3564365.000000	3579961.500000
 35-39 	6635453.000000	3305088.500000	3330364.500000
 40-44 	6183695.000000	3088312.000000	3095383.000000
 45-49 	5725079.000000	2839675.500000	2885403.500000
 50-54 	5020147.000000	2429726.500000	2590420.500000
 55-59 	3824143.500000	1797999.625000	2026144.000000
 60-64 	2290742.000000	1007653.125000	1283088.750000
 65-69 	1585232.500000	659116.000000	926116.437500
 70-74 	1374270.375000	540727.812500	833542.500000
 75-79 	1265690.000000	459733.625000	805956.375000
 80+ 	1597356.375000	493292.531250	1104063.875000
Total	87639312.000000	43297952.000000	44341360.000000
2012			
 0-4	6885458.000000	3608236.250000	3277221.500000
 5-9	6785206.000000	3534503.500000	3250702.500000
 10-14 	6542875.000000	3375737.250000	3167138.000000
 15-19 	7518411.000000	3865270.500000	3653140.250000
 20-24 	8800372.000000	4483458.500000	4316913.500000
 25-29 	8221870.000000	4145043.750000	4076826.500000
 30-34 	7290043.000000	3639112.250000	3650930.500000
 35-39 	6698584.000000	3332069.750000	3366514.000000
 40-44 	6250613.000000	3116757.000000	3133855.500000
 45-49 	5811796.000000	2885301.750000	2926494.000000
 50-54 	5164562.000000	2506049.750000	2658512.500000
 55-59 	4067485.000000	1916665.500000	2150819.500000
 60-64 	2542807.500000	1132219.000000	1410588.375000
 65-69 	1622122.375000	672630.687500	949491.750000
 70-74 	1362668.000000	536979.375000	825688.625000
 75-79 	1246089.250000	452443.781250	793645.500000
 80+ 	1657740.375000	511305.281250	1146435.125000
Total	88468704.000000	43713784.000000	44754916.000000
2013			
 0-4	6838726.000000	3583568.000000	3255158.000000
 5-9	6842554.000000	3573300.000000	3269254.000000
 10-14 	6541645.000000	3376527.500000	3165117.500000
 15-19 	7136318.000000	3671823.000000	3464495.250000
 20-24 	8743446.000000	4461014.500000	4282432.000000
 25-29 	8367193.000000	4221977.500000	4145215.500000
 30-34 	7451573.500000	3722963.250000	3728610.250000
 35-39 	6763573.500000	3360839.750000	3402733.750000
 40-44 	6321381.000000	3146308.500000	3175072.500000
 45-49 	5893762.000000	2926958.500000	2966804.000000
 50-54 	5289350.500000	2573575.250000	2715775.000000
 55-59 	4289764.000000	2024524.500000	2265239.500000
 60-64 	2824362.500000	1271905.000000	1552457.500000
 65-69 	1681912.875000	696909.937500	985003.000000
 70-74 	1360569.500000	536736.375000	823833.125000
 75-79 	1216635.000000	441956.687500	774678.375000
 80+ 	1717689.625000	529205.625000	1188484.000000
Total	89280456.000000	44120092.000000	45160364.000000
2014			
 0-4	6784460.500000	3553917.500000	3230543.000000
 5-9	6879581.000000	3599074.000000	3280507.000000
 10-14 	6570202.500000	3395064.500000	3175138.000000
 15-19 	6838994.000000	3521213.250000	3317780.500000
 20-24 	8567893.000000	4377467.500000	4190425.250000
 25-29 	8496875.000000	4291846.500000	4205028.000000
 30-34 	7624088.500000	3813408.500000	3810680.000000
 35-39 	6840618.000000	3397064.500000	3443553.500000
 40-44 	6396157.000000	3177777.250000	3218380.000000
 45-49 	5967445.000000	2963107.500000	3004337.500000
 50-54 	5400247.000000	2634416.250000	2765831.000000
 55-59 	4492478.000000	2123750.000000	2368727.750000
 60-64 	3108090.500000	1412001.500000	1696089.000000
 65-69 	1781197.500000	740989.437500	1040208.000000
 70-74 	1366338.000000	539011.750000	827326.250000
 75-79 	1187550.000000	432004.375000	755545.562500
 80+ 	1770216.375000	544548.250000	1225668.125000
Total	90072432.000000	44516664.000000	45555768.000000
2015			
 0-4	6722996.000000	3519158.000000	3203838.250000
 5-9	6890588.000000	3608475.500000	3282112.250000
 10-14 	6621278.000000	3428341.250000	3192936.500000
 15-19 	6644749.000000	3422987.000000	3221762.000000
 20-24 	8268209.500000	4229663.000000	4038546.750000
 25-29 	8603139.000000	4351071.000000	4252068.000000
 30-34 	7798856.000000	3905754.250000	3893101.750000
 35-39 	6937961.500000	3445068.750000	3492892.750000
 40-44 	6480066.000000	3215195.500000	3264870.750000
 45-49 	6023570.000000	2987926.000000	3035643.750000
 50-54 	5501389.000000	2689796.500000	2811592.500000
 55-59 	4676255.500000	2215476.750000	2460779.000000
 60-64 	3375146.250000	1542545.625000	1832600.625000
 65-69 	1928349.750000	809444.687500	1118905.000000
 70-74 	1380352.875000	543956.125000	836396.750000
 75-79 	1165398.750000	424851.250000	740547.500000
 80+ 	1811609.500000	556102.062500	1255507.500000
Total	90829912.000000	44895812.000000	45934100.000000
2016			
 0-4	6652679.500000	3478327.250000	3174352.500000
 5-9	6876110.000000	3602057.000000	3274052.750000
 10-14 	6686590.000000	3471528.750000	3215061.500000
 15-19 	6547208.000000	3373925.500000	3173282.500000
 20-24 	7875348.500000	4033117.250000	3842231.000000
 25-29 	8676708.000000	4394808.500000	4281900.000000
 30-34 	7969078.000000	3995869.000000	3973209.000000
 35-39 	7060982.000000	3507381.000000	3553601.000000
 40-44 	6550551.000000	3245635.250000	3304915.750000
 45-49 	6084664.000000	3014736.000000	3069928.000000
 50-54 	5594112.000000	2739856.000000	2854255.750000
 55-59 	4839364.500000	2298767.250000	2540597.250000
 60-64 	3626218.000000	1664140.125000	1962078.000000
 65-69 	2119679.250000	900373.437500	1219305.750000
 70-74 	1405081.000000	552866.937500	852214.000000
 75-79 	1149749.250000	420165.781250	729583.437500
 80+ 	1843913.000000	564730.687500	1279182.250000
Total	91558032.000000	45258284.000000	46299752.000000
2017			
 0-4	6569398.000000	3429579.500000	3139818.250000
 5-9	6841182.000000	3583848.750000	3257333.500000
 10-14 	6754189.500000	3516938.500000	3237251.000000
 15-19 	6511550.500000	3356376.250000	3155174.000000
 20-24 	7452298.500000	3820243.000000	3632055.500000
 25-29 	8702508.000000	4415063.500000	4287445.000000
 30-34 	8127645.000000	4079901.500000	4047743.000000
 35-39 	7205516.500000	3581895.500000	3623621.000000
 40-44 	6613744.500000	3273149.000000	3340595.250000
 45-49 	6151682.500000	3043560.500000	3108122.000000
 50-54 	5680306.000000	2785266.000000	2895040.000000
 55-59 	4980456.000000	2372856.250000	2607599.500000
 60-64 	3859069.500000	1775799.250000	2083270.250000
 65-69 	2354756.500000	1013575.437500	1341181.000000
 70-74 	1439985.000000	565559.750000	874425.250000
 75-79 	1142122.500000	418479.625000	723642.875000
 80+ 	1868109.250000	570856.562500	1297252.625000
Total	92254520.000000	45602948.000000	46651572.000000
2018			
 0-4	6470670.500000	3372314.250000	3098356.250000
 5-9	6793882.000000	3558723.500000	3235158.500000
 10-14 	6810805.000000	3555580.750000	3255224.250000
 15-19 	6509885.000000	3357205.000000	3152680.000000
 20-24 	7071307.500000	3628187.750000	3443120.000000
 25-29 	8644766.000000	4392888.500000	4251878.000000
 30-34 	8271763.000000	4156693.250000	4115069.500000
 35-39 	7365575.000000	3665405.000000	3700170.000000
 40-44 	6678711.500000	3302514.000000	3376197.500000
 45-49 	6222531.500000	3073597.750000	3148933.750000
 50-54 	5761949.000000	2826959.500000	2934989.250000
 55-59 	5102801.000000	2438814.500000	2663986.500000
 60-64 	4072307.500000	1877711.125000	2194596.250000
 65-69 	2617049.500000	1140363.750000	1476685.625000
 70-74 	1495448.000000	587537.750000	907910.312500
 75-79 	1142416.500000	419494.312500	722922.187500
 80+ 	1886069.875000	575192.625000	1310877.250000
Total	92917936.000000	45929184.000000	46988756.000000
2019			
 0-4	6358508.500000	3308273.250000	3050235.000000
 5-9	6739269.000000	3528759.250000	3210509.750000
 10-14 	6847172.500000	3581229.250000	3265943.250000
 15-19 	6537880.500000	3375680.500000	3162200.000000
 20-24 	6774934.500000	3478727.750000	3296206.500000
 25-29 	8468932.000000	4309964.000000	4158967.750000
 30-34 	8400071.000000	4226128.500000	4173942.500000
 35-39 	7536258.500000	3755099.000000	3781159.750000
 40-44 	6755249.500000	3338830.750000	3416419.000000
 45-49 	6297071.500000	3105236.500000	3191835.000000
 50-54 	5835265.000000	2863023.500000	2972241.000000
 55-59 	5211726.000000	2498366.500000	2713359.250000
 60-64 	4267148.000000	1971748.750000	2295399.500000
 65-69 	2881513.500000	1267628.500000	1613884.875000
 70-74 	1586332.000000	626612.937500	959719.187500
 75-79 	1149346.625000	422464.937500	726881.625000
 80+ 	1900562.750000	578723.562500	1321839.125000
Total	93547240.000000	46236496.000000	47310744.000000
2020			
 0-4	6236646.500000	3239764.750000	2996882.000000
 5-9	6678313.000000	3494167.250000	3184146.000000
 10-14 	6858362.000000	3590788.750000	3267573.500000
 15-19 	6589035.500000	3409050.500000	3179985.500000
 20-24 	6581926.000000	3381512.000000	3200414.000000
 25-29 	8171592.000000	4164072.000000	4007519.750000
 30-34 	8506519.000000	4285495.500000	4221023.500000
 35-39 	7710315.000000	3846931.000000	3863384.500000
 40-44 	6852349.000000	3386749.750000	3465599.500000
 45-49 	6380860.000000	3142730.500000	3238129.500000
 50-54 	5891690.000000	2888228.000000	3003461.750000
 55-59 	5311518.000000	2552818.250000	2758699.750000
 60-64 	4444430.000000	2059143.625000	2385286.750000
 65-69 	3131192.750000	1386661.750000	1744531.000000
 70-74 	1720281.500000	686841.437500	1033440.000000
 75-79 	1163433.250000	427622.593750	735810.625000
 80+ 	1913645.500000	582117.687500	1331527.875000
Total	94142112.000000	46524696.000000	47617416.000000
2021			
 0-4	6109707.500000	3169253.000000	2940454.500000
 5-9	6608848.000000	3453820.500000	3155027.750000
 10-14 	6844161.000000	3584576.000000	3259584.750000
 15-19 	6654423.000000	3452300.000000	3202123.250000
 20-24 	6485174.000000	3333085.500000	3152088.500000
 25-29 	7781572.000000	3969766.750000	3811805.250000
 30-34 	8580448.000000	4329483.000000	4250965.500000
 35-39 	7879916.000000	3936557.500000	3943358.500000
 40-44 	6974841.500000	3448742.750000	3526098.750000
 45-49 	6451439.000000	3173415.500000	3278023.750000
 50-54 	5953087.000000	2915464.000000	3037622.750000
 55-59 	5403291.000000	2602285.000000	2801006.000000
 60-64 	4602208.000000	2138860.250000	2463347.750000
 65-69 	3366573.000000	1497987.750000	1868585.250000
 70-74 	1893728.750000	766440.625000	1127288.125000
 75-79 	1186668.875000	435966.437500	750702.500000
 80+ 	1926067.750000	585576.937500	1340490.875000
Total	94702152.000000	46793580.000000	47908572.000000
2022			
 0-4	5982390.000000	3098937.000000	2883453.250000
 5-9	6526712.000000	3405824.500000	3120887.750000
 10-14 	6809582.000000	3566618.500000	3242963.000000
 15-19 	6722117.500000	3497773.250000	3224344.000000
 20-24 	6450025.000000	3315947.500000	3134077.500000
 25-29 	7361513.500000	3759231.000000	3602282.500000
 30-34 	8606832.000000	4350159.500000	4256673.000000
 35-39 	8037930.000000	4020142.000000	4017788.500000
 40-44 	7118552.500000	3522700.500000	3595852.000000
 45-49 	6514789.000000	3201218.500000	3313570.500000
 50-54 	6020343.000000	2944701.250000	3075641.500000
 55-59 	5488860.000000	2647383.000000	2841476.750000
 60-64 	4739174.500000	2210164.250000	2529010.250000
 65-69 	3585669.250000	1600788.750000	1984880.375000
 70-74 	2106143.750000	865177.187500	1240966.500000
 75-79 	1218623.000000	447375.812500	771247.250000
 80+ 	1939385.500000	589656.562500	1349728.875000
Total	95228640.000000	47043800.000000	48184844.000000
2023			
 0-4	5858693.000000	3030525.250000	2828167.500000
 5-9	6429250.000000	3349447.500000	3079802.500000
 10-14 	6762657.500000	3541772.000000	3220885.750000
 15-19 	6778862.000000	3536507.000000	3242355.000000
 20-24 	6448718.000000	3317071.500000	3131646.500000
 25-29 	6983236.000000	3569301.000000	3413935.000000
 30-34 	8550129.000000	4328781.500000	4221348.000000
 35-39 	8181546.000000	4096533.750000	4085012.250000
 40-44 	7277527.000000	3605454.250000	3672073.000000
 45-49 	6579814.000000	3230800.000000	3349013.750000
 50-54 	6091344.000000	2975119.250000	3116224.750000
 55-59 	5570102.500000	2688977.000000	2881125.250000
 60-64 	4858396.000000	2274014.500000	2584381.500000
 65-69 	3787035.500000	1695169.875000	2091865.625000
 70-74 	2342877.000000	975666.125000	1367210.875000
 75-79 	1268214.750000	466370.812500	801844.000000
 80+ 	1954580.500000	594514.062500	1360066.375000
Total	95722984.000000	47276024.000000	48446956.000000
2024			
 0-4	5741710.000000	2965462.500000	2776247.250000
 5-9	6318303.000000	3286318.750000	3031984.000000
 10-14 	6708413.500000	3512089.000000	3196324.500000
 15-19 	6815416.500000	3562291.500000	3253125.000000
 20-24 	6476934.000000	3335733.500000	3141200.500000
 25-29 	6689029.000000	3421544.500000	3267484.500000
 30-34 	8376030.000000	4247212.000000	4128818.000000
 35-39 	8309384.000000	4165606.750000	4143777.000000
 40-44 	7446906.000000	3694224.500000	3752681.500000
 45-49 	6656133.000000	3267125.500000	3389007.250000
 50-54 	6165839.500000	3007017.000000	3158822.250000
 55-59 	5643307.000000	2725206.250000	2918101.000000
 60-64 	4964906.500000	2331974.000000	2632932.250000
 65-69 	3971515.750000	1782681.250000	2188834.250000
 70-74 	2581817.250000	1086785.875000	1495031.375000
 75-79 	1348161.875000	499344.031250	848817.875000
 80+ 	1972482.875000	600218.000000	1372264.875000
Total	96186288.000000	47490836.000000	48695456.000000
2025			
 0-4	5634393.500000	2905319.750000	2729073.500000
 5-9	6197470.500000	3218671.500000	2978799.000000
 10-14 	6647815.500000	3477786.750000	3170028.750000
 15-19 	6826842.000000	3572037.750000	3254804.500000
 20-24 	6528191.000000	3369200.000000	3158990.750000
 25-29 	6497518.000000	3325537.500000	3171980.500000
 30-34 	8081150.000000	4103270.750000	3977879.000000
 35-39 	8415413.000000	4224680.500000	4190732.000000
 40-44 	7619499.000000	3785019.000000	3834480.000000
 45-49 	6752568.000000	3314723.500000	3437844.500000
 50-54 	6249126.000000	3044432.500000	3204693.750000
 55-59 	5700140.000000	2751024.500000	2949115.500000
 60-64 	5062777.500000	2385233.250000	2677544.500000
 65-69 	4139691.500000	1864330.750000	2275360.750000
 70-74 	2808026.000000	1191167.875000	1616858.250000
 75-79 	1464964.375000	549604.500000	915359.875000
 80+ 	1994883.750000	607373.312500	1387510.375000
Total	96620472.000000	47689416.000000	48931056.000000
2026			
 0-4	5538821.000000	2851397.500000	2687423.250000
 5-9	6071346.500000	3148960.500000	2922385.750000
 10-14 	6578701.000000	3437731.500000	3140969.500000
 15-19 	6812934.000000	3566058.500000	3246875.500000
 20-24 	6593612.500000	3412487.500000	3181125.250000
 25-29 	6401658.000000	3277853.500000	3123804.250000
 30-34 	7694222.000000	3911407.750000	3782814.500000
 35-39 	8489167.000000	4268567.500000	4220599.000000
 40-44 	7787731.500000	3873676.500000	3914055.000000
 45-49 	6873995.500000	3376088.750000	3497906.750000
 50-54 	6319484.000000	3075267.250000	3244216.750000
 55-59 	5761891.500000	2778857.000000	2983034.250000
 60-64 	5153118.000000	2433902.250000	2719215.750000
 65-69 	4289811.500000	1939198.250000	2350613.250000
 70-74 	3022003.250000	1289306.750000	1732696.625000
 75-79 	1615416.500000	615631.687500	999784.937500
 80+ 	2023694.625000	616808.500000	1406886.125000
Total	97027608.000000	47873200.000000	49154408.000000
2027			
 0-4	5455459.500000	2804351.500000	2651107.750000
 5-9	5944628.500000	3079394.000000	2865234.500000
 10-14 	6496913.000000	3390032.000000	3106880.750000
 15-19 	6778696.000000	3548371.000000	3230325.250000
 20-24 	6661333.000000	3457986.250000	3203346.750000
 25-29 	6367028.500000	3261173.500000	3105854.750000
 30-34 	7277493.000000	3703492.500000	3574000.500000
 35-39 	8515779.000000	4289455.000000	4226324.000000
 40-44 	7944616.000000	3956466.000000	3988150.250000
 45-49 	7016372.000000	3449209.250000	3567162.500000
 50-54 	6382838.000000	3103379.500000	3279458.500000
 55-59 	5829453.000000	2808680.250000	3020772.750000
 60-64 	5237686.500000	2478551.750000	2759134.500000
 65-69 	4420720.000000	2006628.625000	2414091.250000
 70-74 	3222079.000000	1380549.875000	1841529.000000
 75-79 	1798865.250000	697140.812500	1101724.375000
 80+ 	2059480.625000	628740.500000	1430740.125000
Total	97409440.000000	48043604.000000	49365836.000000
2028			
 0-4	5384252.000000	2764554.250000	2619697.500000
 5-9	5821391.000000	3011679.000000	2809712.000000
 10-14 	6399803.000000	3333954.000000	3065849.000000
 15-19 	6732140.000000	3523814.500000	3208325.500000
 20-24 	6718157.500000	3496787.500000	3221370.000000
 25-29 	6366061.500000	3262614.500000	3103446.750000
 30-34 	6902277.000000	3515976.250000	3386300.500000
 35-39 	8460015.000000	4268834.000000	4191180.500000
 40-44 	8087377.500000	4032270.750000	4055106.750000
 45-49 	7173876.000000	3531010.500000	3642865.500000
 50-54 	6447932.000000	3133298.250000	3314634.000000
 55-59 	5900750.000000	2839692.250000	3061058.000000
 60-64 	5318277.000000	2519972.000000	2798305.500000
 65-69 	4535286.000000	2067453.875000	2467832.000000
 70-74 	3406818.250000	1464910.000000	1941908.250000
 75-79 	2002960.250000	788201.562500	1214758.625000
 80+ 	2109949.000000	646626.687500	1463322.250000
Total	97767320.000000	48201648.000000	49565672.000000
2029			
 0-4	5325157.000000	2732110.750000	2593046.250000
 5-9	5704867.000000	2947250.250000	2757617.000000
 10-14 	6289220.500000	3271125.500000	3018095.000000
 15-19 	6678263.500000	3494423.000000	3183840.500000
 20-24 	6754885.000000	3522716.000000	3232169.000000
 25-29 	6394460.500000	3281466.750000	3112993.750000
 30-34 	6610555.500000	3370192.500000	3240363.000000
 35-39 	8287861.000000	4188794.750000	4099066.250000
 40-44 	8214642.000000	4100971.750000	4113670.250000
 45-49 	7341762.000000	3618798.250000	3722963.750000
 50-54 	6524179.500000	3169832.000000	3354347.500000
 55-59 	5975464.000000	2872134.500000	3103329.750000
 60-64 	5391308.000000	2556379.750000	2834928.250000
 65-69 	4638188.500000	2123037.000000	2515151.500000
 70-74 	3576700.250000	1543581.250000	2033119.125000
 75-79 	2209186.000000	879937.000000	1329249.125000
 80+ 	2185397.250000	675118.312500	1510278.875000
Total	98102096.000000	48347868.000000	49754228.000000
2030			
 0-4	5277083.500000	2706387.500000	2570695.750000
 5-9	5598094.500000	2887666.250000	2710428.250000
 10-14 	6168763.000000	3203769.000000	2964994.000000
 15-19 	6618044.000000	3460418.000000	3157626.500000
 20-24 	6766586.000000	3532696.000000	3233890.000000
 25-29 	6445780.000000	3315022.250000	3130758.000000
 30-34 	6420807.000000	3275608.000000	3145198.750000
 35-39 	7995966.000000	4047174.000000	3948791.750000
 40-44 	8320421.500000	4159918.500000	4160503.000000
 45-49 	7512956.000000	3708670.250000	3804285.750000
 50-54 	6620211.500000	3217365.500000	3402845.750000
 55-59 	6058603.500000	2909800.500000	3148803.250000
 60-64 	5448767.500000	2582977.250000	2865790.500000
 65-69 	4733214.000000	2174414.000000	2558800.250000
 70-74 	3732056.000000	1617331.625000	2114724.250000
 75-79 	2405085.750000	966492.937500	1438592.875000
 80+ 	2291394.250000	716708.187500	1574686.000000
Total	98413832.000000	48482420.000000	49931416.000000
2031			
 0-4	5238193.000000	2686162.500000	2552030.500000
 5-9	5503179.500000	2834228.000000	2668951.250000
 10-14 	6043020.000000	3134335.500000	2908684.750000
 15-19 	6549314.000000	3420661.750000	3128652.000000
 20-24 	6753061.500000	3527040.000000	3226021.250000
 25-29 	6511192.500000	3358331.250000	3152861.250000
 30-34 	6326034.000000	3228835.000000	3097199.000000
 35-39 	7612830.000000	3858239.500000	3754590.500000
 40-44 	8394319.000000	4203973.500000	4190345.500000
 45-49 	7679990.500000	3796550.000000	3883440.500000
 50-54 	6740787.500000	3278308.250000	3462479.000000
 55-59 	6129258.000000	2941197.000000	3188061.000000
 60-64 	5511095.000000	2611539.500000	2899555.750000
 65-69 	4821408.000000	2221671.750000	2599736.250000
 70-74 	3871362.500000	1685376.875000	2185985.500000
 75-79 	2591176.500000	1048327.062500	1542849.500000
 80+ 	2425600.500000	770309.375000	1655291.250000
Total	98701824.000000	48605088.000000	50096736.000000
2032			
 0-4	5206246.000000	2669796.000000	2536450.000000
 5-9	5420518.500000	2787598.500000	2632920.000000
 10-14 	5916685.000000	3065034.250000	2851651.000000
 15-19 	6467919.500000	3373265.500000	3094654.000000
 20-24 	6719287.500000	3509740.000000	3209547.500000
 25-29 	6578900.000000	3403841.500000	3175058.250000
 30-34 	6292070.000000	3212743.500000	3079326.000000
 35-39 	7200182.000000	3653464.000000	3546717.750000
 40-44 	8421578.000000	4225402.500000	4196175.500000
 45-49 	7835946.000000	3878762.250000	3957184.250000
 50-54 	6881954.000000	3350714.000000	3531240.000000
 55-59 	6193184.500000	2970028.500000	3223156.000000
 60-64 	5579129.500000	2642030.250000	2937099.500000
 65-69 	4904397.000000	2265313.000000	2639084.000000
 70-74 	3993608.500000	1747150.750000	2246457.750000
 75-79 	2766151.500000	1124981.000000	1641170.500000
 80+ 	2586988.750000	835476.687500	1751512.000000
Total	98964744.000000	48715344.000000	50249404.000000
2033			
 0-4	5179052.500000	2655856.500000	2523196.000000
 5-9	5349979.000000	2748162.750000	2601816.250000
 10-14 	5793818.000000	2997567.000000	2796250.750000
 15-19 	6371225.500000	3317504.500000	3053721.000000
 20-24 	6673231.500000	3485597.000000	3187634.500000
 25-29 	6635772.500000	3442698.750000	3193073.750000
 30-34 	6291531.500000	3214587.500000	3076943.750000
 35-39 	6828716.000000	3468826.500000	3359889.500000
 40-44 	8367269.500000	4205921.000000	4161348.500000
 45-49 	7978042.500000	3954181.000000	4023861.500000
 50-54 	7037997.000000	3431592.000000	3606405.000000
 55-59 	6258863.000000	3000633.000000	3258230.000000
 60-64 	5650829.000000	2673671.000000	2977158.500000
 65-69 	4983809.000000	2306035.500000	2677773.500000
 70-74 	4101328.500000	1803325.125000	2298003.500000
 75-79 	2928600.500000	1196392.375000	1732208.125000
 80+ 	2771025.750000	909999.937500	1861025.875000
Total	99201088.000000	48812552.000000	50388540.000000
2034			
 0-4	5154800.000000	2643421.000000	2511379.000000
 5-9	5291499.500000	2716035.500000	2575464.000000
 10-14 	5677640.000000	2933369.000000	2744271.000000
 15-19 	6261081.000000	3255003.500000	3006077.500000
 20-24 	6619868.000000	3456630.000000	3163238.250000
 25-29 	6672660.000000	3468772.500000	3203887.500000
 30-34 	6320146.000000	3233662.500000	3086483.500000
 35-39 	6540011.000000	3325362.750000	3214648.500000
 40-44 	8197696.000000	4127848.000000	4069848.250000
 45-49 	8104881.500000	4022664.000000	4082217.250000
 50-54 	7204253.500000	3518315.750000	3685938.000000
 55-59 	6335395.500000	3037597.500000	3297798.000000
 60-64 	5725773.000000	2706623.750000	3019149.500000
 65-69 	5056176.500000	2342141.000000	2714035.500000
 70-74 	4198684.500000	1855022.750000	2343661.750000
 75-79 	3078582.500000	1263377.375000	1815205.125000
 80+ 	2970897.750000	990593.812500	1980303.875000
Total	99410048.000000	48896440.000000	50513608.000000
2035			
 0-4	5132052.500000	2631753.250000	2500299.250000
 5-9	5243975.000000	2690593.000000	2553382.250000
 10-14 	5571185.000000	2873997.250000	2697188.000000
 15-19 	6141063.000000	3187972.250000	2953090.750000
 20-24 	6560170.500000	3423053.250000	3137117.000000
 25-29 	6684655.500000	3479009.500000	3205646.000000
 30-34 	6371504.500000	3267284.000000	3104220.500000
 35-39 	6352375.000000	3232417.000000	3119958.000000
 40-44 	7909540.500000	3989044.000000	3920496.500000
 45-49 	8210515.000000	4081585.000000	4128930.250000
 50-54 	7373790.000000	3607091.250000	3766698.750000
 55-59 	6431134.500000	3085115.250000	3346019.250000
 60-64 	5808596.000000	2744381.250000	3064214.500000
 65-69 	5113897.000000	2369139.500000	2744757.750000
 70-74 	4289056.500000	1903097.250000	2385959.250000
 75-79 	3216150.500000	1326452.250000	1889698.250000
 80+ 	3181674.250000	1075002.750000	2106671.500000
Total	99591336.000000	48966988.000000	50624348.000000
2036			
 0-4	5109767.000000	2620316.500000	2489450.750000
 5-9	5205567.000000	2670618.500000	2534948.750000
 10-14 	5476559.500000	2820754.500000	2655804.750000
 15-19 	6015761.000000	3118862.750000	2896898.000000
 20-24 	6491975.500000	3383735.000000	3108240.500000
 25-29 	6671555.000000	3473716.500000	3197838.500000
 30-34 	6436843.000000	3310554.500000	3126288.500000
 35-39 	6258873.000000	3186650.750000	3072222.250000
 40-44 	7531032.000000	3803572.500000	3727459.500000
 45-49 	8284650.000000	4125877.750000	4158772.250000
 50-54 	7539282.000000	3693950.250000	3845331.750000
 55-59 	6550696.000000	3145497.750000	3405198.500000
 60-64 	5879426.000000	2776192.750000	3103233.500000
 65-69 	5176357.000000	2398030.000000	2778327.500000
 70-74 	4373404.500000	1947615.000000	2425789.500000
 75-79 	3340082.000000	1385004.125000	1955078.000000
 80+ 	3402988.500000	1163270.625000	2239717.750000
Total	99744816.000000	49024220.000000	50720600.000000
2037			
 0-4	5087292.000000	2608775.000000	2478517.000000
 5-9	5174058.000000	2654481.250000	2519576.750000
 10-14 	5394156.500000	2774298.500000	2619858.000000
 15-19 	5889852.500000	3049872.500000	2839980.000000
 20-24 	6411142.000000	3336798.000000	3074343.750000
 25-29 	6638312.000000	3456858.750000	3181453.000000
 30-34 	6504455.000000	3355997.500000	3148457.500000
 35-39 	6225656.000000	3171170.750000	3054485.250000
 40-44 	7123314.000000	3602473.000000	3520840.750000
 45-49 	8312699.500000	4147932.750000	4164766.750000
 50-54 	7693945.000000	3775319.000000	3918626.000000
 55-59 	6690268.500000	3216900.500000	3473368.000000
 60-64 	5943823.500000	2805587.750000	3138236.000000
 65-69 	5244358.500000	2428766.000000	2815592.750000
 70-74 	4453206.500000	1989004.500000	2464202.000000
 75-79 	3449583.000000	1438586.500000	2010996.625000
 80+ 	3633890.750000	1255127.250000	2378763.500000
Total	99870016.000000	49067948.000000	50802064.000000
2038			
 0-4	5064146.000000	2596881.000000	2467265.000000
 5-9	5147278.000000	2640754.750000	2506523.500000
 10-14 	5323846.000000	2735015.750000	2588830.250000
 15-19 	5767394.500000	2982704.000000	2784690.500000
 20-24 	6315048.000000	3281523.750000	3033524.500000
 25-29 	6592844.000000	3433201.250000	3159642.500000
 30-34 	6561311.000000	3394846.000000	3166465.000000
 35-39 	6225588.000000	3173408.750000	3052179.500000
 40-44 	6756368.500000	3421199.500000	3335169.250000
 45-49 	8260157.500000	4129782.750000	4130374.750000
 50-54 	7835042.500000	3850099.500000	3984943.000000
 55-59 	6844328.000000	3296469.000000	3547858.750000
 60-64 	6009957.000000	2836687.750000	3173269.250000
 65-69 	5315932.500000	2460600.000000	2855332.500000
 70-74 	4529907.500000	2027854.875000	2502052.750000
 75-79 	3546809.750000	1487705.625000	2059104.125000
 80+ 	3870345.250000	1349175.250000	2521170.000000
Total	99966304.000000	49097908.000000	50868396.000000
2039			
 0-4	5039789.500000	2584358.500000	2455431.000000
 5-9	5123418.000000	2628518.500000	2494899.500000
 10-14 	5265570.000000	2703022.500000	2562547.500000
 15-19 	5651603.000000	2918787.000000	2732815.500000
 20-24 	6205536.500000	3219529.000000	2986007.500000
 25-29 	6540090.000000	3404738.000000	3135352.000000
 30-34 	6598326.000000	3421025.250000	3177300.750000
 35-39 	6254418.500000	3192671.500000	3061747.000000
 40-44 	6471306.500000	3280449.000000	3190857.750000
 45-49 	8093740.500000	4054047.500000	4039693.250000
 50-54 	7961185.000000	3918146.250000	4043038.500000
 55-59 	7008341.500000	3381676.750000	3626664.750000
 60-64 	6086547.000000	2873823.750000	3212723.500000
 65-69 	5390495.500000	2493575.000000	2896920.500000
 70-74 	4600253.000000	2062601.500000	2537651.250000
 75-79 	3635287.000000	1533220.250000	2102067.000000
 80+ 	4107590.500000	1443817.625000	2663773.000000
Total	100033496.000000	49114008.000000	50919492.000000
2040			
 0-4	5013682.000000	2570931.500000	2442750.500000
 5-9	5101044.500000	2617037.750000	2484007.000000
 10-14 	5218226.000000	2677697.000000	2540529.250000
 15-19 	5545508.500000	2859677.500000	2685831.250000
 20-24 	6086163.000000	3153010.250000	2933152.750000
 25-29 	6481027.500000	3371683.000000	3109344.250000
 30-34 	6610611.000000	3431502.000000	3179108.500000
 35-39 	6305790.000000	3226308.500000	3079481.250000
 40-44 	6286227.500000	3189417.000000	3096810.250000
 45-49 	7810183.000000	3918627.500000	3891555.500000
 50-54 	8066496.500000	3976880.500000	4089616.000000
 55-59 	7175578.500000	3468879.000000	3706699.750000
 60-64 	6181606.500000	2920962.250000	3260644.250000
 65-69 	5472147.000000	2530760.750000	2941386.000000
 70-74 	4657242.000000	2089191.625000	2568050.000000
 75-79 	3717897.500000	1575790.250000	2142107.500000
 80+ 	4342360.000000	1537966.500000	2804393.750000
Total	100071792.000000	49116324.000000	50955468.000000
2041			
 0-4	4985372.000000	2556369.250000	2429003.000000
 5-9	5079120.500000	2605778.250000	2473342.000000
 10-14 	5179979.500000	2657826.250000	2522153.000000
 15-19 	5451210.500000	2806671.500000	2644539.000000
 20-24 	5961506.000000	3084409.250000	2877096.750000
 25-29 	6413497.000000	3332909.000000	3080587.750000
 30-34 	6597967.000000	3426585.500000	3171382.000000
 35-39 	6371012.500000	3269479.750000	3101532.750000
 40-44 	6194270.000000	3144821.250000	3049448.500000
 45-49 	7437396.000000	3737354.250000	3700041.500000
 50-54 	8140826.500000	4021335.750000	4119490.500000
 55-59 	7338921.000000	3554260.500000	3784660.750000
 60-64 	6299571.500000	2980300.500000	3319271.000000
 65-69 	5542489.000000	2562434.000000	2980054.750000
 70-74 	4718790.000000	2117569.250000	2601220.750000
 75-79 	3795499.000000	1615472.000000	2180027.000000
 80+ 	4574073.000000	1631412.625000	2942660.250000
Total	100081504.000000	49104988.000000	50976512.000000
2042			
 0-4	4954554.000000	2540517.000000	2414037.250000
 5-9	5056996.000000	2594407.000000	2462589.250000
 10-14 	5148617.000000	2641782.250000	2506834.750000
 15-19 	5369104.500000	2760431.000000	2608674.000000
 20-24 	5836233.000000	3015917.500000	2820315.750000
 25-29 	6333379.000000	3286555.500000	3046823.250000
 30-34 	6565309.500000	3410204.000000	3155105.750000
 35-39 	6438484.500000	3314793.000000	3123691.500000
 40-44 	6161966.500000	3130049.500000	3031916.750000
 45-49 	7035813.000000	3540747.750000	3495065.000000
 50-54 	8169810.000000	4044067.000000	4125743.000000
 55-59 	7491768.000000	3634380.250000	3857388.000000
 60-64 	6436810.000000	3050115.500000	3386694.500000
 65-69 	5606863.000000	2591931.500000	3014931.250000
 70-74 	4785649.500000	2147685.500000	2637964.250000
 75-79 	3869395.750000	1652631.750000	2216764.000000
 80+ 	4801991.000000	1723834.250000	3078156.750000
Total	100062744.000000	49080052.000000	50982696.000000
2043			
 0-4	4920983.500000	2523251.000000	2397732.250000
 5-9	5034195.500000	2582679.250000	2451516.500000
 10-14 	5121973.500000	2628141.500000	2493832.000000
 15-19 	5299061.000000	2721340.250000	2577721.000000
 20-24 	5714390.500000	2949230.250000	2765160.500000
 25-29 	6238062.000000	3231910.750000	3006151.250000
 30-34 	6520502.500000	3387076.750000	3133425.750000
 35-39 	6495285.000000	3353578.500000	3141706.750000
 40-44 	6162480.500000	3132742.750000	3029738.000000
 45-49 	6674519.000000	3363610.000000	3310909.250000
 50-54 	8119498.000000	4027512.250000	4091985.500000
 55-59 	7631455.000000	3708189.000000	3923266.500000
 60-64 	6588037.000000	3127725.000000	3460312.250000
 65-69 	5673037.500000	2623110.000000	3049927.250000
 70-74 	4855966.000000	2178856.000000	2677110.250000
 75-79 	3940830.000000	1687757.625000	2253072.500000
 80+ 	5025223.500000	1814763.625000	3210459.750000
Total	100015504.000000	49041472.000000	50974028.000000
2044			
 0-4	4884493.000000	2504486.250000	2380006.500000
 5-9	5010180.000000	2570318.750000	2439861.500000
 10-14 	5098243.000000	2615986.500000	2482256.500000
 15-19 	5241020.500000	2689515.250000	2551505.000000
 20-24 	5599181.500000	2885768.500000	2713413.000000
 25-29 	6129380.000000	3170582.000000	2958798.000000
 30-34 	6468450.000000	3359177.250000	3109273.000000
 35-39 	6532411.000000	3379829.500000	3152581.500000
 40-44 	6191590.000000	3152220.750000	3039369.750000
 45-49 	6394036.000000	3226213.500000	3167822.500000
 50-54 	7957159.000000	3954699.500000	4002459.500000
 55-59 	7756614.000000	3775546.000000	3981068.000000
 60-64 	6748915.500000	3210742.000000	3538173.500000
 65-69 	5749200.500000	2659957.750000	3089242.500000
 70-74 	4929000.500000	2211015.250000	2717985.250000
 75-79 	4006862.000000	1719484.500000	2287377.500000
 80+ 	5243250.500000	1903799.625000	3339450.750000
Total	99939984.000000	48989344.000000	50950644.000000
2045			
 0-4	4845070.000000	2484217.750000	2360852.250000
 5-9	4984394.500000	2557044.500000	2427350.000000
 10-14 	5075972.500000	2604574.000000	2471398.500000
 15-19 	5193868.000000	2664329.500000	2529538.500000
 20-24 	5493572.000000	2827051.000000	2666521.250000
 25-29 	6010824.000000	3104726.000000	2906098.000000
 30-34 	6410099.000000	3326707.000000	3083392.000000
 35-39 	6544994.500000	3390542.500000	3154452.000000
 40-44 	6242991.500000	3185871.250000	3057120.250000
 45-49 	6212187.000000	3137558.500000	3074628.000000
 50-54 	7679611.500000	3823592.000000	3856019.250000
 55-59 	7861469.500000	3833934.250000	4027535.250000
 60-64 	6912960.000000	3295702.500000	3617257.500000
 65-69 	5842871.500000	2706126.000000	3136745.750000
 70-74 	5008175.500000	2246717.750000	2761457.750000
 75-79 	4061295.250000	1744323.250000	2316972.000000
 80+ 	5456044.000000	1990725.875000	3465318.000000
Total	99836400.000000	48923744.000000	50912656.000000
2046			
 0-4	4802839.500000	2462509.000000	2340330.500000
 5-9	4956407.000000	2542634.250000	2413773.000000
 10-14 	5054150.000000	2593382.250000	2460768.000000
 15-19 	5155791.000000	2644581.250000	2511209.750000
 20-24 	5399721.500000	2774407.000000	2625314.500000
 25-29 	5886989.000000	3036786.250000	2850203.000000
 30-34 	6343322.500000	3288552.500000	3054770.000000
 35-39 	6532849.000000	3386024.000000	3146825.250000
 40-44 	6308095.000000	3228927.250000	3079167.500000
 45-49 	6122205.000000	3094433.500000	3027771.750000
 50-54 	7314364.000000	3647726.000000	3666638.250000
 55-59 	7936082.500000	3878535.500000	4057547.250000
 60-64 	7073324.500000	3378980.250000	3694344.000000
 65-69 	5958212.000000	2763634.250000	3194577.500000
 70-74 	5077053.500000	2277546.250000	2799507.500000
 75-79 	4120089.000000	1770868.250000	2349220.500000
 80+ 	5663974.000000	2075494.500000	3588479.750000
Total	99705472.000000	48845020.000000	50860448.000000
2047			
 0-4	4758092.500000	2439509.250000	2318583.500000
 5-9	4925915.500000	2526935.000000	2398980.250000
 10-14 	5032123.000000	2582074.750000	2450048.000000
 15-19 	5124579.500000	2628645.750000	2495934.000000
 20-24 	5318025.000000	2728497.250000	2589527.750000
 25-29 	5762525.000000	2968940.750000	2793584.250000
 30-34 	6264025.000000	3242870.000000	3021155.000000
 35-39 	6500841.000000	3370159.500000	3130681.500000
 40-44 	6375419.500000	3274094.500000	3101325.000000
 45-49 	6091096.000000	3080565.750000	3010530.500000
 50-54 	6920920.500000	3456948.250000	3463972.250000
 55-59 	7966379.000000	3902107.000000	4064271.750000
 60-64 	7223641.500000	3457296.750000	3766344.750000
 65-69 	6091819.000000	2830909.250000	3260909.500000
 70-74 	5140632.500000	2306541.250000	2834091.500000
 75-79 	4183897.750000	1799046.125000	2384851.750000
 80+ 	5867566.000000	2158186.250000	3709379.750000
Total	99547496.000000	48753328.000000	50794172.000000
2048			
 0-4	4712429.500000	2416037.500000	2296392.000000
 5-9	4892697.000000	2509833.250000	2382863.500000
 10-14 	5009443.500000	2570421.000000	2439022.750000
 15-19 	5098096.000000	2615116.250000	2482980.000000
 20-24 	5248422.500000	2689743.750000	2558678.750000
 25-29 	5641518.500000	2902908.000000	2738610.500000
 30-34 	6169646.500000	3188969.000000	2980677.500000
 35-39 	6456785.000000	3347615.500000	3109169.500000
 40-44 	6432177.500000	3312810.000000	3119367.250000
 45-49 	6092379.000000	3083844.250000	3008535.000000
 50-54 	6567172.500000	3285205.750000	3281966.500000
 55-59 	7919154.000000	3887620.000000	4031534.000000
 60-64 	7361335.000000	3529653.000000	3831682.000000
 65-69 	6238726.000000	2905475.500000	3333250.250000
 70-74 	5206078.000000	2337172.500000	2868905.500000
 75-79 	4250993.500000	1828229.625000	2422764.000000
 80+ 	6067079.500000	2238838.250000	3828241.250000
Total	99364136.000000	48649492.000000	50714640.000000
2049			
 0-4	4666915.000000	2392639.500000	2274275.750000
 5-9	4856622.500000	2491261.000000	2365361.500000
 10-14 	4985616.000000	2558164.250000	2427451.500000
 15-19 	5074567.000000	2603090.000000	2471477.000000
 20-24 	5190956.500000	2658321.500000	2532635.000000
 25-29 	5527255.000000	2840152.750000	2687102.500000
 30-34 	6062072.000000	3128474.250000	2933597.500000
 35-39 	6405570.500000	3320339.250000	3085231.250000
 40-44 	6469460.000000	3339135.250000	3130324.750000
 45-49 	6121864.500000	3103598.750000	3018265.750000
 50-54 	6292808.000000	3152192.000000	3140616.000000
 55-59 	7762430.000000	3818637.500000	3943792.500000
 60-64 	7485079.500000	3595915.750000	3889163.500000
 65-69 	6394833.500000	2985119.500000	3409714.000000
 70-74 	5280839.500000	2372969.750000	2907869.750000
 75-79 	4320434.500000	1858212.625000	2462221.750000
 80+ 	6259531.000000	2316037.250000	3943493.750000
Total	99156856.000000	48534260.000000	50622592.000000
2050			
 0-4	4619165.000000	2368111.500000	2251053.500000
 5-9	4817596.500000	2471174.000000	2346422.500000
 10-14 	4960024.500000	2544993.750000	2415031.000000
 15-19 	5052482.000000	2591788.000000	2460694.250000
 20-24 	5144288.500000	2633465.500000	2510823.000000
 25-29 	5422568.500000	2782107.000000	2640461.750000
 30-34 	5944647.000000	3063452.250000	2881195.000000
 35-39 	6348054.500000	3288477.000000	3059577.250000
 40-44 	6482333.000000	3350023.500000	3132309.250000
 45-49 	6173188.500000	3137154.250000	3036034.250000
 50-54 	6115035.000000	3066457.000000	3048578.000000
 55-59 	7492615.000000	3692835.500000	3799779.750000
 60-64 	7588573.500000	3653229.250000	3935344.500000
 65-69 	6553122.500000	3066068.000000	3487054.250000
 70-74 	5370719.000000	2416560.250000	2954159.000000
 75-79 	4393634.000000	1890315.000000	2503318.750000
 80+ 	6438015.500000	2386191.500000	4051824.000000
Total	98916064.000000	48402404.000000	50513660.000000
