Vietnam		Total	Male	Female
1970			
 0-4	127450.346939	70838.528834	56611.818105
 5-9	32026.678137	18984.919311	13041.758826
 10-14 	25258.522023	15990.574414	9267.947609
 15-19 	15707.579974	10777.123910	4930.456063
 20-24 	7825.519511	5040.711688	2784.807823
 25-29 	8551.100308	6439.048163	2112.052146
 30-34 	9884.385233	7558.709801	2325.675433
 35-39 	14772.571651	10599.586783	4172.984868
 40-44 	15529.031138	11072.805190	4456.225949
 45-49 	19196.488851	13427.008821	5769.480030
 50-54 	18756.786328	12169.256658	6587.529670
 55-59 	25930.155487	16138.709235	9791.446252
 60-64 	30842.002452	20968.288374	9873.714078
 65-69 	47043.950859	28914.546446	18129.404412
 70-74 	48703.422175	26711.574984	21991.847190
 75-79 	42199.082492	19797.232223	22401.850269
 80+ 	56602.042988	18150.959942	38451.083046
Total	546279.666545	313579.584776	232700.081769
1971			
 0-4	127450.346939	70838.528834	56611.818105
 5-9	32026.678137	18984.919311	13041.758826
 10-14 	25258.522023	15990.574414	9267.947609
 15-19 	15707.579974	10777.123910	4930.456063
 20-24 	7825.519511	5040.711688	2784.807823
 25-29 	8551.100308	6439.048163	2112.052146
 30-34 	9884.385233	7558.709801	2325.675433
 35-39 	14772.571651	10599.586783	4172.984868
 40-44 	15529.031138	11072.805190	4456.225949
 45-49 	19196.488851	13427.008821	5769.480030
 50-54 	18756.786328	12169.256658	6587.529670
 55-59 	25930.155487	16138.709235	9791.446252
 60-64 	30842.002452	20968.288374	9873.714078
 65-69 	47043.950859	28914.546446	18129.404412
 70-74 	48703.422175	26711.574984	21991.847190
 75-79 	42199.082492	19797.232223	22401.850269
 80+ 	56602.042988	18150.959942	38451.083046
Total	546279.666545	313579.584776	232700.081769
1972			
 0-4	127003.709169	70808.699694	56195.009475
 5-9	33458.693021	20013.000626	13445.692396
 10-14 	26938.687775	17149.191685	9789.496090
 15-19 	17307.079545	11923.836834	5383.242711
 20-24 	8950.795457	5826.088006	3124.707451
 25-29 	9083.666235	6857.730935	2225.935300
 30-34 	10226.095556	7853.869358	2372.226198
 35-39 	15101.765314	10882.637379	4219.127935
 40-44 	16691.484395	11936.933608	4754.550786
 45-49 	20063.023932	14071.444669	5991.579263
 50-54 	20017.461810	13030.094541	6987.367269
 55-59 	26966.455861	16881.309127	10085.146734
 60-64 	32758.528121	22299.923792	10458.604329
 65-69 	47965.742800	29278.149250	18687.593550
 70-74 	52242.035968	28471.713297	23770.322671
 75-79 	44009.876798	20405.515370	23604.361428
 80+ 	58785.567877	18584.941941	40200.625936
Total	567570.669634	326275.080113	241295.589520
1973			
 0-4	125161.256493	70047.906784	55113.349709
 5-9	32128.940902	19217.122530	12911.818372
 10-14 	26128.226853	16589.022704	9539.204149
 15-19 	17260.414998	11858.301346	5402.113652
 20-24 	9337.109728	6086.682193	3250.427535
 25-29 	8838.665606	6650.341900	2188.323706
 30-34 	9678.524450	7418.131591	2260.392860
 35-39 	13938.268960	10012.177345	3926.091615
 40-44 	16345.275495	11640.836689	4704.438806
 45-49 	19065.200640	13317.979599	5747.221041
 50-54 	19525.541185	12630.937497	6894.603688
 55-59 	25481.765598	15898.673565	9583.092033
 60-64 	31822.979377	21525.742683	10297.236694
 65-69 	44746.022164	27160.839126	17585.183038
 70-74 	51545.699752	28028.946092	23516.753660
 75-79 	42444.617427	19628.597097	22816.020331
 80+ 	57453.716779	18040.534550	39413.182229
Total	550902.226408	315752.773290	235149.453117
1974			
 0-4	121544.549327	68293.557313	53250.992014
 5-9	28435.126771	17010.726553	11424.400219
 10-14 	23416.772950	14781.516215	8635.256735
 15-19 	15953.650050	10904.053691	5049.596359
 20-24 	9002.979926	5855.820619	3147.159307
 25-29 	8105.454675	6067.642059	2037.812616
 30-34 	8510.808503	6495.083450	2015.725053
 35-39 	11875.718712	8483.450090	3392.268622
 40-44 	14685.686463	10367.756225	4317.930239
 45-49 	16894.425992	11715.306655	5179.119337
 50-54 	17650.777858	11321.191367	6329.586492
 55-59 	22523.148156	13971.392893	8551.755262
 60-64 	28650.822792	19195.443624	9455.379169
 65-69 	39267.797070	23673.275476	15594.521593
 70-74 	47175.765621	25519.951065	21655.814556
 75-79 	38860.201668	17915.536563	20944.665105
 80+ 	54112.177270	16799.825198	37312.352073
Total	506665.863805	288371.529054	218294.334751
1975			
 0-4	117014.206692	65976.081555	51038.125137
 5-9	24215.946628	14491.190154	9724.756475
 10-14 	20257.907700	12700.696076	7557.211624
 15-19 	14238.830983	9682.655157	4556.175827
 20-24 	8331.153290	5401.926414	2929.226876
 25-29 	7337.360192	5469.568237	1867.791955
 30-34 	7258.123309	5510.503964	1747.619345
 35-39 	9826.341463	6977.745415	2848.596048
 40-44 	12600.359162	8801.729875	3798.629287
 45-49 	14653.367715	10077.476063	4575.891652
 50-54 	15415.620737	9810.603391	5605.017346
 55-59 	19553.518294	12054.147717	7499.370577
 60-64 	24922.787087	16532.137001	8390.650086
 65-69 	34096.775938	20435.034204	13661.741734
 70-74 	41723.797877	22463.028957	19260.768920
 75-79 	35304.005930	16279.212474	19024.793456
 80+ 	50851.502023	15662.814345	35188.687678
Total	457601.605021	258326.551000	199275.054020
1976			
 0-4	112460.043388	63540.371498	48919.671890
 5-9	20813.280793	12465.051517	8348.229276
 10-14 	17654.874960	11006.651651	6648.223309
 15-19 	12787.892451	8672.692111	4115.200340
 20-24 	7751.413632	5026.645908	2724.767724
 25-29 	6844.250146	5096.318850	1747.931296
 30-34 	6286.788905	4751.522873	1535.266032
 35-39 	8262.672149	5840.242087	2422.430063
 40-44 	10823.686742	7488.254602	3335.432140
 45-49 	12992.426719	8875.881479	4116.545240
 50-54 	13616.841864	8627.081967	4989.759897
 55-59 	17402.805921	10682.175569	6720.630352
 60-64 	21938.375688	14435.855961	7502.519726
 65-69 	30502.864377	18223.006240	12279.858138
 70-74 	37267.559654	20035.233313	17232.326341
 75-79 	33023.083611	15314.455099	17708.628512
 80+ 	48979.422141	15090.700458	33888.721682
Total	419408.283140	235172.141183	184236.141957
1977			
 0-4	108999.393912	61580.006326	47419.387586
 5-9	18867.817370	11315.168878	7552.648491
 10-14 	16176.918645	10063.982402	6112.936243
 15-19 	12055.200682	8191.788346	3863.412337
 20-24 	7603.299519	4962.987754	2640.311765
 25-29 	6905.244255	5163.533905	1741.710350
 30-34 	5809.681225	4380.424673	1429.256552
 35-39 	7424.604121	5242.149964	2182.454157
 40-44 	9747.216174	6708.529672	3038.686503
 45-49 	12338.268189	8410.148802	3928.119388
 50-54 	12718.703140	8072.019852	4646.683288
 55-59 	16605.126966	10193.151316	6411.975650
 60-64 	20413.830029	13385.472240	7028.357788
 65-69 	29317.644642	17535.622051	11782.022591
 70-74 	34963.719037	18878.327611	16085.391427
 75-79 	33013.396422	15513.524438	17499.871984
 80+ 	49348.824307	15390.514964	33958.309342
Total	402308.888635	224987.353192	177321.535443
1978			
 0-4	106727.556526	60160.774039	46566.782487
 5-9	17963.916921	10786.725745	7177.191175
 10-14 	15531.833277	9669.003559	5862.829718
 15-19 	11867.511861	8105.085595	3762.426266
 20-24 	7781.831784	5127.960267	2653.871517
 25-29 	7380.329170	5556.443564	1823.885606
 30-34 	5713.786330	4308.250848	1405.535482
 35-39 	7072.140057	5000.308232	2071.831825
 40-44 	9152.552884	6287.950449	2864.602436
 45-49 	12338.997791	8417.012889	3921.984902
 50-54 	12461.967554	7951.732836	4510.234718
 55-59 	16703.769162	10277.933026	6425.836136
 60-64 	19910.166055	13050.542031	6859.624024
 65-69 	29713.119028	17835.981814	11877.137214
 70-74 	34243.008870	18625.817968	15617.190901
 75-79 	34491.208584	16458.651289	18032.557295
 80+ 	51416.849258	16352.326329	35064.522929
Total	400470.545111	223972.500481	176498.044630
1979			
 0-4	105068.528249	59020.510401	46048.017848
 5-9	17308.066929	10404.526960	6903.539969
 10-14 	15064.027944	9387.631453	5676.396490
 15-19 	11768.683884	8075.078486	3693.605398
 20-24 	7973.072534	5294.058380	2679.014154
 25-29 	7897.526645	5979.349715	1918.176930
 30-34 	5783.726637	4367.198690	1416.527947
 35-39 	6836.893947	4839.676256	1997.217691
 40-44 	8659.062613	5940.489716	2718.572897
 45-49 	12335.042125	8418.886015	3916.156110
 50-54 	12347.898932	7917.370566	4430.528366
 55-59 	16855.857793	10387.580919	6468.276875
 60-64 	19627.961888	12857.060717	6770.901171
 65-69 	30180.324908	18175.404740	12004.920167
 70-74 	33941.965165	18579.540439	15362.424726
 75-79 	35814.221715	17288.955845	18525.265870
 80+ 	54042.439327	17535.590708	36506.848618
Total	401505.301234	224468.910007	177036.391227
1980			
 0-4	103933.492418	58148.875800	45784.616618
 5-9	16795.308772	10111.142676	6684.166096
 10-14 	14659.814750	9145.140946	5514.673805
 15-19 	11722.025198	8078.564497	3643.460701
 20-24 	8173.746682	5461.571476	2712.175206
 25-29 	8401.357583	6386.656736	2014.700847
 30-34 	6030.188243	4567.171796	1463.016446
 35-39 	6687.755104	4739.320209	1948.434894
 40-44 	8287.288208	5679.413517	2607.874692
 45-49 	12224.055961	8347.178121	3876.877841
 50-54 	12402.528999	7988.285395	4414.243604
 55-59 	16968.090922	10474.073134	6494.017789
 60-64 	19604.598583	12824.721424	6779.877159
 65-69 	30507.772344	18433.853622	12073.918722
 70-74 	34160.910492	18802.402370	15358.508122
 75-79 	36744.210709	17892.064120	18852.146589
 80+ 	57236.442392	18956.227462	38280.214931
Total	404539.587362	226036.663302	178502.924060
1981			
 0-4	103148.188802	57483.967272	45664.221530
 5-9	16270.309113	9811.971384	6458.337729
 10-14 	14285.570682	8922.339185	5363.231496
 15-19 	11680.275195	8082.130524	3598.144671
 20-24 	8359.246302	5619.991215	2739.255087
 25-29 	8870.711786	6762.166531	2108.545255
 30-34 	6417.616368	4878.668812	1538.947555
 35-39 	6601.131940	4681.618676	1919.513263
 40-44 	7998.244566	5478.495690	2519.748876
 45-49 	11987.836690	8189.426620	3798.410070
 50-54 	12584.938930	8141.569045	4443.369885
 55-59 	17016.256663	10527.265342	6488.991322
 60-64 	19770.320699	12907.631867	6862.688832
 65-69 	30650.516042	18585.273405	12065.242637
 70-74 	34741.522509	19216.433973	15525.088536
 75-79 	37267.778616	18274.183596	18993.595020
 80+ 	60858.756472	20554.541003	40304.215468
Total	408509.221375	228117.674143	180391.547231
1982			
 0-4	102464.869949	56923.706962	45541.162987
 5-9	15665.810857	9471.073657	6194.737200
 10-14 	13863.213946	8667.756533	5195.457413
 15-19 	11589.778660	8050.480977	3539.297683
 20-24 	8503.319354	5751.315428	2752.003926
 25-29 	9265.244975	7075.178296	2190.066680
 30-34 	6911.861507	5274.829748	1637.031759
 35-39 	6535.957480	4637.109348	1898.848132
 40-44 	7767.164518	5319.863256	2447.301263
 45-49 	11580.700567	7915.333827	3665.366740
 50-54 	12883.848835	8373.090961	4510.757874
 55-59 	16940.397907	10515.301340	6425.096567
 60-64 	20097.007786	13083.904955	7013.102831
 65-69 	30501.049090	18564.833501	11936.215589
 70-74 	35612.444294	19785.124532	15827.319762
 75-79 	37264.120153	18386.820987	18877.299166
 80+ 	64748.703408	22265.874190	42482.829217
Total	412195.493285	230061.598498	182133.894787
1983			
 0-4	101760.081146	56401.542442	45358.538703
 5-9	15008.287020	9103.349065	5904.937955
 10-14 	13392.229887	8378.315465	5013.914422
 15-19 	11451.074240	7979.995759	3471.078481
 20-24 	8602.969980	5852.163339	2750.806641
 25-29 	9577.074089	7319.346192	2257.727897
 30-34 	7452.787499	5704.097966	1748.689533
 35-39 	6525.691558	4632.108139	1893.583419
 40-44 	7584.953400	5195.661428	2389.291971
 45-49 	11068.954207	7569.101613	3499.852595
 50-54 	13206.118668	8618.320426	4587.798241
 55-59 	16811.434224	10477.449396	6333.984828
 60-64 	20494.242680	13296.899178	7197.343502
 65-69 	30200.323220	18450.268505	11750.054715
 70-74 	36575.475638	20400.697112	16174.778526
 75-79 	37015.369533	18371.693835	18643.675698
 80+ 	68722.326733	23994.056127	44728.270605
Total	415449.393725	231745.065990	183704.327735
1984			
 0-4	100988.850075	55867.178050	45121.672025
 5-9	14383.106430	8758.989967	5624.116463
 10-14 	12923.049943	8089.177501	4833.872441
 15-19 	11286.417087	7886.275871	3400.141216
 20-24 	8676.430526	5930.747427	2745.683099
 25-29 	9830.661059	7514.919314	2315.741744
 30-34 	7972.214142	6111.183953	1861.030190
 35-39 	6640.571039	4722.350577	1918.220462
 40-44 	7448.761218	5101.798144	2346.963074
 45-49 	10576.262872	7235.581136	3340.681736
 50-54 	13423.634613	8790.356599	4633.278014
 55-59 	16774.104527	10497.189068	6276.915459
 60-64 	20850.008005	13483.001382	7367.006623
 65-69 	30026.907513	18399.359227	11627.548286
 70-74 	37380.304573	20928.501497	16451.803076
 75-79 	36986.863704	18457.256394	18529.607310
 80+ 	72509.801331	25612.681687	46897.119644
Total	418677.948656	233386.547795	185291.400861
1985			
 0-4	100008.237835	55241.977915	44766.259920
 5-9	13805.582386	8445.553635	5360.028751
 10-14 	12464.246078	7809.918119	4654.327959
 15-19 	11077.458804	7756.771421	3320.687383
 20-24 	8731.987109	5996.286880	2735.700229
 25-29 	10038.478081	7676.233796	2362.244285
 30-34 	8424.820302	6460.452109	1964.368193
 35-39 	6906.315738	4928.964318	1977.351420
 40-44 	7351.124044	5034.059125	2317.064919
 45-49 	10163.734939	6958.118944	3205.615996
 50-54 	13456.883732	8839.269058	4617.614674
 55-59 	16898.724810	10619.585336	6279.139474
 60-64 	21086.089564	13599.897344	7486.192220
 65-69 	30114.067832	18487.973194	11626.094638
 70-74 	37852.178448	21277.922736	16574.255712
 75-79 	37383.282451	18748.023660	18635.258791
 80+ 	75862.453262	27028.786210	48833.667052
Total	421625.665414	234909.793798	186715.871616
1986			
 0-4	98714.279607	54465.566387	44248.713219
 5-9	13284.034228	8165.090442	5118.943786
 10-14 	11973.716065	7510.825587	4462.890478
 15-19 	10864.956918	7623.850730	3241.106188
 20-24 	8772.689577	6052.244470	2720.445107
 25-29 	10201.745647	7803.409950	2398.335697
 30-34 	8821.328330	6763.236860	2058.091471
 35-39 	7310.272509	5241.800845	2068.471664
 40-44 	7296.370887	4996.641136	2299.729751
 45-49 	9823.572692	6732.978049	3090.594643
 50-54 	13328.177495	8782.811159	4545.366336
 55-59 	17176.292024	10842.221532	6334.070493
 60-64 	21218.836385	13661.013945	7557.822440
 65-69 	30435.615341	18700.528135	11735.087207
 70-74 	38039.394964	21474.983012	16564.411951
 75-79 	38123.256538	19209.055550	18914.200988
 80+ 	78799.169693	28265.697624	50533.472069
Total	424183.708899	236291.955411	187891.753488
1987			
 0-4	97034.530906	53498.809281	43535.721624
 5-9	12800.620034	7906.184270	4894.435764
 10-14 	11465.237285	7203.592472	4261.644813
 15-19 	10649.922140	7491.493223	3158.428917
 20-24 	8802.974694	6105.425000	2697.549694
 25-29 	10326.001865	7904.636324	2421.365541
 30-34 	9167.141995	7025.073217	2142.068778
 35-39 	7855.137564	5664.240095	2190.897468
 40-44 	7275.599447	4984.337912	2291.261535
 45-49 	9566.124141	6568.723186	2997.400955
 50-54 	13027.408506	8616.868505	4410.540001
 55-59 	17632.995902	11185.844899	6447.151002
 60-64 	21220.482283	13654.542410	7565.939873
 65-69 	31016.341264	19052.049761	11964.291503
 70-74 	37914.731145	21507.290839	16407.440306
 75-79 	39222.924281	19850.496933	19372.427348
 80+ 	81397.416775	29360.113428	52037.303348
Total	426375.590226	237579.721754	188795.868472
1988			
 0-4	95098.195366	52447.745763	42650.449602
 5-9	12341.804089	7662.005132	4679.798957
 10-14 	10955.217262	6896.757645	4058.459617
 15-19 	10423.431592	7352.976910	3070.454682
 20-24 	8822.034874	6153.918546	2668.116328
 25-29 	10416.822651	7982.756350	2434.066300
 30-34 	9463.540912	7248.276105	2215.264807
 35-39 	8478.453558	6146.722417	2331.731142
 40-44 	7332.100220	5029.777632	2302.322588
 45-49 	9380.794068	6457.212962	2923.581106
 50-54 	12616.031058	8380.347434	4235.683624
 55-59 	18143.053343	11567.435954	6575.617389
 60-64 	21172.676613	13629.065073	7543.611540
 65-69 	31722.592554	19468.274177	12254.318377
 70-74 	37656.099343	21467.395778	16188.703565
 75-79 	40453.478358	20561.984576	19891.493782
 80+ 	83802.449265	30381.950310	53420.498955
Total	428278.775125	238834.602764	189444.172361
1989			
 0-4	92959.290019	51354.550209	41604.739810
 5-9	11896.218324	7425.031381	4471.186943
 10-14 	10465.751542	6603.837990	3861.913552
 15-19 	10190.774898	7211.617962	2979.156936
 20-24 	8819.316055	6188.399885	2630.916169
 25-29 	10477.172268	8038.210767	2438.961501
 30-34 	9718.043805	7440.375912	2277.667893
 35-39 	9088.440086	6617.059285	2471.380800
 40-44 	7531.345177	5184.048214	2347.296964
 45-49 	9247.128489	6381.727351	2865.401137
 50-54 	12204.940395	8143.107753	4061.832642
 55-59 	18509.199895	11856.719917	6652.479979
 60-64 	21229.957671	13677.086668	7552.871002
 65-69 	32343.437795	19832.300981	12511.136814
 70-74 	37555.763647	21504.931747	16050.831901
 75-79 	41475.470614	21177.472841	20297.997773
 80+ 	86308.327166	31450.477594	54857.849572
Total	430020.577840	240086.956452	189933.621388
1990			
 0-4	90400.111407	50063.810519	40336.300887
 5-9	11453.143791	7188.459612	4264.684180
 10-14 	10011.010071	6333.956143	3677.053928
 15-19 	9963.218238	7076.487920	2886.730318
 20-24 	8782.619801	6198.619732	2584.000069
 25-29 	10513.736966	8076.061939	2437.675027
 30-34 	9941.964629	7610.729584	2331.235044
 35-39 	9633.011583	7035.221477	2597.790106
 40-44 	7909.404857	5475.020606	2434.384251
 45-49 	9162.337191	6339.175376	2823.161815
 50-54 	11875.095309	7959.408740	3915.686568
 55-59 	18620.445604	11981.407583	6639.038020
 60-64 	21493.465831	13862.923979	7630.541852
 65-69 	32758.752283	20082.460689	12676.291593
 70-74 	37785.594068	21707.545213	16078.048855
 75-79 	42111.539611	21609.577664	20501.961946
 80+ 	89145.289023	32651.996596	56493.292427
Total	431560.740267	241252.863380	190307.876886
1991			
 0-4	87165.904213	48396.623314	38769.280899
 5-9	11001.828973	6943.683754	4058.145219
 10-14 	9599.220260	6092.056145	3507.164115
 15-19 	9710.227401	6921.660828	2788.566573
 20-24 	8750.528482	6214.794535	2535.733946
 25-29 	10530.810703	8099.391280	2431.419424
 30-34 	10132.167210	7758.327962	2373.839248
 35-39 	10120.998221	7409.206924	2711.791297
 40-44 	8455.958438	5895.497498	2560.460940
 45-49 	9135.313134	6337.253444	2798.059690
 50-54 	11623.632836	7827.971160	3795.661676
 55-59 	18503.144018	11957.816343	6545.327675
 60-64 	21958.108366	14185.182540	7772.925826
 65-69 	32991.089239	20235.458516	12755.630723
 70-74 	38310.883254	22053.185660	16257.697594
 75-79 	42435.208786	21889.912121	20545.296665
 80+ 	92329.573399	33986.985100	58342.588299
Total	432754.596935	242205.007127	190549.589808
1992			
 0-4	83034.344454	46191.315079	36843.029375
 5-9	10540.567236	6688.067149	3852.500086
 10-14 	9229.590537	5875.437162	3354.153375
 15-19 	9447.771619	6759.154667	2688.616952
 20-24 	8728.709999	6239.344652	2489.365347
 25-29 	10537.475684	8115.655714	2421.819970
 30-34 	10291.495871	7884.645314	2406.850558
 35-39 	10553.907857	7740.067677	2813.840180
 40-44 	9181.650138	6453.306642	2728.343496
 45-49 	9159.693309	6370.643288	2789.050021
 50-54 	11467.536582	7761.718184	3705.818398
 55-59 	18147.921395	11779.314293	6368.607102
 60-64 	22677.710777	14680.103416	7997.607361
 65-69 	33006.847686	20274.870027	12731.977659
 70-74 	39169.164932	22558.295684	16610.869248
 75-79 	42436.331807	22010.878165	20425.453643
 80+ 	95827.984823	35447.105963	60380.878859
Total	433438.704710	242829.923084	190608.781625
1993			
 0-4	77186.002252	42996.714438	34189.287814
 5-9	10052.822237	6412.813400	3640.008837
 10-14 	8886.685471	5676.353470	3210.332001
 15-19 	9187.132374	6596.694331	2590.438043
 20-24 	8714.203102	6270.239475	2443.963627
 25-29 	10543.995574	8131.359573	2412.636001
 30-34 	10424.885320	7994.064771	2430.820549
 35-39 	10937.965778	8034.893904	2903.071874
 40-44 	10018.786742	7099.007231	2919.779510
 45-49 	9290.158901	6482.403196	2807.755705
 50-54 	11406.100358	7761.088248	3645.012109
 55-59 	17646.539483	11505.499851	6141.039632
 60-64 	23491.140664	15238.301426	8252.839238
 65-69 	32948.790686	20288.200244	12660.590442
 70-74 	40194.798440	23139.646856	17055.151583
 75-79 	42326.417215	22074.596223	20251.820993
 80+ 	99518.879082	36979.133041	62539.746041
Total	432775.303667	242681.009673	190094.293995
1994			
 0-4	69724.766041	38882.146953	30842.619088
 5-9	9544.576616	6122.585771	3421.990845
 10-14 	8558.924646	5487.269607	3071.655040
 15-19 	8942.776031	6446.576400	2496.199631
 20-24 	8706.983131	6306.951015	2400.032117
 25-29 	10542.054042	8141.194340	2400.859702
 30-34 	10543.486351	8093.727790	2449.758561
 35-39 	11284.734611	8304.935732	2979.798879
 40-44 	10859.484426	7749.831047	3109.653379
 45-49 	9609.259047	6738.055567	2871.203480
 50-54 	11415.508299	7809.342450	3606.165849
 55-59 	17151.289026	11235.559391	5915.729635
 60-64 	24124.591007	15676.023713	8448.567294
 65-69 	33052.999060	20414.005606	12638.993454
 70-74 	41110.468471	23657.810893	17452.657578
 75-79 	42425.709042	22232.871707	20192.837335
 80+ 	103128.818835	38470.619677	64658.199159
Total	430726.428704	241769.507667	188956.921037
1995			
 0-4	61863.833634	34526.198277	27337.635356
 5-9	9041.709838	5832.856779	3208.853060
 10-14 	8236.229073	5301.843711	2934.385362
 15-19 	8724.695235	6314.498797	2410.196438
 20-24 	8722.248980	6360.432964	2361.816016
 25-29 	10523.643650	8136.754580	2386.889070
 30-34 	10654.672795	8188.101791	2466.571004
 35-39 	11605.323328	8559.367781	3045.955547
 40-44 	11636.654316	8352.484066	3284.170250
 45-49 	10162.157658	7174.880374	2987.277283
 50-54 	11485.051146	7897.688070	3587.363075
 55-59 	16769.385058	11038.763697	5730.621361
 60-64 	24423.516776	15890.312818	8533.203958
 65-69 	33461.969382	20730.826472	12731.142910
 70-74 	41758.819414	24033.844416	17724.974999
 75-79 	42918.852520	22567.080216	20351.772304
 80+ 	106456.907852	39839.948984	66616.958868
Total	428445.670645	240745.883784	187699.786861
1996			
 0-4	54812.050293	30606.019063	24206.031231
 5-9	8553.638356	5547.417358	3006.220998
 10-14 	7910.558961	5112.485736	2798.073225
 15-19 	8543.725683	6206.374765	2337.350917
 20-24 	8724.122026	6403.251174	2320.870851
 25-29 	10525.338322	8145.238772	2380.099551
 30-34 	10759.635075	8277.968549	2481.666526
 35-39 	11891.689945	8791.615268	3100.074677
 40-44 	12355.609793	8912.012816	3443.596977
 45-49 	10940.147837	7785.470926	3154.676912
 50-54 	11623.634966	8031.920012	3591.714953
 55-59 	16492.705018	10909.094267	5583.610751
 60-64 	24413.579322	15896.434548	8517.144774
 65-69 	34156.515195	21221.657015	12934.858180
 70-74 	42162.283005	24281.158006	17881.125000
 75-79 	43750.726231	23043.278977	20707.447254
 80+ 	109502.925172	41089.496605	68413.428567
Total	427118.885167	240260.893792	186857.991375
1997			
 0-4	49615.965336	27708.260853	21907.704483
 5-9	8086.971811	5269.146173	2817.825638
 10-14 	7574.285541	4914.370366	2659.915175
 15-19 	8386.681049	6114.475117	2272.205933
 20-24 	8723.322631	6442.073129	2281.249502
 25-29 	10549.209686	8167.789225	2381.420461
 30-34 	10865.070982	8365.292856	2499.778126
 35-39 	12144.538301	9000.868374	3143.669927
 40-44 	13013.297085	9423.304908	3589.992176
 45-49 	11954.181581	8579.668137	3374.513444
 50-54 	11817.915429	8200.107076	3617.808353
 55-59 	16341.328749	10860.439114	5480.889635
 60-64 	24062.103201	15672.808660	8389.294541
 65-69 	35186.265964	21911.394241	13274.871723
 70-74 	42264.143401	24369.449753	17894.693648
 75-79 	44944.281296	23664.653392	21279.627904
 80+ 	112314.820580	42231.056399	70083.764180
Total	427844.382558	240895.157718	186949.224840
1998			
 0-4	45726.287674	25537.107574	20189.180100
 5-9	7597.120441	4970.320920	2626.799521
 10-14 	7229.872814	4708.117001	2521.755813
 15-19 	8249.388308	6034.546712	2214.841596
 20-24 	8732.859325	6486.226196	2246.633129
 25-29 	10599.333273	8206.978969	2392.354303
 30-34 	10981.856641	8458.623734	2523.232907
 35-39 	12377.964524	9197.145382	3180.819142
 40-44 	13619.945534	9897.347427	3722.598107
 45-49 	13125.895378	9496.266146	3629.629232
 50-54 	12144.561799	8462.895587	3681.666212
 55-59 	16305.473687	10884.786795	5420.686892
 60-64 	23478.199309	15294.606651	8183.592658
 65-69 	36306.241252	22639.695387	13666.545865
 70-74 	42248.572055	24399.436120	17849.135935
 75-79 	46296.381419	24332.480163	21963.901255
 80+ 	115019.205427	43318.137307	71701.068121
Total	430039.158789	242324.717960	187714.440829
1999			
 0-4	42188.847736	23565.355377	18623.492359
 5-9	7043.741237	4627.296617	2416.444620
 10-14 	6877.002213	4496.112526	2380.889686
 15-19 	8122.133046	5961.404149	2160.728898
 20-24 	8766.964460	6545.367282	2221.597178
 25-29 	10686.932819	8270.758507	2416.174312
 30-34 	11111.925575	8559.729553	2552.196022
 35-39 	12623.313649	9403.533194	3219.780455
 40-44 	14208.696342	10364.110971	3844.585371
 45-49 	14333.214857	10440.316285	3892.898573
 50-54 	12730.193464	8920.033484	3810.159980
 55-59 	16344.789329	10952.615401	5392.173928
 60-64 	22862.602100	14895.204194	7967.397907
 65-69 	37112.920636	23150.820540	13962.100096
 70-74 	42420.504266	24531.811664	17888.692603
 75-79 	47488.937920	24897.750584	22591.187336
 80+ 	117903.159376	44467.798743	73435.360633
Total	432825.879175	244050.019216	188775.859960
2000			
 0-4	39145.293719	21866.451795	17278.841924
 5-9	6438.123779	4244.618937	2193.504842
 10-14 	6516.238951	4276.613701	2239.625250
 15-19 	7991.405482	5884.297730	2107.107752
 20-24 	8835.656783	6625.851962	2209.804820
 25-29 	10822.337745	8367.851611	2454.486134
 30-34 	11245.552851	8657.602835	2587.950016
 35-39 	12896.096917	9633.641397	3262.455520
 40-44 	14799.799656	10841.783546	3958.016110
 45-49 	15495.557024	11350.434686	4145.122338
 50-54 	13656.114560	9637.211402	4018.903158
 55-59 	16442.564735	11049.150014	5393.414722
 60-64 	22347.472324	14557.160148	7790.312175
 65-69 	37344.909856	23281.373996	14063.535860
 70-74 	42936.447966	24840.971896	18095.476070
 75-79 	48336.777278	25274.902919	23061.874359
 80+ 	121204.675090	45768.229918	75436.445172
Total	436455.025160	246158.148931	190296.876229
2001			
 0-4	36741.010394	20520.689712	16220.320682
 5-9	5810.077388	3842.785478	1967.291910
 10-14 	6146.059059	4050.471877	2095.587182
 15-19 	7846.979570	5797.274011	2049.705559
 20-24 	8943.337805	6735.900765	2207.437039
 25-29 	10969.999049	8465.867813	2504.131236
 30-34 	11431.648305	8792.357259	2639.291046
 35-39 	13208.164226	9894.165977	3313.998249
 40-44 	15393.280781	11332.168501	4061.112280
 45-49 	16628.936487	12239.554651	4389.381836
 50-54 	14930.291125	10622.765858	4307.525267
 55-59 	16623.823389	11192.721862	5431.101527
 60-64 	21919.422576	14270.182262	7649.240315
 65-69 	37034.543479	23058.264997	13976.278482
 70-74 	43751.850329	25299.277634	18452.572695
 75-79 	48867.233558	25479.159661	23388.073897
 80+ 	124947.913602	47219.938668	77727.974934
Total	441194.571529	248813.547263	192381.024266
2002			
 0-4	35100.295620	19599.996757	15500.298862
 5-9	5220.846262	3460.556567	1760.289695
 10-14 	5766.170325	3815.921816	1950.248509
 15-19 	7687.630830	5700.148136	1987.482693
 20-24 	9086.872487	6870.912374	2215.960113
 25-29 	11144.108323	8577.590520	2566.517803
 30-34 	11676.130178	8967.316517	2708.813660
 35-39 	13558.754412	10184.144375	3374.610037
 40-44 	15978.261924	11826.442188	4151.819736
 45-49 	17716.721311	13096.146890	4620.574421
 50-54 	16588.850950	11907.960771	4680.890180
 55-59 	16898.128713	11393.143707	5504.985005
 60-64 	21624.123567	14065.708339	7558.415228
 65-69 	36171.082761	22487.674577	13683.408184
 70-74 	44948.297478	25962.388742	18985.908736
 75-79 	49028.148671	25496.186230	23531.962441
 80+ 	129082.446823	48801.056064	80281.390759
Total	447276.871135	252213.294963	195063.576172
2003			
 0-4	34174.092489	19095.913876	15078.178613
 5-9	4700.240476	3122.268954	1577.971522
 10-14 	5323.725479	3541.635591	1782.089889
 15-19 	7487.162601	5579.221507	1907.941094
 20-24 	9244.388320	7023.264294	2221.124026
 25-29 	11347.872276	8708.063133	2639.809143
 30-34 	11963.975425	9171.504657	2792.470768
 35-39 	13932.685332	10491.856262	3440.829071
 40-44 	16539.750053	12317.843117	4221.906935
 45-49 	18744.108954	13916.656832	4827.452122
 50-54 	18527.616805	13417.450769	5110.166036
 55-59 	17409.980978	11769.059006	5640.921972
 60-64 	21483.173035	13960.889548	7522.283487
 65-69 	34972.871943	21717.011538	13255.860405
 70-74 	46244.715071	26676.404297	19568.310774
 75-79 	49060.140630	25463.009665	23597.130965
 80+ 	133452.882316	50433.559154	83019.323162
Total	454609.381767	256405.611730	198203.770037
2004			
 0-4	33727.774271	18879.470157	14848.304114
 5-9	4266.277981	2840.856016	1425.421964
 10-14 	4820.806524	3226.291982	1594.514542
 15-19 	7252.805154	5437.449662	1815.355492
 20-24 	9397.112245	7181.483439	2215.628806
 25-29 	11595.408363	8867.847887	2727.560476
 30-34 	12284.976304	9397.802908	2887.173396
 35-39 	14301.365021	10795.995738	3505.369283
 40-44 	17073.294635	12798.814428	4274.480207
 45-49 	19709.038724	14705.567301	5003.471423
 50-54 	20548.328424	14999.407067	5548.921358
 55-59 	18342.197390	12466.528029	5875.669361
 60-64 	21471.346485	13939.154100	7532.192385
 65-69 	33768.656043	20951.516487	12817.139556
 70-74 	47151.574722	27158.821058	19992.753665
 75-79 	49337.279502	25572.264509	23765.014993
 80+ 	137775.616683	51996.664205	85778.952478
Total	462823.859095	261215.935299	201607.923796
2005			
 0-4	33582.403228	18826.995742	14755.407487
 5-9	3946.892744	2631.216268	1315.676476
 10-14 	4314.455956	2903.462773	1410.993182
 15-19 	7016.670649	5292.881441	1723.789208
 20-24 	9526.720603	7323.948450	2202.772153
 25-29 	11875.551053	9048.825596	2826.725457
 30-34 	12617.205896	9631.661661	2985.544235
 35-39 	14606.878995	11040.414277	3566.464718
 40-44 	17555.455557	13236.814771	4318.640786
 45-49 	20594.918825	15438.506880	5156.411945
 50-54 	22475.335170	16510.364753	5964.970417
 55-59 	19775.040569	13546.154984	6228.885585
 60-64 	21569.588883	13985.475725	7584.113158
 65-69 	32759.621880	20310.647066	12448.974814
 70-74 	47355.093565	27225.315436	20129.778130
 75-79 	50056.633477	25915.585913	24141.047564
 80+ 	141859.617500	53423.437828	88436.179672
Total	471488.083590	266291.708768	205196.374822
2006			
 0-4	33519.877214	18793.049867	14726.827347
 5-9	3735.327924	2490.359083	1244.968840
 10-14 	3864.758568	2608.885987	1255.872581
 15-19 	6807.351853	5158.539222	1648.812631
 20-24 	9614.401441	7433.444628	2180.956813
 25-29 	12086.511327	9182.193625	2904.317702
 30-34 	12787.827366	9740.866141	3046.961224
 35-39 	14770.608906	11165.626874	3604.982032
 40-44 	17861.791111	13523.474861	4338.316250
 45-49 	21263.793950	15997.808639	5265.985311
 50-54 	24204.579263	17861.960264	6342.618999
 55-59 	21652.922084	14960.830355	6692.091728
 60-64 	21796.045354	14110.114465	7685.930889
 65-69 	31916.094241	19770.505227	12145.589015
 70-74 	46904.803604	26906.346165	19998.457439
 75-79 	51156.588477	26453.260704	24703.327774
 80+ 	145703.392582	54721.756286	90981.636296
Total	479646.674178	270879.021376	208767.652802
2007			
 0-4	33252.704415	18597.131522	14655.572894
 5-9	3609.904319	2400.346483	1209.557836
 10-14 	3516.081357	2373.399730	1142.681627
 15-19 	6638.857067	5041.633301	1597.223766
 20-24 	9648.280739	7505.041370	2143.239368
 25-29 	12150.978721	9296.429884	2854.548837
 30-34 	12763.648460	9782.098936	2981.549524
 35-39 	14780.183408	11232.697591	3547.485818
 40-44 	17995.986613	13713.666525	4282.320088
 45-49 	21700.649076	16422.787024	5277.862051
 50-54 	25667.835839	19032.460427	6635.375412
 55-59 	23958.125275	16702.076128	7256.049148
 60-64 	22128.530111	14296.908044	7831.622067
 65-69 	31271.738069	19350.290896	11921.447174
 70-74 	45757.881573	26179.454307	19578.427265
 75-79 	52692.827955	27205.178452	25487.649503
 80+ 	149347.505492	55901.857535	93445.647957
Total	486881.718529	275033.458149	211848.260381
2008			
 0-4	32623.189474	18139.522050	14483.667424
 5-9	3529.850201	2336.116205	1193.733996
 10-14 	3263.999284	2195.354482	1068.644803
 15-19 	6481.124587	4923.134332	1557.990255
 20-24 	9642.397009	7526.029438	2116.367570
 25-29 	12169.612538	9334.904795	2834.707743
 30-34 	12671.418903	9723.258347	2948.160556
 35-39 	14711.849739	11179.316729	3532.533010
 40-44 	18018.789595	13748.267086	4270.522510
 45-49 	21977.145799	16657.053817	5320.091982
 50-54 	26852.040403	19931.665428	6920.374975
 55-59 	26465.284157	18559.619627	7905.664530
 60-64 	22655.367680	14606.655298	8048.712382
 65-69 	30793.657834	19013.948799	11779.709035
 70-74 	44154.067197	25184.283448	18969.783749
 75-79 	54294.660606	27964.618972	26330.041635
 80+ 	152922.500801	57034.589276	95887.911525
Total	493226.955649	278058.337867	215168.617782
2009			
 0-4	31762.472402	17516.361651	14246.110751
 5-9	3464.140569	2282.616524	1181.524045
 10-14 	3070.822227	2058.553451	1012.268775
 15-19 	6271.415817	4765.208725	1506.207091
 20-24 	9593.489531	7504.764420	2088.725111
 25-29 	12130.074071	9344.747936	2785.326134
 30-34 	12542.147422	9642.740430	2899.406992
 35-39 	14584.522271	11086.345238	3498.177032
 40-44 	17930.773682	13688.693069	4242.080612
 45-49 	22118.834918	16782.823547	5336.011371
 50-54 	27777.805367	20608.406839	7169.398528
 55-59 	28869.790255	20301.293089	8568.497166
 60-64 	23582.596459	15196.194164	8386.402295
 65-69 	30439.545704	18729.302718	11710.242986
 70-74 	42522.759753	24179.997023	18342.762730
 75-79 	55386.446157	28434.921709	26951.524448
 80+ 	156771.439373	58274.407030	98497.032343
Total	498819.077594	280397.379130	218421.698464
2010			
 0-4	30816.144774	16841.007545	13975.137229
 5-9	3419.925411	2244.179199	1175.746212
 10-14 	2941.354469	1964.799448	976.555020
 15-19 	5996.319680	4557.263511	1439.056169
 20-24 	9534.642709	7480.587384	2054.055326
 25-29 	12268.976067	9584.251735	2684.724332
 30-34 	12678.347543	9860.954169	2817.393374
 35-39 	14790.743572	11364.244060	3426.499512
 40-44 	18078.675305	13901.181753	4177.493552
 45-49 	22490.978138	17166.854355	5324.123783
 50-54 	28702.892711	21331.412325	7371.480387
 55-59 	31077.464095	21887.005003	9190.459092
 60-64 	25097.938773	16211.529748	8886.409025
 65-69 	30255.055140	18540.039293	11715.015847
 70-74 	41164.858093	23351.708645	17813.149448
 75-79 	55636.671884	28462.863936	27173.807948
 80+ 	161193.732372	59739.890519	101453.841853
Total	506144.722396	284489.773988	221654.948408
2011			
 0-4	29916.755464	16217.971405	13698.784059
 5-9	3397.222539	2224.933359	1172.289180
 10-14 	2867.825270	1910.005879	957.819391
 15-19 	5664.183879	4302.665206	1361.518673
 20-24 	9465.945711	7416.466388	2049.479323
 25-29 	12494.815659	9642.921550	2851.894109
 30-34 	12955.044309	9942.058610	3012.985699
 35-39 	14971.005344	11349.426046	3621.579298
 40-44 	18187.546962	13859.459528	4328.087434
 45-49 	22772.905783	17282.620058	5490.285724
 50-54 	29466.752321	21815.793527	7650.958794
 55-59 	33068.364444	23249.115196	9819.249248
 60-64 	27190.116912	17628.144943	9561.971969
 65-69 	30304.922174	18492.802258	11812.119916
 70-74 	40069.088685	22694.289761	17374.798924
 75-79 	55144.125233	28125.511976	27018.613257
 80+ 	166176.739332	61418.394439	104758.344894
Total	514113.360837	287572.580811	226540.780026
2012			
 0-4	29086.927105	15686.859862	13400.067243
 5-9	3388.080758	2220.581574	1167.499185
 10-14 	2825.064302	1878.769485	946.294817
 15-19 	5297.179618	4020.290870	1276.888748
 20-24 	9348.633638	7330.112868	2018.520770
 25-29 	12507.491680	9708.315630	2799.176050
 30-34 	13108.388870	10091.730155	3016.658714
 35-39 	14972.384253	11375.629532	3596.754722
 40-44 	18188.634276	13866.949258	4321.685017
 45-49 	22912.656336	17412.886583	5499.769753
 50-54 	30037.627248	22245.632253	7791.994995
 55-59 	34824.410553	24467.568082	10356.842471
 60-64 	29917.946158	19508.981360	10408.964798
 65-69 	30579.124070	18587.367544	11991.756526
 70-74 	39281.643247	22231.986819	17049.656428
 75-79 	53883.436321	27424.992402	26458.443919
 80+ 	171622.190421	63291.277825	108330.912596
Total	521781.818537	291349.932271	230431.886266
2013			
 0-4	28444.564787	15324.513007	13120.051780
 5-9	3396.236872	2233.856750	1162.380122
 10-14 	2803.902387	1862.847999	941.054388
 15-19 	4951.633836	3752.926305	1198.707531
 20-24 	9165.355427	7198.224540	1967.130888
 25-29 	12422.926593	9739.715937	2683.210656
 30-34 	13189.187144	10249.450114	2939.737030
 35-39 	14900.854973	11404.799418	3496.055556
 40-44 	18133.263170	13870.926533	4262.336637
 45-49 	22980.951780	17517.921841	5463.029939
 50-54 	30468.377270	22604.939879	7863.437391
 55-59 	36350.940477	25535.986443	10814.954035
 60-64 	33054.781670	21687.473765	11367.307905
 65-69 	31258.371068	18955.062328	12303.308740
 70-74 	38781.017251	21934.982087	16846.035164
 75-79 	52145.920120	26513.864533	25632.055587
 80+ 	177257.480202	65235.292175	112022.188027
Total	529705.762892	295622.781378	234082.981513
2014			
 0-4	27857.068052	15039.090333	12817.977720
 5-9	3402.321645	2251.428250	1150.893394
 10-14 	2794.266824	1858.578779	935.688045
 15-19 	4670.408079	3528.736525	1141.671554
 20-24 	8864.842245	6955.563764	1909.278481
 25-29 	12201.969462	9486.412006	2715.557456
 30-34 	13077.637524	10041.190431	3036.447093
 35-39 	14573.389978	10990.624401	3582.765577
 40-44 	17788.718418	13446.729826	4341.988592
 45-49 	22715.806498	17176.259116	5539.547382
 50-54 	30604.226506	22620.343770	7983.882736
 55-59 	37576.817481	26334.359767	11242.457714
 60-64 	36161.431436	23821.693905	12339.737532
 65-69 	32608.344019	19781.403545	12826.940475
 70-74 	38490.566122	21740.929970	16749.636152
 75-79 	50406.310491	25626.823455	24779.487036
 80+ 	182459.417619	66983.959446	115475.458173
Total	536253.542008	297684.127295	238569.414712
2015			
 0-4	27306.589553	14789.736039	12516.853513
 5-9	3399.379598	2265.035528	1134.344071
 10-14 	2794.183045	1861.722738	932.460307
 15-19 	4469.067995	3369.439044	1099.628951
 20-24 	8467.928481	6637.676165	1830.252316
 25-29 	12111.400274	9396.869255	2714.531020
 30-34 	13155.695656	10059.976833	3095.718824
 35-39 	14571.969391	10927.109813	3644.859578
 40-44 	17750.508281	13346.741474	4403.766807
 45-49 	22644.703468	17063.918591	5580.784877
 50-54 	30825.956015	22749.556563	8076.399452
 55-59 	38685.454197	27082.693465	11602.760731
 60-64 	39026.261057	25781.530015	13244.731041
 65-69 	34799.490359	21192.218814	13607.271545
 70-74 	38409.196258	21649.969884	16759.226374
 75-79 	48975.766620	24913.646063	24062.120557
 80+ 	186663.770040	68319.482643	118344.287397
Total	544057.320666	301407.322921	242649.997745
2016			
 0-4	26648.456667	14470.041417	12178.415250
 5-9	3381.210021	2265.064507	1116.145514
 10-14 	2794.518042	1867.066739	927.451303
 15-19 	4342.063917	3267.493930	1074.569987
 20-24 	7987.582299	6258.693842	1728.888457
 25-29 	12033.361439	9348.686916	2684.674523
 30-34 	13276.732337	10164.880063	3111.852275
 35-39 	14708.891350	11027.843084	3681.048266
 40-44 	17763.527218	13331.291989	4432.235229
 45-49 	22655.297909	17051.297544	5604.000365
 50-54 	31027.919808	22888.815122	8139.104685
 55-59 	39613.525435	27724.405922	11889.119513
 60-64 	41626.069767	27547.743814	14078.325954
 65-69 	37791.458079	23153.873666	14637.584413
 70-74 	38599.405915	21703.364395	16896.041520
 75-79 	47827.580876	24350.037339	23477.543536
 80+ 	189790.570023	69240.642635	120549.927389
Total	551868.170768	305661.242532	246206.928235
2017			
 0-4	25850.914893	14025.193147	11825.721745
 5-9	3335.596431	2240.736489	1094.859941
 10-14 	2791.584969	1868.032874	923.552095
 15-19 	4260.415465	3200.010690	1060.404775
 20-24 	7472.856325	5853.255844	1619.600482
 25-29 	11901.001761	9252.640619	2648.361142
 30-34 	13359.577856	10237.440325	3122.137532
 35-39 	14871.157649	11144.057907	3727.099742
 40-44 	17744.302926	13289.148160	4455.154766
 45-49 	22652.648754	17018.657001	5633.991753
 50-54 	31165.190580	22969.090995	8196.099585
 55-59 	40328.797945	28220.932287	12107.865658
 60-64 	43904.334947	29071.131429	14833.203518
 65-69 	41611.256013	25678.698015	15932.557998
 70-74 	39044.755665	21890.289464	17154.466201
 75-79 	47024.792360	23963.817533	23060.974827
 80+ 	191988.557763	69815.572559	122172.985204
Total	559307.742316	309738.705700	249569.036616
2018			
 0-4	24881.050735	13436.188993	11444.861742
 5-9	3261.670948	2191.879918	1069.791029
 10-14 	2774.219503	1856.948856	917.270647
 15-19 	4195.390893	3145.113594	1050.277299
 20-24 	6995.644185	5475.007115	1520.637070
 25-29 	11666.617937	9075.423738	2591.194198
 30-34 	13395.636360	10275.298565	3120.337795
 35-39 	15021.610527	11256.895299	3764.715227
 40-44 	17701.775204	13233.048790	4468.726413
 45-49 	22617.685952	16957.432026	5660.253926
 50-54 	31239.027765	22996.422328	8242.605437
 55-59 	40856.820794	28590.093010	12266.727785
 60-64 	45846.340381	30348.955318	15497.385064
 65-69 	45929.853311	28533.941706	17395.911606
 70-74 	40000.926850	22391.171230	17609.755620
 75-79 	46551.554678	23736.111795	22815.442883
 80+ 	193415.682599	70118.441652	123297.240947
Total	566351.508811	313618.374094	252733.134717
2019			
 0-4	23805.521071	12759.355561	11046.165510
 5-9	3163.116323	2119.615658	1043.500665
 10-14 	2738.869064	1830.391200	908.477865
 15-19 	4149.733364	3106.591075	1043.142289
 20-24 	6606.492535	5166.815153	1439.677382
 25-29 	11283.274390	8779.574072	2503.700318
 30-34 	13385.783216	10279.837462	3105.945754
 35-39 	15154.514482	11357.606735	3796.907747
 40-44 	17664.742484	13182.761958	4481.980526
 45-49 	22565.265806	16879.254331	5686.011475
 50-54 	31237.149482	22959.003974	8278.145508
 55-59 	41237.497608	28853.877236	12383.620372
 60-64 	47499.649826	31430.286844	16069.362982
 65-69 	50232.297678	31360.576584	18871.721094
 70-74 	41843.264434	23466.771062	18376.493371
 75-79 	46336.708015	23619.931172	22716.776843
 80+ 	194331.501616	70265.604626	124065.896990
Total	573235.381373	317417.854715	255817.526658
2020			
 0-4	22700.576165	12051.710058	10648.866107
 5-9	3054.045157	2035.483273	1018.561883
 10-14 	2686.939913	1791.033983	895.905930
 15-19 	4118.219059	3080.800364	1037.418696
 20-24 	6327.524917	4943.362631	1384.162286
 25-29 	10745.960341	8363.059891	2382.900450
 30-34 	13329.635503	10246.817454	3082.818050
 35-39 	15250.514807	11432.917884	3817.596924
 40-44 	17656.475435	13155.644030	4500.831405
 45-49 	22541.857000	16823.759933	5718.097067
 50-54 	31124.110240	22825.651870	8298.458370
 55-59 	41511.373302	29034.584439	12476.788863
 60-64 	48919.033464	32359.014321	16560.019142
 65-69 	54168.167704	33916.922621	20251.245083
 70-74 	44774.055839	25253.159090	19520.896749
 75-79 	46383.268740	23617.722150	22765.546590
 80+ 	194990.063033	70355.752031	124634.311002
Total	580281.821321	321287.396507	258994.424814
2021			
 0-4	21651.804673	11369.341777	10282.462895
 5-9	2944.075872	1948.874267	995.201605
 10-14 	2628.455468	1745.712683	882.742785
 15-19 	4101.265072	3066.344852	1034.920220
 20-24 	6155.309744	4802.194229	1353.115515
 25-29 	10153.403058	7895.253732	2258.149326
 30-34 	13322.337425	10238.285790	3084.051635
 35-39 	15463.738257	11588.625709	3875.112548
 40-44 	17832.709373	13263.826347	4568.883026
 45-49 	22575.946856	16806.716357	5769.230499
 50-54 	31086.300764	22744.319599	8341.981166
 55-59 	41729.226818	29167.247664	12561.979154
 60-64 	50107.822209	33138.327240	16969.494970
 65-69 	57740.580597	36207.553649	21533.026948
 70-74 	48729.593667	27700.365235	21029.228432
 75-79 	46769.556997	23777.021850	22992.535147
 80+ 	195540.059107	70438.133296	125101.925811
Total	588532.186628	325898.144696	262634.041932
2022			
 0-4	20720.497999	10752.841664	9967.656335
 5-9	2843.467855	1865.564622	977.903233
 10-14 	2566.019712	1696.455745	869.563967
 15-19 	4086.114050	3053.635579	1032.478472
 20-24 	6050.902643	4713.908373	1336.994270
 25-29 	9536.366169	7404.765071	2131.601098
 30-34 	13281.813969	10200.102316	3081.711653
 35-39 	15689.175461	11751.365825	3937.809636
 40-44 	18101.296371	13443.994359	4657.302012
 45-49 	22620.708591	16794.540638	5826.167953
 50-54 	31084.409760	22682.268478	8402.141281
 55-59 	41884.792248	29245.515089	12639.277159
 60-64 	51054.340440	33760.546066	17293.794374
 65-69 	60896.641995	38198.933934	22697.708061
 70-74 	53735.433764	30817.183700	22918.250064
 75-79 	47476.812220	24086.929179	23389.883041
 80+ 	196104.159645	70563.378039	125540.781606
Total	597732.952603	331031.928027	266701.024576
2023			
 0-4	19939.626406	10182.174947	9757.451459
 5-9	2758.928226	1785.174782	973.753444
 10-14 	2503.456048	1647.336252	856.119796
 15-19 	4064.690448	3036.466146	1028.224302
 20-24 	5981.514124	4652.520566	1328.993558
 25-29 	8972.540661	6957.554937	2014.985725
 30-34 	13121.677318	10069.154479	3052.522839
 35-39 	15876.076706	11885.525876	3990.550829
 40-44 	18400.164421	13648.305984	4751.858437
 45-49 	22660.544458	16778.526949	5882.017509
 50-54 	31085.229337	22615.576366	8469.652971
 55-59 	41982.257566	29269.896194	12712.361372
 60-64 	51792.721439	34239.370747	17553.350692
 65-69 	63641.443660	39903.751188	23737.692472
 70-74 	59384.467516	34325.622647	25058.844869
 75-79 	48819.584027	24752.068818	24067.515208
 80+ 	196800.577890	70765.088508	126035.489382
Total	607785.500407	336514.115641	271271.384766
2024			
 0-4	19301.470097	9640.923427	9660.546670
 5-9	2684.302060	1702.871600	981.430459
 10-14 	2439.761545	1597.154959	842.606587
 15-19 	4030.752237	3009.549062	1021.203175
 20-24 	5942.051244	4616.329948	1325.721297
 25-29 	8524.459072	6599.954252	1924.504820
 30-34 	12794.437359	9807.847085	2986.590274
 35-39 	16019.858325	11989.906073	4029.952253
 40-44 	18717.054384	13867.199577	4849.854807
 45-49 	22733.972593	16787.548496	5946.424096
 50-54 	31105.126960	22556.972320	8548.154639
 55-59 	42001.064532	29225.780636	12775.283896
 60-64 	52371.107216	34599.991354	17771.115862
 65-69 	66041.229706	41384.934689	24656.295017
 70-74 	65034.702113	37802.419093	27232.283020
 75-79 	51257.254467	26070.330482	25186.923985
 80+ 	197711.563009	71053.077228	126658.485781
Total	618710.166098	342312.789762	276397.376336
2025			
 0-4	18768.939714	9147.756004	9621.183709
 5-9	2615.269042	1621.355913	993.913130
 10-14 	2374.978795	1545.618209	829.360586
 15-19 	3981.656825	2969.589118	1012.067707
 20-24 	5928.408338	4601.821373	1326.586965
 25-29 	8213.200471	6347.370262	1865.830208
 30-34 	12286.197850	9404.249042	2881.948808
 35-39 	16116.214249	12055.540541	4060.673708
 40-44 	19019.342084	14078.316621	4941.025463
 45-49 	22870.380647	16843.906953	6026.473694
 50-54 	31189.346232	22547.538904	8641.807328
 55-59 	41885.467613	29070.173978	12815.293634
 60-64 	52830.389223	34868.992734	17961.396489
 65-69 	68143.938629	42690.801025	25453.137604
 70-74 	70245.392699	40968.583548	29276.809151
 75-79 	55036.476670	28203.056441	26833.420229
 80+ 	198971.780890	71476.196220	127495.584670
Total	630477.379662	348440.866310	282036.513352
2026			
 0-4	18299.173476	8720.263387	9578.910089
 5-9	2545.167576	1544.213242	1000.954334
 10-14 	2309.384818	1494.410200	814.974618
 15-19 	3918.923346	2917.937012	1000.986334
 20-24 	5926.978104	4598.362637	1328.615468
 25-29 	8027.240484	6191.412445	1835.828039
 30-34 	11633.942426	8892.694218	2741.248208
 35-39 	16142.192311	12068.644238	4073.548073
 40-44 	19287.271427	14262.838580	5024.432848
 45-49 	23078.731074	16956.363638	6122.367435
 50-54 	31196.637616	22480.749388	8715.888227
 55-59 	41776.101502	28919.210033	12856.891469
 60-64 	53177.317057	35056.407058	18120.909999
 65-69 	69904.253836	43799.520154	26104.733681
 70-74 	75012.726766	43835.129943	31177.596822
 75-79 	60079.329475	31098.212072	28981.117403
 80+ 	200770.496015	72123.361438	128647.134577
Total	643085.867122	354959.729820	288126.137302
2027			
 0-4	17821.153946	8366.209745	9454.944202
 5-9	2465.111754	1473.909400	991.202354
 10-14 	2242.539353	1442.626874	799.912479
 15-19 	3841.504982	2855.745607	985.759374
 20-24 	5926.112988	4596.786213	1329.326775
 25-29 	7920.508638	6094.837091	1825.671547
 30-34 	10925.241211	8338.143443	2587.097768
 35-39 	16072.239153	12008.969331	4063.269822
 40-44 	19498.216573	14405.267606	5092.948968
 45-49 	23339.449842	17111.547329	6227.902513
 50-54 	31145.999577	22378.410020	8767.589557
 55-59 	41678.922455	28774.016879	12904.905576
 60-64 	53422.076399	35174.365596	18247.710803
 65-69 	71294.763235	44699.841835	26594.921400
 70-74 	79267.061708	46371.501432	32895.560276
 75-79 	66410.614381	34770.042524	31640.571857
 80+ 	203230.943715	73053.880299	130177.063416
Total	656502.459934	361916.101423	294586.358512
2028			
 0-4	17332.085116	8077.331608	9254.753508
 5-9	2377.352439	1409.820552	967.531887
 10-14 	2170.198806	1389.648686	780.550121
 15-19 	3758.914294	2788.305466	970.608828
 20-24 	5909.561250	4581.868710	1327.692540
 25-29 	7846.237930	6023.686272	1822.551657
 30-34 	10267.594621	7821.192323	2446.402298
 35-39 	15836.314905	11822.439006	4013.875899
 40-44 	19642.308295	14495.787582	5146.520713
 45-49 	23617.926903	17285.185658	6332.741245
 50-54 	31075.937442	22270.394634	8805.542808
 55-59 	41583.719348	28630.178408	12953.540941
 60-64 	53580.675633	35236.124525	18344.551109
 65-69 	72357.921287	45415.225796	26942.695491
 70-74 	82997.747290	48591.138236	34406.609054
 75-79 	73537.555025	38914.942317	34622.612708
 80+ 	206764.415176	74498.426527	132265.988649
Total	670656.466741	369251.697120	301404.769620
2029			
 0-4	16874.767893	7832.891155	9041.876737
 5-9	2288.850668	1350.521545	938.329123
 10-14 	2098.220866	1337.967597	760.253269
 15-19 	3673.886066	2719.335160	954.550905
 20-24 	5872.740752	4550.205404	1322.535349
 25-29 	7805.865106	5978.407160	1827.457946
 30-34 	9724.994037	7393.975101	2331.018936
 35-39 	15381.247068	11468.364044	3912.883023
 40-44 	19723.172840	14537.855248	5185.317592
 45-49 	23898.614305	17464.209571	6434.404734
 50-54 	31035.498579	22190.527021	8844.971558
 55-59 	41504.966820	28497.035887	13007.930933
 60-64 	53626.549896	35220.617341	18405.932556
 65-69 	73182.995908	45986.300371	27196.695537
 70-74 	86280.946078	50561.056562	35719.889516
 75-79 	80690.647327	43061.015236	37629.632090
 80+ 	212269.620097	76920.457213	135349.162884
Total	685933.585342	377070.742292	308862.843050
2030			
 0-4	16449.924614	7621.044718	8828.879895
 5-9	2205.077939	1296.922566	908.155373
 10-14 	2021.226394	1284.974368	736.252026
 15-19 	3584.608630	2647.741715	936.866915
 20-24 	5811.489484	4496.886845	1314.602639
 25-29 	7790.502351	5956.203904	1834.298447
 30-34 	9340.973084	7085.648230	2255.324853
 35-39 	14710.424736	10952.631313	3757.793423
 40-44 	19743.575440	14534.742400	5208.833040
 45-49 	24166.587830	17637.631253	6528.956577
 50-54 	31079.873574	22179.028265	8900.845310
 55-59 	41510.468903	28430.397288	13080.071614
 60-64 	53502.409041	35079.457711	18422.951330
 65-69 	73843.291802	46448.206168	27395.085634
 70-74 	89176.479143	52333.917223	36842.561920
 75-79 	87344.807769	46893.810454	40450.997315
 80+ 	220531.597981	80704.621981	139826.976000
Total	702813.318569	385583.866345	317229.452224
2031			
 0-4	16060.974394	7433.375500	8627.598894
 5-9	2128.948739	1249.577017	879.371722
 10-14 	1948.339997	1235.408620	712.931376
 15-19 	3494.570843	2575.444069	919.126774
 20-24 	5726.537432	4424.835574	1301.701858
 25-29 	7794.686793	5952.000646	1842.686146
 30-34 	9103.097651	6888.640945	2214.456706
 35-39 	13877.504917	10317.403275	3560.101641
 40-44 	19690.907680	14479.688998	5211.218681
 45-49 	24405.917108	17790.897353	6615.019754
 50-54 	31240.469822	22258.150988	8982.318834
 55-59 	41432.396318	28306.240251	13126.156067
 60-64 	53399.307477	34954.908063	18444.399414
 65-69 	74361.827569	46810.230885	27551.596684
 70-74 	91643.796846	53883.879235	37759.917612
 75-79 	93501.908300	50422.366746	43079.541553
 80+ 	231693.707403	85893.702214	145800.005189
Total	721504.899536	394876.750600	326628.148936
2032			
 0-4	15704.690267	7258.104984	8446.585283
 5-9	2060.062704	1205.702235	854.360469
 10-14 	1874.626756	1185.482026	689.144730
 15-19 	3402.830050	2502.379653	900.450396
 20-24 	5626.759309	4340.495417	1286.263891
 25-29 	7805.557406	5955.605875	1849.951531
 30-34 	8963.193058	6768.266956	2194.926102
 35-39 	12996.880513	9650.453015	3346.427498
 40-44 	19545.770231	14360.047640	5185.722590
 45-49 	24605.479773	17916.012551	6689.467221
 50-54 	31502.586760	22416.141512	9086.445248
 55-59 	41303.676154	28156.561772	13147.114382
 60-64 	53334.414730	34850.304476	18484.110254
 65-69 	74772.577587	47089.404037	27683.173550
 70-74 	93654.111459	55193.733878	38460.377581
 75-79 	99088.260410	53608.405174	45479.855236
 80+ 	245557.880330	92390.070618	153167.809711
Total	741799.357459	404847.171601	336952.185858
2033			
 0-4	15372.056674	7091.448660	8280.608013
 5-9	2001.708176	1167.887499	833.820677
 10-14 	1807.290975	1140.127787	667.163188
 15-19 	3305.745356	2425.248647	880.496709
 20-24 	5519.488177	4252.177384	1267.310793
 25-29 	7804.909593	5952.176193	1852.733400
 30-34 	8878.454544	6691.762951	2186.691593
 35-39 	12198.530250	9047.360240	3151.170010
 40-44 	19238.853987	14123.464075	5115.389912
 45-49 	24760.530200	18010.044886	6750.485315
 50-54 	31836.125005	22629.837197	9206.287808
 55-59 	41182.557369	28022.431455	13160.125914
 60-64 	53292.308753	34756.489513	18535.819239
 65-69 	75104.960309	47302.953357	27802.006952
 70-74 	95276.333987	56293.802384	38982.531602
 75-79 	104089.937963	56463.717795	47626.220168
 80+ 	261818.248616	100017.074911	161801.173705
Total	763488.040075	415388.005143	348100.034932
2034			
 0-4	15051.122163	6932.365158	8118.757004
 5-9	1949.933232	1134.775553	815.157678
 10-14 	1744.360603	1096.864906	647.495697
 15-19 	3203.144505	2345.102977	858.041528
 20-24 	5408.536175	4160.233665	1248.302510
 25-29 	7779.239612	5928.480130	1850.759481
 30-34 	8835.068750	6650.276321	2184.792428
 35-39 	11556.050715	8561.755598	2994.295117
 40-44 	18684.374846	13706.667880	4977.706967
 45-49 	24863.556203	18068.080529	6795.475673
 50-54 	32207.694248	22875.534416	9332.159832
 55-59 	41128.775388	27944.557483	13184.217905
 60-64 	53286.624874	34688.174457	18598.450417
 65-69 	75320.406161	47426.774829	27893.631332
 70-74 	96611.057948	57229.178751	39381.879197
 75-79 	108580.479778	59059.192025	49521.287752
 80+ 	279883.449840	108449.746911	171433.702928
Total	786093.874595	426257.761309	359836.113286
2035			
 0-4	14745.501859	6784.159728	7961.342131
 5-9	1902.838187	1104.305875	798.532312
 10-14 	1684.992900	1056.777331	628.215569
 15-19 	3099.064117	2264.951988	834.112130
 20-24 	5295.937352	4067.146719	1228.790633
 25-29 	7721.049776	5877.894419	1843.155357
 30-34 	8830.714355	6642.515652	2188.198703
 35-39 	11105.370260	8218.683888	2886.686372
 40-44 	17878.291422	13105.228917	4773.062505
 45-49 	24903.661197	18082.301501	6821.359696
 50-54 	32587.720999	23130.445767	9457.275233
 55-59 	41202.010041	27961.971004	13240.039038
 60-64 	53402.117115	34711.790637	18690.326478
 65-69 	75321.733886	47389.834022	27931.899864
 70-74 	97749.625494	58039.317160	39710.308335
 75-79 	112613.348195	61446.205335	51167.142860
 80+ 	299142.411684	117373.242566	181769.169118
Total	809186.389295	437256.772804	371929.616491
2036			
 0-4	14449.369228	6641.670532	7807.698696
 5-9	1861.782018	1079.025005	782.757014
 10-14 	1630.200972	1019.644791	610.556181
 15-19 	2994.298342	2184.296403	810.001939
 20-24 	5177.455187	3969.650040	1207.805146
 25-29 	7634.369448	5804.503050	1829.866398
 30-34 	8848.727128	6654.759970	2193.967158
 35-39 	10833.772821	8007.878120	2825.894700
 40-44 	16875.241526	12360.685206	4514.556320
 45-49 	24854.729825	18036.028150	6818.701676
 50-54 	32940.959658	23366.652123	9574.307534
 55-59 	41432.938730	28098.031512	13334.907218
 60-64 	53407.914151	34664.769451	18743.144701
 65-69 	75347.325962	47366.960970	27980.364992
 70-74 	98707.637069	58727.170904	39980.466165
 75-79 	116123.820130	63588.756595	52535.063536
 80+ 	319323.235912	126672.526764	192650.709148
Total	832443.777502	448243.008852	384200.768650
2037			
 0-4	14160.082036	6505.281797	7654.800239
 5-9	1823.958128	1055.962467	767.995660
 10-14 	1582.231307	987.791198	594.440108
 15-19 	2893.713281	2108.022875	785.690406
 20-24 	5054.117079	3868.171426	1185.945653
 25-29 	7522.971185	5712.198275	1810.772910
 30-34 	8869.801182	6671.841782	2197.959400
 35-39 	10673.408212	7881.400367	2792.007844
 40-44 	15806.633206	11569.615502	4237.017704
 45-49 	24686.374700	17905.969939	6780.404761
 50-54 	33238.022635	23564.826546	9673.196090
 55-59 	41793.641484	28330.836117	13462.805367
 60-64 	53349.076361	34585.394940	18763.681421
 65-69 	75412.612664	47365.378435	28047.234229
 70-74 	99523.988423	59312.765312	40211.223111
 75-79 	119064.576535	65462.776239	53601.800296
 80+ 	340357.573289	136336.623479	204020.949811
Total	855812.780535	459224.855787	396587.924748
2038			
 0-4	13876.325174	6374.130371	7502.194803
 5-9	1787.891238	1033.510196	754.381042
 10-14 	1539.718989	958.990119	580.728870
 15-19 	2795.701196	2033.115567	762.585629
 20-24 	4920.931842	3759.314124	1161.617718
 25-29 	7398.569889	5609.817776	1788.752113
 30-34 	8875.549136	6677.439550	2198.109585
 35-39 	10574.776236	7801.894996	2772.881240
 40-44 	14826.165381	10845.357102	3980.808279
 45-49 	24305.709788	17623.218873	6682.490915
 50-54 	33472.284459	23718.798245	9753.486214
 55-59 	42241.565848	28632.762544	13608.803304
 60-64 	53291.208079	34522.090439	18769.117640
 65-69 	75503.737122	47379.296408	28124.440714
 70-74 	100240.213601	59819.359876	40420.853726
 75-79 	121521.334137	67103.311095	54418.023042
 80+ 	362016.395080	146270.786678	215745.608402
Total	879188.077482	470163.194200	409024.883282
2039			
 0-4	13593.876593	6245.113792	7348.762801
 5-9	1754.118351	1013.307939	740.810412
 10-14 	1501.102939	933.777607	567.325332
 15-19 	2703.897290	1963.202248	740.695043
 20-24 	4779.909636	3646.396925	1133.512711
 25-29 	7268.965743	5503.616540	1765.349203
 30-34 	8851.170944	6659.291117	2191.879826
 35-39 	10529.231925	7764.361582	2764.870343
 40-44 	14037.135868	10262.185184	3774.950684
 45-49 	23618.251383	17121.485737	6496.765645
 50-54 	33640.081999	23830.660726	9809.421273
 55-59 	42750.021536	28982.059162	13767.962373
 60-64 	53320.909643	34527.646065	18793.263578
 65-69 	75657.582861	47434.829457	28222.753404
 70-74 	100804.042234	60214.171039	40589.871196
 75-79 	123628.549159	68560.941181	55067.607978
 80+ 	383879.713228	156305.783992	227573.929235
Total	902318.562684	480968.831381	421349.731303
2040			
 0-4	13316.628877	6120.393777	7196.235100
 5-9	1722.054682	994.122848	727.931833
 10-14 	1467.324430	911.786456	555.537973
 15-19 	2616.685391	1896.941134	719.744257
 20-24 	4635.271966	3530.936823	1104.335143
 25-29 	7133.019437	5393.311430	1739.708007
 30-34 	8793.971156	6613.038051	2180.933105
 35-39 	10529.633630	7766.389188	2763.244442
 40-44 	13481.833874	9849.699175	3632.134699
 45-49 	22614.891439	16388.654258	6226.237181
 50-54 	33724.223437	23886.087722	9838.135715
 55-59 	43269.467043	29342.494954	13926.972089
 60-64 	53508.103745	34649.895867	18858.207877
 65-69 	75982.124868	47617.177573	28364.947295
 70-74 	101074.162125	60394.074888	40680.087237
 75-79 	125490.392355	69871.848533	55618.543822
 80+ 	405547.501454	166291.265892	239256.235561
Total	924907.288624	491518.117219	433389.171406
2041			
 0-4	13039.552525	5996.658265	7042.894260
 5-9	1692.368688	977.145968	715.222720
 10-14 	1436.578962	891.895998	544.682964
 15-19 	2539.427964	1838.841239	700.586725
 20-24 	4489.249703	3415.094660	1074.155043
 25-29 	6988.994629	5275.779408	1713.215220
 30-34 	8699.984239	6537.317697	2162.666542
 35-39 	10556.627363	7790.937712	2765.689652
 40-44 	13145.932083	9596.924611	3549.007472
 45-49 	21357.043296	15472.968343	5884.074953
 50-54 	33686.226329	23859.892433	9826.333896
 55-59 	43752.407210	29678.416387	14073.990824
 60-64 	53895.209665	34913.776410	18981.433256
 65-69 	76141.919598	47693.019323	28448.900275
 70-74 	101380.452373	60591.263999	40789.188374
 75-79 	127123.983380	71032.469564	56091.513815
 80+ 	426827.642317	176154.885125	250672.757191
Total	946753.600177	501717.286894	445036.313283
2042			
 0-4	12760.706430	5872.438779	6888.267651
 5-9	1661.303456	958.211933	703.091523
 10-14 	1409.281108	874.604167	534.676942
 15-19 	2468.378001	1784.649538	683.728463
 20-24 	4346.666357	3302.320817	1044.345540
 25-29 	6831.817072	5148.147447	1683.669624
 30-34 	8578.093008	6439.918754	2138.174253
 35-39 	10586.294252	7820.660982	2765.633270
 40-44 	12943.907837	9441.940317	3501.967519
 45-49 	20001.305452	14486.186194	5515.119259
 50-54 	33478.729790	23715.117241	9763.612549
 55-59 	44155.507764	29959.666305	14195.841459
 60-64 	54442.662621	35292.521667	19150.140953
 65-69 	76186.925699	47706.291376	28480.634323
 70-74 	101728.294631	60801.881456	40926.413175
 75-79 	128564.844947	72053.548486	56511.296461
 80+ 	447648.077705	185860.255459	261787.822246
Total	967792.796191	511518.361041	456274.435151
2043			
 0-4	12478.839208	5747.167109	6731.672099
 5-9	1632.052454	941.253286	690.799168
 10-14 	1383.497607	858.289654	525.207952
 15-19 	2403.493656	1735.667409	667.826247
 20-24 	4207.310768	3192.668682	1014.642086
 25-29 	6660.975253	5010.146000	1650.829253
 30-34 	8438.969796	6329.860408	2109.109387
 35-39 	10597.508008	7834.940859	2762.567149
 40-44 	12811.982616	9340.062320	3471.920295
 45-49 	18749.717099	13575.700184	5174.016914
 50-54 	32974.206329	23361.350603	9612.855727
 55-59 	44465.686865	30177.445204	14288.241661
 60-64 	55096.783682	35748.807539	19347.976143
 65-69 	76211.947618	47720.626065	28491.321553
 70-74 	102095.311060	61015.364699	41079.946362
 75-79 	129860.929748	72959.781628	56901.148120
 80+ 	467931.807834	195366.911572	272564.896261
Total	988001.020225	520916.044141	467084.976084
2044			
 0-4	12195.079566	5621.369602	6573.709964
 5-9	1601.609816	923.694832	677.914984
 10-14 	1358.732538	842.585926	516.146612
 15-19 	2348.199573	1694.255829	653.943744
 20-24 	4074.833334	3088.370054	986.463280
 25-29 	6477.010593	4863.438229	1613.572365
 30-34 	8291.788597	6212.287552	2079.501045
 35-39 	10572.017468	7819.137659	2752.879810
 40-44 	12747.183321	9290.356705	3456.826615
 45-49 	17732.252437	12836.329672	4895.922765
 50-54 	32052.753002	22709.592854	9343.160148
 55-59 	44678.270140	30331.790515	14346.479625
 60-64 	55819.446054	36257.404128	19562.041927
 65-69 	76344.445032	47818.211285	28526.233747
 70-74 	102522.345377	61260.325897	41262.019479
 75-79 	130947.848667	73713.719937	57234.128730
 80+ 	487615.367926	204631.782157	282983.585769
Total	1007379.183079	529914.652611	477464.530468
2045			
 0-4	11911.018517	5495.994701	6415.023816
 5-9	1571.320579	906.419476	664.901104
 10-14 	1335.101441	827.294282	507.807159
 15-19 	2297.923598	1656.142985	641.780613
 20-24 	3952.202862	2990.935187	961.267675
 25-29 	6285.191475	4711.622812	1573.568662
 30-34 	8135.806974	6088.089423	2047.717551
 35-39 	10504.085774	7768.574151	2735.511623
 40-44 	12732.802122	9282.353503	3450.448619
 45-49 	17012.179000	12309.893021	4702.285980
 50-54 	30691.626188	21746.670922	8944.955266
 55-59 	44774.407220	30412.270159	14362.137060
 60-64 	56555.908909	36777.836216	19778.072693
 65-69 	76699.359368	48072.579659	28626.779710
 70-74 	103157.292500	61649.968948	41507.323552
 75-79 	131650.613440	74193.901549	57456.711892
 80+ 	506676.860657	213626.704742	293050.155915
Total	1025943.700995	538517.251980	487426.449015
2046			
 0-4	11630.083479	5373.002459	6257.081020
 5-9	1541.525123	888.907934	652.617189
 10-14 	1312.265041	813.203943	499.061098
 15-19 	2253.423148	1624.203800	629.219348
 20-24 	3839.376034	2901.609219	937.766815
 25-29 	6091.514438	4559.788666	1531.725772
 30-34 	7971.335259	5956.540039	2014.795220
 35-39 	10393.081063	7683.921999	2709.159064
 40-44 	12753.085208	9304.330375	3448.754833
 45-49 	16569.647943	11984.390080	4585.257863
 50-54 	28986.813749	20538.961375	8447.852373
 55-59 	44703.762654	30383.276961	14320.485693
 60-64 	57248.107324	37272.147559	19975.959766
 65-69 	77339.809293	48523.648550	28816.160743
 70-74 	103567.761582	61900.944182	41666.817401
 75-79 	132404.116806	74696.034888	57708.081919
 80+ 	525129.920062	222341.609245	302788.310817
Total	1043735.627584	546746.520773	496989.106811
2047			
 0-4	11352.279352	5251.771098	6100.508255
 5-9	1510.720867	871.592282	639.128585
 10-14 	1290.532241	799.686157	490.846084
 15-19 	2214.753775	1595.686144	619.067631
 20-24 	3738.873604	2822.362258	916.511347
 25-29 	5899.975109	4410.526126	1489.448983
 30-34 	7791.743805	5814.288226	1977.455578
 35-39 	10249.044193	7572.924587	2676.119606
 40-44 	12777.821479	9331.865329	3445.956151
 45-49 	16302.139645	11784.555510	4517.584135
 50-54 	27146.917845	19237.128931	7909.788914
 55-59 	44408.015903	30205.266748	14202.749156
 60-64 	57843.586248	37701.998418	20141.587830
 65-69 	78216.063591	49138.500174	29077.563417
 70-74 	103831.534873	62078.847454	41752.687419
 75-79 	133230.051584	75224.607668	58005.443916
 80+ 	543031.199859	230785.554007	312245.645852
Total	1060835.255220	554627.162253	506208.092967
2048			
 0-4	11084.181036	5136.115827	5948.065209
 5-9	1482.708314	855.412729	627.295586
 10-14 	1268.775352	786.192326	482.583026
 15-19 	2177.716257	1568.600389	609.115869
 20-24 	3647.518463	2750.851837	896.666625
 25-29 	5714.899809	4266.437688	1448.462121
 30-34 	7596.920592	5660.155963	1936.764630
 35-39 	10084.978575	7447.638031	2637.340544
 40-44 	12782.222291	9343.666887	3438.555405
 45-49 	16125.468440	11653.207945	4472.260495
 50-54 	25439.484784	18033.516209	7405.968575
 55-59 	43719.453958	29760.913474	13958.540484
 60-64 	58325.126369	38058.824532	20266.301838
 65-69 	79255.325084	49872.322955	29383.002129
 70-74 	104087.799030	62271.699512	41816.099518
 75-79 	134101.891715	75768.453524	58333.438191
 80+ 	560426.853247	238967.359334	321459.493913
Total	1077321.323341	562201.368932	515119.954408
2049			
 0-4	10827.345517	5026.717362	5800.628155
 5-9	1451.527383	837.787445	613.739937
 10-14 	1246.417611	772.617729	473.799883
 15-19 	2144.626267	1544.426526	600.199742
 20-24 	3568.649145	2689.859410	878.789735
 25-29 	5539.518112	4130.207867	1409.310245
 30-34 	7386.598884	5496.062087	1890.536798
 35-39 	9910.004584	7313.763090	2596.241494
 40-44 	12744.371223	9321.770922	3422.600301
 45-49 	16031.502246	11586.483512	4445.018734
 50-54 	24052.925620	17056.140258	6996.785362
 55-59 	42474.676860	28935.022185	13539.654674
 60-64 	58683.557272	38341.229702	20342.327571
 65-69 	80407.447855	50687.361477	29720.086378
 70-74 	104496.910000	62579.230692	41917.679308
 75-79 	135059.685575	76355.477390	58704.208185
 80+ 	577207.786615	246818.026755	330389.759860
Total	1093233.549798	569492.183483	523741.366315
2050			
 0-4	10703.445248	4968.732490	5734.712758
 5-9	1439.137319	830.753752	608.383567
 10-14 	1239.720149	768.529848	471.190302
 15-19 	2135.024655	1537.589435	597.435220
 20-24 	3534.027142	2663.399530	870.627612
 25-29 	5426.311918	4043.527791	1382.784127
 30-34 	7236.137398	5380.756037	1855.381361
 35-39 	9815.342622	7242.333367	2573.009255
 40-44 	12779.691028	9355.242066	3424.448962
 45-49 	16170.792193	11702.336881	4468.455312
 50-54 	23321.155191	16550.184500	6770.970691
 55-59 	41127.260590	28042.747584	13084.513006
 60-64 	59546.616082	38954.445759	20592.170322
 65-69 	82461.833472	52064.571628	30397.261844
 70-74 	106247.647698	63688.298958	42559.348740
 75-79 	137443.848170	77724.071740	59719.776430
 80+ 	594806.558628	254806.825001	339999.733627
Total	1115434.550148	580324.346894	535110.203254
