Vietnam_test	Total	Male	Female
1970			
 0-4	7143025.000000	3636514.000000	3506511.000000
 5-9	6461285.000000	3284031.000000	3177254.000000
 10-14 	5609534.000000	2846269.000000	2763265.000000
 15-19 	4318114.000000	2186287.000000	2131827.000000
 20-24 	2812613.000000	1383931.000000	1428682.000000
 25-29 	2323415.000000	1138560.000000	1184855.000000
 30-34 	2274355.000000	1109729.000000	1164626.000000
 35-39 	2404943.000000	1170589.000000	1234354.000000
 40-44 	2044129.000000	987232.000000	1056897.000000
 45-49 	1863362.000000	890813.000000	972549.000000
 50-54 	1566117.000000	751513.000000	814604.000000
 55-59 	1438403.000000	682601.000000	755802.000000
 60-64 	1169356.000000	543432.000000	625924.000000
 65-69 	1015109.000000	447747.000000	567362.000000
 70-74 	657148.000000	261680.000000	395468.000000
 75-79 	391259.000000	133367.000000	257892.000000
 80+ 	290375.000000	72998.000000	217377.000000
Total	43782542.000000	21527293.000000	22255249.000000
1971			
 0-4	7221252.936287	3676813.166604	3544439.769682
 5-9	6554326.127890	3329378.948757	3224947.179133
 10-14 	5776386.217382	2928750.811110	2847635.406272
 15-19 	4592100.038156	2324362.621545	2267737.416611
 20-24 	3085821.144827	1529755.807008	1556065.337819
 25-29 	2339771.308793	1142112.110799	1197659.197993
 30-34 	2250215.048557	1096726.633908	1153488.414650
 35-39 	2373349.522175	1152473.654984	1220875.867191
 40-44 	2128200.073600	1026649.235301	1101550.838298
 45-49 	1868832.331570	890747.937154	978084.394416
 50-54 	1611000.285521	768527.462693	842472.822828
 55-59 	1432827.387509	679000.244542	753827.142967
 60-64 	1200381.440145	555094.126111	645287.314033
 65-69 	1000778.814260	439290.963533	561487.850726
 70-74 	691376.941375	276133.640001	415243.301374
 75-79 	394305.509946	133913.830456	260391.679491
 80+ 	293453.695320	73125.667802	220328.027518
Total	44814378.823313	22022856.862308	22791521.961005
1972			
 0-4	7298120.899239	3715114.765796	3583006.133444
 5-9	6656898.321922	3380286.223524	3276612.098398
 10-14 	5930797.930337	3004521.838247	2926276.092090
 15-19 	4850056.147231	2453756.609405	2396299.537827
 20-24 	3358650.680917	1673989.213688	1684661.467229
 25-29 	2395155.682031	1166895.884886	1228259.797145
 30-34 	2238453.644088	1089317.222294	1149136.421795
 35-39 	2338664.001608	1132773.566243	1205890.435365
 40-44 	2193978.994000	1056537.841782	1137441.152218
 45-49 	1881544.400761	894172.673278	987371.727483
 50-54 	1650670.324958	783000.290971	867670.033987
 55-59 	1431615.460191	676756.778555	754858.681636
 60-64 	1223757.389426	562504.045125	661253.344301
 65-69 	988811.527930	431563.442898	557248.085032
 70-74 	713203.788437	284684.385447	428519.402991
 75-79 	397854.803906	135080.756583	262774.047324
 80+ 	295524.760907	73564.628473	221960.132434
Total	45843758.757891	22514520.167194	23329238.590697
1973			
 0-4	7380525.151080	3756236.710402	3624288.440678
 5-9	6751529.544915	3427537.580945	3323991.963970
 10-14 	6069880.907517	3072801.142118	2997079.765399
 15-19 	5087971.863118	2571947.636745	2516024.226373
 20-24 	3652018.029642	1828602.041222	1823415.988420
 25-29 	2487109.952393	1211565.639924	1275544.312468
 30-34 	2236350.995200	1086425.666330	1149925.328870
 35-39 	2296674.067737	1109934.970143	1186739.097594
 40-44 	2250916.647321	1082119.460595	1168797.186726
 45-49 	1901221.250483	901682.696202	999538.554280
 50-54 	1690283.794499	797457.881645	892825.912854
 55-59 	1435148.516041	676803.655442	758344.860599
 60-64 	1247443.179007	570676.650963	676766.528044
 65-69 	981972.092426	426503.808309	555468.284118
 70-74 	732230.060758	292096.190590	440133.870167
 75-79 	406062.046696	138359.788000	267702.258695
 80+ 	299816.980561	74814.187100	225002.793461
Total	46907155.079394	23025565.706677	23881589.372716
1974			
 0-4	7466683.075052	3800518.519302	3666164.555750
 5-9	6834965.547119	3468364.415749	3366601.131370
 10-14 	6200113.468447	3137267.473662	3062845.994786
 15-19 	5305762.628616	2679698.936481	2626063.692136
 20-24 	3953608.224999	1986507.748279	1967100.476720
 25-29 	2623467.285469	1280752.738731	1342714.546738
 30-34 	2244991.157193	1088667.143696	1156324.013497
 35-39 	2255936.937882	1088424.069584	1167512.868297
 40-44 	2291747.550059	1100187.537610	1191560.012449
 45-49 	1934002.640814	916358.524948	1017644.115866
 50-54 	1727116.626615	811202.189275	915914.437340
 55-59 	1448678.613859	681599.418672	767079.195187
 60-64 	1270035.906745	579546.401186	690489.505559
 65-69 	986180.432876	427131.123968	559049.308908
 70-74 	749550.067658	299284.474458	450265.593200
 75-79 	421762.698160	145000.344522	276762.353639
 80+ 	308456.757324	77687.551251	230769.206073
Total	48023059.618888	23568198.611372	24454861.007517
1975			
 0-4	7529516.797848	3831199.906213	3698316.891635
 5-9	6932813.562966	3518542.604495	3414270.958471
 10-14 	6326133.039640	3200681.619047	3125451.420593
 15-19 	5503278.935205	2777283.148905	2725995.786300
 20-24 	4254650.146177	2142745.088993	2111905.057184
 25-29 	2806527.404412	1375819.270953	1430708.133459
 30-34 	2265896.331658	1096859.418663	1169036.912995
 35-39 	2219919.295252	1069924.828639	1149994.466613
 40-44 	2314155.582698	1109706.856763	1204448.725935
 45-49 	1981595.301017	938928.704208	1042666.596808
 50-54 	1760021.723346	823932.091616	936089.631730
 55-59 	1473391.270675	691510.283656	781880.987020
 60-64 	1290864.670511	588820.049908	702044.620604
 65-69 	1002187.897634	433794.112922	568393.784712
 70-74 	765610.372580	306508.177760	459102.194821
 75-79 	445267.056838	155091.300987	290175.755852
 80+ 	321791.722748	82248.193516	239543.529232
Total	49193621.111207	24143595.657243	25050025.453964
1976			
 0-4	7581281.310977	3858061.267472	3723220.043505
 5-9	7017798.751895	3560937.418793	3456861.333102
 10-14 	6441671.383394	3259014.863671	3182656.519723
 15-19 	5671919.434131	2861221.892190	2810697.541941
 20-24 	4514435.050653	2275273.171685	2239161.878969
 25-29 	3023841.957777	1490957.780831	1532884.176947
 30-34 	2279827.957389	1100795.882258	1179032.075130
 35-39 	2187689.950211	1053356.870832	1134333.079379
 40-44 	2296632.177504	1099715.887579	1196916.289925
 45-49 	2044805.822030	968872.369261	1075933.452769
 50-54 	1778548.322533	830802.838599	947745.483934
 55-59 	1511807.504804	706997.188537	804810.316267
 60-64 	1302240.469775	594675.578160	707564.891615
 65-69 	1032431.764697	447056.971967	585374.792731
 70-74 	775622.695201	311512.072048	464110.623153
 75-79 	476125.492972	168252.170458	307873.322513
 80+ 	338800.789748	88086.695391	250714.094356
Total	50275480.835691	24675590.919731	25599889.915960
1977			
 0-4	7621930.520186	3878931.314735	3742999.205450
 5-9	7099963.526397	3602230.705954	3497732.820443
 10-14 	6553266.694055	3316084.446878	3237182.247177
 15-19 	5822390.264310	2936458.514200	2885931.750111
 20-24 	4748708.367593	2393207.071807	2355501.295786
 25-29 	3265701.747811	1619481.721071	1646220.026740
 30-34 	2311858.825104	1114373.895583	1197484.929521
 35-39 	2162697.781739	1040211.629082	1122486.152657
 40-44 	2257365.862811	1079179.320809	1178186.542002
 45-49 	2108575.511857	998931.728850	1109643.783007
 50-54 	1794040.337077	836937.001039	957103.336038
 55-59 	1555591.597073	724484.230279	831107.366794
 60-64 	1311465.350947	599742.680815	711722.670133
 65-69 	1067640.282214	462749.320923	604890.961291
 70-74 	784500.028364	316045.503813	468454.524551
 75-79 	508276.399020	181872.597866	326403.801153
 80+ 	359030.229286	95090.133858	263940.095428
Total	51333003.325844	25196011.817563	26136991.508281
1978			
 0-4	7664307.744685	3901025.580169	3763282.164516
 5-9	7179855.956976	3642353.467581	3537502.489394
 10-14 	6655858.311585	3368823.373557	3287034.938028
 15-19 	5958718.621194	3004760.736579	2953957.884614
 20-24 	4962925.977506	2500012.467641	2462913.509866
 25-29 	3524109.792429	1756223.857212	1767885.935217
 30-34 	2375788.617892	1145262.666106	1230525.951787
 35-39 	2143045.080687	1029177.185058	1113867.895629
 40-44 	2207741.629075	1053717.332041	1154024.297034
 45-49 	2161620.576285	1023608.254809	1138012.321475
 50-54 	1814595.623888	845943.671248	968651.952640
 55-59 	1597786.972030	740948.484960	856838.487070
 60-64 	1323429.559934	605680.500204	717749.059730
 65-69 	1101139.136522	477875.326185	623263.810337
 70-74 	795286.840590	321159.394418	474127.446172
 75-79 	537407.939825	194157.816839	343250.122986
 80+ 	382120.453759	103116.551519	279003.902240
Total	52385738.834862	25713846.666126	26671892.168736
1979			
 0-4	7717837.477554	3929141.346338	3788696.131216
 5-9	7262019.062251	3684890.570781	3577128.491470
 10-14 	6743383.613310	3412743.529467	3330640.083843
 15-19 	6087480.873572	3069541.642534	3017939.231038
 20-24 	5161814.451721	2598577.044553	2563237.407168
 25-29 	3793063.035739	1897187.147426	1895875.888313
 30-34 	2483414.270129	1199927.075671	1283487.194458
 35-39 	2132209.985918	1021986.306720	1110223.679198
 40-44 	2157033.213022	1027995.678980	1129037.534041
 45-49 	2196754.052829	1039530.003131	1157224.049698
 50-54 	1845649.429798	860314.354091	985335.075706
 55-59 	1634885.946362	755162.704775	879723.241587
 60-64 	1341742.643233	613914.318174	727828.325058
 65-69 	1129796.157702	491137.707908	638658.449794
 70-74 	810684.440182	328031.236114	482653.204068
 75-79 	561536.802618	204360.127690	357176.674928
 80+ 	408427.987633	112329.008371	296098.979262
Total	53467733.443573	26246769.802725	27220963.640848
1980			
 0-4	7792751.498446	3968433.770890	3824317.727556
 5-9	7317960.085686	3712398.292030	3605561.793656
 10-14 	6840872.871457	3463276.829632	3377596.041825
 15-19 	6212223.631008	3132926.782396	3079296.848612
 20-24 	5347252.118778	2690052.490354	2657199.628424
 25-29 	4068127.268133	2039504.300558	2028622.967575
 30-34 	2640432.930441	1281370.240539	1359062.689902
 35-39 	2134173.338022	1020769.011192	1113404.326830
 40-44 	2109628.142937	1004240.442015	1105387.700923
 45-49 	2211815.327195	1045753.637271	1166061.689924
 50-54 	1888940.562459	880818.617900	1008121.944559
 55-59 	1665732.467541	766876.057213	898856.410329
 60-64 	1367475.707102	624811.018344	742664.688758
 65-69 	1152863.214411	502185.056584	650678.157827
 70-74 	831232.819772	336972.619498	494260.200274
 75-79 	580376.721724	212391.045117	367985.676607
 80+ 	437715.943607	122633.668622	315082.274985
Total	54599574.648718	26805413.880153	27794160.768565
1981			
 0-4	7893511.343250	4021092.377789	3872418.965461
 5-9	7381456.983599	3745779.406061	3635677.577538
 10-14 	6928529.664947	3507314.139444	3421215.525503
 15-19 	6333154.250625	3194217.387726	3138936.862899
 20-24 	5526306.026860	2779011.827014	2747294.199846
 25-29 	4335723.399939	2175160.023060	2160563.376879
 30-34 	2861158.629991	1397605.360618	1463553.269373
 35-39 	2151825.732062	1026952.990813	1124872.741249
 40-44 	2080326.732596	989774.123055	1090552.609541
 45-49 	2197039.075040	1037792.792994	1159246.282047
 50-54 	1952352.333133	910884.465414	1041467.867719
 55-59 	1685301.750171	774328.450339	910973.299832
 60-64 	1406433.150356	640787.924047	765645.226309
 65-69 	1166216.146529	509347.431942	656868.714586
 70-74 	861075.131550	349630.167967	511444.963582
 75-79 	591830.683481	217505.982837	374324.700644
 80+ 	470354.447741	134154.914705	336199.533036
Total	55822595.481871	27411339.765828	28411255.716044
1982			
 0-4	8020078.482695	4086945.029580	3933133.453115
 5-9	7438564.418871	3775676.148130	3662888.270741
 10-14 	7014056.147888	3550449.021789	3463607.126100
 15-19 	6450534.837568	3254270.939107	3196263.898461
 20-24 	5693978.714293	2862656.904487	2831321.809806
 25-29 	4590770.440620	2302692.211817	2288078.228804
 30-34 	3118429.700515	1533103.273959	1585326.426557
 35-39 	2196327.784550	1047124.172661	1149203.611889
 40-44 	2063755.310821	981526.859514	1082228.451307
 45-49 	2164464.350168	1021384.370090	1143079.980078
 50-54 	2018145.582570	941985.877372	1076159.705197
 55-59 	1702763.967859	781521.713965	921242.253894
 60-64 	1450339.294613	658457.941539	791881.353073
 65-69 	1176981.340837	515347.916713	661633.424124
 70-74 	893703.902602	363481.327784	530222.574818
 75-79 	601181.990638	221719.040457	379462.950181
 80+ 	503859.931395	145920.303939	357939.627456
Total	57097936.198502	28044263.052903	29053673.145599
1983			
 0-4	8167006.837000	4163111.772688	4003895.064312
 5-9	7498528.362416	3807400.281792	3691128.080624
 10-14 	7098514.859479	3593013.295202	3505501.564277
 15-19 	6558418.982776	3309704.971283	3248714.011493
 20-24 	5848891.071932	2940241.807169	2908649.264763
 25-29 	4831192.307966	2421953.021597	2409239.286370
 30-34 	3398402.616620	1679865.461415	1718537.155205
 35-39 	2276785.570925	1086485.399398	1190300.171527
 40-44 	2055556.822474	976942.310685	1078614.511789
 45-49 	2123687.359043	1001220.172642	1122467.186400
 50-54 	2074827.986558	968631.364292	1106196.622266
 55-59 	1725808.504125	791860.269388	933948.234738
 60-64 	1492996.024418	675302.391730	817693.632688
 65-69 	1190476.580341	522205.214321	668271.366020
 70-74 	924602.247595	376790.538488	547811.709107
 75-79 	612142.859546	226451.538930	385691.320616
 80+ 	536484.785345	157287.771254	379197.014092
Total	58414323.778559	28698467.582273	29715856.196286
1984			
 0-4	8324312.485753	4244459.719512	4079852.766242
 5-9	7570950.281603	3845757.190433	3725193.091170
 10-14 	7185620.883491	3638179.160281	3547441.723211
 15-19 	6649938.231646	3355628.839130	3294309.392517
 20-24 	5992765.353547	3012695.798674	2980069.554873
 25-29 	5053800.635675	2532022.946496	2521777.689178
 30-34 	3687638.837845	1830223.035185	1857415.802659
 35-39 	2399668.435619	1148758.912304	1250909.523315
 40-44 	2055818.448552	975924.100240	1079894.348313
 45-49 	2081600.400886	980621.349321	1100979.051566
 50-54 	2114054.428807	986815.191127	1127239.237680
 55-59 	1758926.902164	807260.516178	951666.385985
 60-64 	1530694.742562	689956.173850	840738.568711
 65-69 	1209853.194610	531076.604968	678776.589642
 70-74 	951181.806543	388528.093325	562653.713218
 75-79 	626879.961115	232539.941965	394340.019151
 80+ 	567234.883103	167900.973873	399333.909230
Total	59760939.913523	29368348.546863	30392591.366659
1985			
 0-4	8484769.004748	4327296.720309	4157472.284439
 5-9	7663426.607895	3894497.143153	3768929.464742
 10-14 	7246584.892042	3668416.867642	3578168.024399
 15-19 	6750327.503974	3407475.853727	3342851.650247
 20-24 	6128017.448508	3081415.645150	3046601.803358
 25-29 	5257103.987851	2632470.101524	2624633.886327
 30-34 	3977887.485653	1979497.803494	1998389.682159
 35-39 	2567997.860764	1235642.627952	1332355.232812
 40-44 	2066727.071334	979648.520819	1087078.550514
 45-49 	2041555.038168	961220.257568	1080334.780600
 50-54 	2133108.802073	995272.136749	1137836.665324
 55-59 	1803476.347041	828245.802721	975230.544320
 60-64 	1562219.705527	702106.705404	860113.000124
 65-69 	1235964.276184	542204.016619	693760.259565
 70-74 	972955.750521	398466.607628	574489.142893
 75-79 	645767.578291	240174.223211	405593.355080
 80+ 	596333.243824	177843.463925	418489.779899
Total	61134222.604397	30051894.497594	31082328.106803
1986			
 0-4	8639282.702578	4406994.451482	4232288.251095
 5-9	7775756.131172	3953400.463759	3822355.667413
 10-14 	7312794.387757	3703303.532873	3609490.854885
 15-19 	6838012.464037	3451288.594156	3386723.869880
 20-24 	6251374.816938	3143864.250438	3107510.566500
 25-29 	5441921.702825	2724556.998902	2717364.703923
 30-34 	4248701.337971	2116136.754265	2132564.583706
 35-39 	2790180.371512	1352042.664616	1438137.706896
 40-44 	2086827.824372	987293.306602	1099534.517769
 45-49 	2015019.497127	948548.428464	1066471.068664
 50-54 	2120376.301299	988583.687015	1131792.614284
 55-59 	1865634.202025	857319.748961	1008314.453064
 60-64 	1581970.801434	709706.815177	872263.986257
 65-69 	1273409.035019	557348.147163	716060.887856
 70-74 	986218.624366	405175.672837	581042.951529
 75-79 	671716.841614	250378.765839	421338.075775
 80+ 	622877.711979	186815.110964	436062.601015
Total	62522074.754025	30742757.393514	31779317.360511
1987			
 0-4	8781783.457122	4480474.305669	4301309.151453
 5-9	7909993.527122	4023412.866700	3886580.660422
 10-14 	7372235.025510	3734526.553192	3637708.472318
 15-19 	6923351.829051	3494039.642592	3429312.186459
 20-24 	6368428.218193	3203456.727132	3164971.491061
 25-29 	5611230.577388	2809463.547343	2801767.030045
 30-34 	4502995.188428	2242850.909283	2260144.279146
 35-39 	3045509.593610	1485903.580300	1559606.013309
 40-44 	2131488.954409	1007604.847036	1123884.107372
 45-49 	1999718.120429	941199.000982	1058519.119447
 50-54 	2089538.723713	973303.080903	1116235.642810
 55-59 	1929600.576667	887060.161846	1042540.414821
 60-64 	1599471.313522	716907.573311	882563.740210
 65-69 	1315153.216699	573813.503899	741339.712800
 70-74 	997387.169733	410992.430502	586394.739231
 75-79 	699789.071379	261414.616646	438374.454733
 80+ 	649209.862155	195620.609169	453589.252986
Total	63926884.425128	31442043.956507	32484840.468621
1988			
 0-4	8910090.676867	4547061.950261	4363028.726606
 5-9	8061602.422749	4102092.140763	3959510.281987
 10-14 	7434320.473046	3767472.184666	3666848.288380
 15-19 	7007856.589345	3536391.387952	3471465.201393
 20-24 	6474628.945014	3257529.261305	3217099.683710
 25-29 	5765746.563369	2887266.771530	2878479.791839
 30-34 	4741119.696643	2360639.196021	2380480.500621
 35-39 	3322049.715155	1630222.564135	1691827.151019
 40-44 	2210748.641539	1046259.535444	1164489.106096
 45-49 	1992002.478418	937038.124275	1054964.354144
 50-54 	2050337.900663	954178.883189	1096159.017474
 55-59 	1984449.228585	912339.165211	1072110.063375
 60-64 	1622139.126948	726955.213436	895183.913512
 65-69 	1355491.478884	589379.798903	766111.679981
 70-74 	1011074.427273	417565.799419	593508.627854
 75-79 	726335.751137	271990.711811	454345.039326
 80+ 	677067.886819	204863.859993	472204.026826
Total	65347062.002455	32149246.548312	33197815.454143
1989			
 0-4	9024243.455298	4607372.373764	4416871.081534
 5-9	8221222.091773	4184615.930225	4036606.161549
 10-14 	7509088.597925	3807170.693541	3701917.904384
 15-19 	7095745.889142	3581841.985212	3513903.903930
 20-24 	6562898.762269	3301244.041445	3261654.720823
 25-29 	5907139.149755	2958727.775926	2948411.373829
 30-34 	4961529.353337	2469274.841557	2492254.511780
 35-39 	3608359.598659	1778297.068835	1830062.529824
 40-44 	2332214.745106	1107535.545388	1224679.199718
 45-49 	1992690.740234	936365.910286	1056324.829948
 50-54 	2009980.590099	934676.337831	1075304.252268
 55-59 	2022448.780207	929518.359015	1092930.421192
 60-64 	1654410.630510	741727.149957	912683.480553
 65-69 	1391122.628270	602913.324932	788209.303338
 70-74 	1030022.343096	425845.303341	604177.039755
 75-79 	749317.885232	281370.902859	467946.982373
 80+ 	707313.705531	214862.934098	492450.771432
Total	66779748.946442	32863360.478213	33916388.468229
1990			
 0-4	9117600.784905	4658225.006912	4459375.777993
 5-9	8383089.647202	4268126.779820	4114962.867382
 10-14 	7604271.673807	3857445.333524	3746826.340283
 15-19 	7158804.384355	3613234.465394	3545569.918962
 20-24 	6657283.964533	3349474.092014	3307809.872520
 25-29 	6035573.676836	3024071.312208	3011502.364627
 30-34 	5162285.286191	2568019.314225	2594265.971966
 35-39 	3896868.567391	1925703.572974	1971164.994417
 40-44 	2499516.822962	1193399.886642	1306116.936320
 45-49 	2004351.387725	940531.625656	1063819.762069
 50-54 	1971961.006111	916476.047494	1055484.958617
 55-59 	2041255.859823	937529.461712	1103726.398111
 60-64 	1697641.669087	761724.584541	935917.084545
 65-69 	1421091.710615	614230.525289	806861.185326
 70-74 	1054910.663252	435989.520498	618921.142754
 75-79 	768437.342823	289431.626631	479005.716192
 80+ 	739879.573292	225638.659027	514240.914265
Total	68214824.020910	33579251.814559	34635572.206351
1991			
 0-4	9177599.989722	4693094.665316	4484505.324407
 5-9	8540506.315036	4349288.419742	4191217.895295
 10-14 	7719700.028680	3918098.189606	3801601.839074
 15-19 	7228462.986592	3650066.427410	3578396.559181
 20-24 	6737041.225678	3388834.542936	3348206.682742
 25-29 	6146874.930242	3080247.901281	3066627.028960
 30-34 	5343948.259388	2657974.639415	2685973.619973
 35-39 	4168025.356427	2061359.397578	2106665.958850
 40-44 	2721844.209128	1309093.850724	1412750.358404
 45-49 	2026271.401186	949079.213148	1077192.188038
 50-54 	1947809.470916	905073.136103	1042736.334813
 55-59 	2030132.255445	931462.611213	1098669.644232
 60-64 	1757820.549159	789299.443141	968521.106018
 65-69 	1440547.703130	621677.412329	818870.290801
 70-74 	1089666.889804	449397.132819	640269.756985
 75-79 	780905.500892	295195.620984	485709.879908
 80+ 	775698.718204	237499.326326	538199.391879
Total	69632855.789629	34286741.930070	35346113.859558
1992			
 0-4	9186140.363184	4701949.591798	4484190.771386
 5-9	8691215.826694	4427380.477474	4263835.349220
 10-14 	7857135.843711	3989952.449270	3867183.394441
 15-19 	7292452.156111	3683906.515522	3608545.640589
 20-24 	6814292.660512	3427243.392669	3387049.267843
 25-29 	6247150.910085	3130990.548100	3116160.361985
 30-34 	5508236.532840	2739797.172180	2768439.360660
 35-39 	4423523.276217	2187337.821392	2236185.454825
 40-44 	2978257.620199	1442536.592543	1535721.027656
 45-49 	2073130.263516	970333.708581	1102796.554935
 50-54 	1935054.021565	898998.607954	1036055.413611
 55-59 	2002022.781741	917447.645291	1084575.136450
 60-64 	1819820.417782	817470.042353	1002350.375429
 65-69 	1458183.245974	628907.249253	829275.996721
 70-74 	1128157.335834	463862.571322	664294.764512
 75-79 	791848.924877	300372.752921	491476.171955
 80+ 	812613.734374	249737.935739	562875.798634
Total	71019235.915215	34978225.074362	36041010.840853
1993			
 0-4	9104682.448315	4664419.866529	4440262.581785
 5-9	8835558.084907	4502900.023325	4332658.061582
 10-14 	8011697.339700	4070402.214754	3941295.124946
 15-19 	7359780.031025	3719881.029895	3639899.001130
 20-24 	6893138.507451	3466662.130598	3426476.376852
 25-29 	6334545.194693	3175061.782132	3159483.412561
 30-34 	5655506.046303	2813538.676272	2841967.370030
 35-39 	4662595.188336	2304202.648619	2358392.539718
 40-44 	3256472.449929	1586602.516306	1669869.933623
 45-49 	2154562.509125	1009721.635651	1144840.873474
 50-54 	1929971.522564	896118.476598	1033853.045965
 55-59 	1966184.814725	899959.630549	1066225.184177
 60-64 	1873185.827892	841409.384525	1031776.443366
 65-69 	1480836.944488	638796.093124	842040.851364
 70-74 	1165359.808936	477541.695427	687818.113508
 75-79 	805049.686287	306200.623097	498849.063190
 80+ 	848862.459137	261771.999362	587090.459775
Total	72337988.863811	35635190.426765	36702798.437046
1994			
 0-4	8903488.361129	4565035.081919	4338453.279210
 5-9	8968062.007776	4573165.161139	4394896.846637
 10-14 	8173922.797373	4154558.949395	4019363.847978
 15-19 	7440048.886088	3762775.352002	3677273.534086
 20-24 	6979156.956649	3511086.209981	3468070.746668
 25-29 	6406473.765724	3209910.818092	3196562.947632
 30-34 	5788744.031894	2880752.102141	2907991.929753
 35-39 	4882913.754564	2411601.193838	2471312.560726
 40-44 	3544170.278993	1734236.439476	1809933.839517
 45-49 	2277492.377863	1071165.574789	1206326.803074
 50-54 	1933008.478176	896553.021756	1036455.456420
 55-59 	1929257.121035	882160.572850	1047096.548184
 60-64 	1910445.671883	857689.788872	1052755.883012
 65-69 	1512465.566869	652924.072082	859541.494788
 70-74 	1198377.398276	489504.369194	708873.029081
 75-79 	822750.161108	313382.678109	509367.482999
 80+ 	883632.845716	273315.072047	610317.773669
Total	73554410.461117	36239816.457682	37314594.003435
1995			
 0-4	8582358.478911	4403405.560577	4178952.918334
 5-9	9077590.026471	4632619.617393	4444970.409077
 10-14 	8338125.141086	4239557.295799	4098567.845287
 15-19 	7540436.456116	3816128.114835	3724308.341281
 20-24 	7043872.784897	3543118.431519	3500754.353377
 25-29 	6490398.390104	3252117.591778	3238280.798326
 30-34 	5910264.923326	2942802.591223	2967462.332103
 35-39 	5082454.486339	2509033.813801	2573420.672538
 40-44 	3832992.311987	1880719.131798	1952273.180189
 45-49 	2444914.364731	1156320.938106	1288593.426625
 50-54 	1946368.571545	901456.322155	1044912.249390
 55-59 	1894317.973087	865516.514235	1028801.458851
 60-64 	1929289.851516	865330.039647	1063959.811869
 65-69 	1554077.268752	671594.254709	882483.014043
 70-74 	1226419.606675	499630.701996	726788.904679
 75-79 	845443.935845	322008.599874	523435.335971
 80+ 	917176.461802	284445.764145	632730.697657
Total	74656501.033190	36785805.283591	37870695.749599
1996			
 0-4	8176436.197297	4197618.237044	3978817.960253
 5-9	9146756.330352	4672165.844579	4474590.485772
 10-14 	8498138.538053	4322287.486640	4175851.051413
 15-19 	7661518.946806	3880146.375177	3781372.571629
 20-24 	7120442.367208	3583128.006872	3537314.360336
 25-29 	6570131.094817	3290681.446835	3279449.647982
 30-34 	6019634.521101	2998617.770804	3021016.750296
 35-39 	5263022.135591	2598481.619208	2664540.516383
 40-44 	4103828.546686	2015399.382814	2088429.163872
 45-49 	2665821.265469	1270312.131555	1395509.133914
 50-54 	1969449.567860	910448.780178	1059000.787682
 55-59 	1872417.421318	855209.191709	1017208.229609
 60-64 	1919671.931523	859902.231607	1059769.699916
 65-69 	1611045.409855	696806.563712	914238.846143
 70-74 	1245429.976671	506647.843378	738782.133293
 75-79 	876285.311379	333094.805403	543190.505975
 80+ 	948772.536302	294914.056480	653858.479822
Total	75668802.098288	37285861.773997	38382940.324291
1997			
 0-4	7770818.760416	3991498.439624	3779320.320792
 5-9	9132494.182747	4669249.039841	4463245.142906
 10-14 	8651346.700993	4401825.023212	4249521.677781
 15-19 	7803779.710625	3954942.641326	3848837.069300
 20-24 	7191809.911173	3620445.770226	3571364.140947
 25-29 	6653108.199366	3331132.403666	3321975.795700
 30-34 	6121337.432596	3050876.301059	3070461.131536
 35-39 	5425950.486006	2680321.753428	2745628.732579
 40-44 	4358097.452871	2140201.903323	2217895.549548
 45-49 	2919443.563407	1401254.126912	1518189.436494
 50-54 	2016373.754779	931465.882634	1084907.872145
 55-59 	1861034.597226	849749.501138	1011285.096088
 60-64 	1893712.797917	847035.728578	1046677.069339
 65-69 	1669305.950425	722313.242484	946992.707941
 70-74 	1262897.190487	513534.865899	749362.324588
 75-79 	910168.839581	344962.154205	565206.685376
 80+ 	980685.732346	305439.483674	675246.248672
Total	76622365.262962	37756248.261230	38866117.001732
1998			
 0-4	7422328.073225	3814321.272737	3608006.800488
 5-9	9011318.700565	4611488.533467	4399830.167098
 10-14 	8797892.035239	4478568.695891	4319323.339349
 15-19 	7962273.704600	4037822.907877	3924450.796723
 20-24 	7265827.111186	3659613.051091	3606214.060094
 25-29 	6739871.720353	3373529.026096	3366342.694257
 30-34 	6212052.633670	3097353.178677	3114699.454993
 35-39 	5571757.960382	2754466.708901	2817291.251481
 40-44 	4595525.162986	2255903.541218	2339621.621768
 45-49 	3194106.087446	1542371.631408	1651734.456038
 50-54 	2096915.910112	969918.598206	1126997.311906
 55-59 	1856696.378627	847099.472220	1009596.906407
 60-64 	1860199.882876	830882.037560	1029317.845316
 65-69 	1719202.453348	743837.354079	975365.099269
 70-74 	1284840.884409	522663.622276	762177.262133
 75-79 	942907.383055	356168.528480	586738.854575
 80+ 	1014735.844699	316622.642536	698113.202163
Total	77548451.926779	38212630.802720	39335821.124060
1999			
 0-4	7142367.088736	3672152.003088	3470215.085648
 5-9	8783180.910024	4498539.365172	4284641.544852
 10-14 	8930468.040880	4548943.595327	4381524.445553
 15-19 	8126443.252883	4123302.951426	4003140.301458
 20-24 	7350389.307761	3704400.006061	3645989.301700
 25-29 	6832066.069774	3419704.668714	3412361.401061
 30-34 	6287098.332007	3134175.826181	3152922.505826
 35-39 	5703187.249538	2822302.561797	2880884.687741
 40-44 	4814085.678111	2362700.820808	2451384.857303
 45-49 	3478697.634956	1687533.568841	1791164.066115
 50-54 	2218721.159532	1029930.000002	1188791.159530
 55-59 	1859402.953967	846846.163436	1012556.790531
 60-64 	1824520.361358	813753.905112	1010766.456246
 65-69 	1753317.546175	757950.335411	995367.210764
 70-74 	1314402.603735	534951.464116	779451.139619
 75-79 	972055.069359	365864.777677	606190.291682
 80+ 	1051944.087918	328791.483758	723152.604159
Total	78442347.346714	38651843.496928	39790503.849786
2000			
 0-4	6941222.805671	3570378.127489	3370844.678182
 5-9	8455637.680627	4334007.193731	4121630.486896
 10-14 	9035672.052503	4606320.016321	4429352.036182
 15-19 	8289186.061648	4207827.081032	4081358.980616
 20-24 	7451532.471898	3757584.391635	3693948.080263
 25-29 	6899155.408187	3451211.345386	3447944.062801
 30-34 	6372212.267782	3176847.339285	3195364.928497
 35-39 	5822513.908562	2885370.933467	2937142.975095
 40-44 	5011932.236569	2460880.481131	2551051.755438
 45-49 	3766092.667916	1833143.811771	1932948.856145
 50-54 	2385799.037696	1113556.013764	1272243.023932
 55-59 	1870906.084444	849561.502432	1021344.582011
 60-64 	1788271.101231	796098.257994	992172.843237
 65-69 	1768872.119653	763319.446041	1005552.673612
 70-74 	1351916.953683	550070.979281	801845.974401
 75-79 	996938.558790	373759.059870	623179.498921
 80+ 	1092414.581678	341951.807817	750462.773861
Total	79300275.998537	39071887.788446	40228388.210091
2001			
 0-4	6803272.544373	3501106.746947	3302165.797426
 5-9	8069895.859503	4139166.446121	3930729.413382
 10-14 	9093254.307790	4640297.899971	4452956.407819
 15-19 	8441515.145085	4286925.581229	4154589.563856
 20-24 	7565695.936677	3817110.123455	3748585.813222
 25-29 	6967446.923588	3484697.821443	3482749.102145
 30-34 	6445810.653202	3211770.512698	3234040.140504
 35-39 	5926336.204249	2941173.273678	2985162.930571
 40-44 	5189098.072479	2551719.810493	2637378.261985
 45-49 	4036474.219707	1968437.217804	2068037.001904
 50-54 	2606628.520871	1225677.309236	1380951.211635
 55-59 	1890229.148390	854499.397852	1035729.750538
 60-64 	1760545.999197	781751.152695	978794.846503
 65-69 	1755806.876456	755488.701442	1000318.175014
 70-74 	1401226.648926	569092.726861	832133.922065
 75-79 	1014066.837427	378689.735701	635377.101726
 80+ 	1137258.765093	356362.734062	780896.031031
Total	80104562.663014	39463967.191688	40640595.471327
2002			
 0-4	6728616.446840	3464549.285762	3264067.161077
 5-9	7680692.983926	3942105.159997	3738587.823928
 10-14 	9062782.316235	4629711.531516	4433070.784719
 15-19 	8582459.382328	4360619.677637	4221839.704691
 20-24 	7697991.543074	3885930.633991	3812060.909083
 25-29 	7026819.010840	3513392.912787	3513426.098053
 30-34 	6519386.101189	3246462.509335	3272923.591854
 35-39 	6021053.651145	2992881.863197	3028171.787948
 40-44 	5347631.792423	2635675.893142	2711955.899282
 45-49 	4290856.949594	2095179.536819	2195677.412775
 50-54 	2861189.021357	1355132.996961	1506056.024396
 55-59 	1932771.152525	870476.886985	1062294.265540
 60-64 	1740073.463391	769960.414776	970113.048615
 65-69 	1725860.760426	739950.108815	985910.651611
 70-74 	1450234.140195	587168.334540	863065.805655
 75-79 	1029655.871532	382968.486882	646687.384651
 80+ 	1184177.212663	371225.035036	812952.177628
Total	80882251.799683	39843391.268178	41038860.531505
2003			
 0-4	6711298.803031	3458910.244913	3252388.558117
 5-9	7325785.384229	3762108.337655	3563677.046574
 10-14 	8923685.455172	4563744.117489	4359941.337683
 15-19 	8713718.813924	4430191.742361	4283527.071563
 20-24 	7844508.259216	3962145.270082	3882362.989134
 25-29 	7086547.205167	3542929.431568	3543617.773600
 30-34 	6593843.313396	3281299.947913	3312543.365483
 35-39 	6103236.447768	3037615.256906	3065621.190862
 40-44 	5487925.174993	2711742.082049	2776183.092944
 45-49 	4527531.137959	2213067.554834	2314463.583125
 50-54 	3137098.402398	1495102.144584	1641996.257814
 55-59 	2009277.604629	903767.745393	1105509.859235
 60-64 	1725274.528702	759915.909661	965358.619040
 65-69 	1688025.122692	721068.593394	966956.529298
 70-74 	1490711.244889	601243.483871	889467.761018
 75-79 	1048744.986869	388602.159244	660142.827624
 80+ 	1230858.370813	385692.063858	845166.306955
Total	81648070.255845	40219146.085776	41428924.170069
2004			
 0-4	6722621.671535	3470817.004628	3251804.666907
 5-9	7042801.231556	3618725.870459	3424075.361098
 10-14 	8679683.375970	4443998.279060	4235685.096910
 15-19 	8831163.266780	4493771.329002	4337391.937778
 20-24 	7996756.888017	4041724.162852	3955032.725165
 25-29 	7157067.699617	3579142.758168	3577924.941449
 30-34 	6672558.872248	3319762.554546	3352796.317703
 35-39 	6168815.901722	3071911.952695	3096903.949027
 40-44 	5613414.103680	2780867.771077	2832546.332603
 45-49 	4743956.173002	2321380.005328	2422576.167675
 50-54 	3421916.590718	1638797.081658	1783119.509060
 55-59 	2127225.842738	958771.377884	1168454.464853
 60-64 	1718387.061486	752863.177633	965523.883853
 65-69 	1648656.632582	701811.038211	946845.594371
 70-74 	1517100.956107	609384.534987	907716.421121
 75-79 	1074179.670537	396732.221097	677447.449440
 80+ 	1276128.303640	399378.531938	876749.771702
Total	82412434.241937	40599839.651223	41812594.590713
2005			
 0-4	6756427.975650	3497298.800653	3259129.174997
 5-9	6841797.674004	3517396.874673	3324400.799331
 10-14 	8340663.321928	4275242.616622	4065420.705306
 15-19 	8924143.094250	4546066.165785	4378076.928465
 20-24 	8148526.644145	4121400.281852	4027126.362293
 25-29 	7245198.462765	3625372.169903	3619826.292862
 30-34 	6726289.324148	3344566.767092	3381722.557056
 35-39 	6243078.373571	3111141.715768	3131936.657804
 40-44 	5726554.064101	2843966.989778	2882587.074323
 45-49 	4938215.407222	2419503.082736	2518712.324487
 50-54 	3706979.201689	1781448.713364	1925530.488325
 55-59 	2289089.669610	1036862.919443	1252226.750167
 60-64 	1722357.224152	750415.219573	971942.004579
 65-69 	1610268.701685	683161.014674	927107.687011
 70-74 	1528030.734943	611225.295424	916805.439519
 75-79 	1106405.358421	407504.930610	698900.427811
 80+ 	1319964.643898	412293.351470	907671.292428
Total	83173989.876182	40984866.909419	42189122.966763
2006			
 0-4	6803365.793403	3532825.332561	3270540.460842
 5-9	6707509.950953	3450801.316902	3256708.634051
 10-14 	7949235.298366	4079614.142706	3869621.155660
 15-19 	8974918.543565	4578128.878544	4396789.665021
 20-24 	8292608.101364	4197803.400922	4094804.700442
 25-29 	7350249.282230	3681590.170727	3668659.111503
 30-34 	6784595.027516	3374598.310067	3409996.717450
 35-39 	6306431.187220	3143239.693085	3163191.494135
 40-44 	5825141.516050	2898929.984604	2926211.531446
 45-49 	5111441.848483	2508929.249780	2602512.598703
 50-54 	3973193.578669	1912762.362150	2060431.216518
 55-59 	2502442.209605	1142382.969468	1360059.240137
 60-64 	1737144.464503	752692.807406	984451.657097
 65-69 	1582173.093319	669135.336213	913037.757106
 70-74 	1515759.868770	603779.251183	911980.617587
 75-79 	1148946.346978	422119.553053	726826.793925
 80+ 	1361193.991251	424133.528602	937060.462649
Total	83926350.102244	41373466.287973	42552883.814271
2007			
 0-4	6855104.182904	3570345.293449	3284758.889454
 5-9	6636802.524764	3418255.863724	3218546.661040
 10-14 	7558753.241498	3884077.377072	3674675.864426
 15-19 	8942223.392218	4568122.339363	4374101.052855
 20-24 	8428010.744936	4270260.711472	4157750.033464
 25-29 	7474858.080677	3748536.188405	3726321.892272
 30-34 	6835994.538883	3401577.411643	3434417.127240
 35-39 	6369383.595916	3174966.457474	3194417.138442
 40-44 	5915007.746591	2948883.147639	2966124.598952
 45-49 	5265745.087045	2590223.732745	2675521.354300
 50-54 	4221785.427206	2034405.404699	2187380.022508
 55-59 	2747714.628088	1264421.593939	1483293.034149
 60-64 	1776497.930876	767156.539624	1009341.391252
 65-69 	1562788.453961	658724.584642	904063.869318
 70-74 	1490257.332071	591254.051882	899003.280188
 75-79 	1191589.998486	436661.502731	754928.495755
 80+ 	1402995.427868	436045.622409	966949.805459
Total	84675512.333987	41763917.822912	42911594.511075
2008			
 0-4	6900182.784467	3602352.822660	3297829.961808
 5-9	6621677.447230	3416321.794826	3205355.652404
 10-14 	7204785.027189	3706624.506890	3498160.520299
 15-19 	8803185.288245	4503987.572429	4299197.715816
 20-24 	8555831.894107	4339497.562353	4216334.331754
 25-29 	7615088.783625	3823876.494545	3791212.289079
 30-34 	6890199.286883	3430902.757857	3459296.529026
 35-39 	6434010.039335	3207299.515861	3226710.523474
 40-44 	5992971.827967	2991865.510332	3001106.317635
 45-49 	5402169.814439	2663501.993233	2738667.821206
 50-54 	4452337.256978	2147142.491594	2305194.765384
 55-59 	3013469.008626	1396663.839292	1616805.169334
 60-64 	1849526.934159	798755.891589	1050771.042570
 65-69 	1549792.814011	650615.090766	899177.723245
 70-74 	1458807.045329	576793.317055	882013.728274
 75-79 	1227192.115198	448457.947121	778734.168077
 80+ 	1447978.045560	448975.604021	999002.441539
Total	85419205.413348	42153634.712423	43265570.700925
2009			
 0-4	6926265.038450	3622402.384578	3303862.653872
 5-9	6637895.499134	3432316.301611	3205579.197523
 10-14 	6925170.134232	3566460.368557	3358709.765675
 15-19 	8561177.872067	4386827.924357	4174349.947710
 20-24 	8673668.687651	4404353.882809	4269314.804843
 25-29 	7764887.886077	3904223.571209	3860664.314868
 30-34 	6959249.891483	3468242.107203	3491007.784280
 35-39 	6505846.302095	3243774.187414	3262072.114681
 40-44 	6055269.889834	3024394.240130	3030875.649704
 45-49 	5523830.758812	2729805.439682	2794025.319130
 50-54 	4662519.212757	2250757.291527	2411761.921230
 55-59 	3288620.367937	1533207.249794	1755413.118143
 60-64 	1963349.640205	851345.229389	1112004.410816
 65-69 	1545117.788653	645757.794025	899359.994628
 70-74 	1426609.913062	562663.875747	863946.037315
 75-79 	1250904.515307	455857.561128	795046.954179
 80+ 	1497477.377633	463393.208864	1034084.168769
Total	86167860.775389	42545782.618021	43622078.157369
2010			
 0-4	6929663.940402	3628235.414193	3301428.526209
 5-9	6679345.472121	3462848.967590	3216496.504531
 10-14 	6732221.051720	3469683.290044	3262537.761677
 15-19 	8227898.209280	4221901.662887	4005996.546393
 20-24 	8773419.857570	4460733.489779	4312686.367791
 25-29 	7922065.335590	3988030.797215	3934034.538375
 30-34 	7052504.444542	3517681.286182	3534823.158360
 35-39 	6559113.702692	3267953.912973	3291159.789719
 40-44 	6127871.005871	3061392.844279	3066478.161592
 45-49 	5632933.224683	2789707.840233	2843225.384450
 50-54 	4849803.502204	2344538.055152	2505265.447052
 55-59 	3565336.704323	1670034.070049	1895302.634273
 60-64 	2121338.980625	926733.314052	1194605.666573
 65-69 	1552275.465416	645996.967437	906278.497979
 70-74 	1396120.713304	549947.777979	846172.935326
 75-79 	1261787.366776	458821.775573	802965.591204
 80+ 	1551240.424531	479185.578444	1072054.846087
Total	86934939.401650	42943427.044061	43991512.357589
2011			
 0-4	6913522.389480	3622039.919442	3291482.470038
 5-9	6737465.842655	3502042.489641	3235423.353013
 10-14 	6614087.110073	3409829.192260	3204257.917812
 15-19 	7849945.359064	4032418.197718	3817527.161346
 20-24 	8842126.388471	4501422.141079	4340704.247392
 25-29 	8086010.056942	4074362.541969	4011647.514973
 30-34 	7173800.332639	3580277.993450	3593522.339190
 35-39 	6627171.029707	3299014.532018	3328156.497689
 40-44 	6193908.730467	3091168.813811	3102739.916655
 45-49 	5728790.620173	2841254.951784	2887535.668389
 50-54 	5015940.139613	2429878.162099	2586061.977514
 55-59 	3826215.079970	1797863.770047	2028351.309922
 60-64 	2332005.185325	1029527.856959	1302477.328366
 65-69 	1572401.387053	651925.477131	920475.909922
 70-74 	1376112.556737	542196.999141	833915.557596
 75-79 	1253914.129435	455300.133556	798613.995879
 80+ 	1610535.154527	496833.696787	1113701.457739
Total	87753951.492331	43357356.868894	44396594.623437
2012			
 0-4	6883181.353701	3607210.525889	3275970.827812
 5-9	6796255.296744	3541101.441018	3255153.855726
 10-14 	6562208.235931	3384721.491065	3177486.744866
 15-19 	7476108.128645	3843961.995745	3632146.132901
 20-24 	8829753.555194	4501123.923881	4328629.631313
 25-29 	8248062.941784	4159883.143561	4088179.798224
 30-34 	7318907.512474	3655330.174605	3663577.337869
 35-39 	6694210.906151	3328589.779975	3365621.126176
 40-44 	6261539.121262	3120169.331502	3141369.789760
 45-49 	5816070.938521	2887065.408521	2929005.530000
 50-54 	5161887.474103	2506805.212127	2655082.261976
 55-59 	4069515.841419	1916797.748196	2152718.093223
 60-64 	2574694.943219	1148787.041591	1425907.901628
 65-69 	1616710.951931	669433.231417	947277.720514
 70-74 	1364420.426783	537952.623785	826467.802998
 75-79 	1235229.314044	448326.851367	786902.462677
 80+ 	1669589.631677	514311.126552	1155278.505125
Total	88578346.573583	43771571.050795	44806775.522788
2013			
 0-4	6843977.121605	3586396.680801	3257580.440804
 5-9	6844895.240455	3573844.820619	3271050.419835
 10-14 	6566089.988585	3390002.712656	3176087.275929
 15-19 	7140311.101853	3673856.785688	3466454.316165
 20-24 	8710690.751728	4446343.657883	4264347.093845
 25-29 	8405583.493449	4243616.230154	4161967.263296
 30-34 	7481444.656340	3739815.826582	3741628.829758
 35-39 	6767374.618374	3361821.077168	3405553.541206
 40-44 	6332651.217257	3149948.986408	3182702.230848
 45-49 	5892631.752606	2925786.743486	2966845.009120
 50-54 	5289757.546200	2575461.248512	2714296.297688
 55-59 	4293813.849044	2026722.810372	2267091.038672
 60-64 	2837206.409723	1277918.857690	1559287.552033
 65-69 	1692904.432952	702538.207092	990366.225861
 70-74 	1358829.243378	535677.114734	823152.128643
 75-79 	1211856.702260	440150.474207	771706.228053
 80+ 	1724242.179206	530224.675149	1194017.504057
Total	89394260.305016	44180126.909203	45214133.395812
2014			
 0-4	6795551.112632	3559566.847572	3235984.265060
 5-9	6874677.757117	3595071.868551	3279605.888567
 10-14 	6598344.573206	3411954.021439	3186390.551767
 15-19 	6877268.460822	3540192.220167	3337076.240656
 20-24 	8485465.852292	4336914.802576	4148551.049716
 25-29 	8550191.636643	4321501.838064	4228689.798579
 30-34 	7651385.556593	3828640.439907	3822745.116686
 35-39 	6854273.687192	3403230.119937	3451043.567255
 40-44 	6411290.431025	3184343.847648	3226946.583377
 45-49 	5954911.511306	2954687.592504	3000223.918801
 50-54 	5403995.129640	2637342.287292	2766652.842348
 55-59 	4497019.312433	2127107.926945	2369911.385488
 60-64 	3107314.598949	1410389.530022	1696925.068927
 65-69 	1806433.061966	754178.474356	1052254.587609
 70-74 	1360441.085141	535632.905067	824808.180074
 75-79 	1188018.237758	432173.145854	755845.091905
 80+ 	1771737.827697	543706.321608	1228031.506088
Total	90188319.832413	44576634.189509	45611685.642903
2015			
 0-4	6737430.558486	3526199.331673	3211231.226813
 5-9	6882709.307560	3602904.977011	3279804.330549
 10-14 	6650987.313491	3446614.245457	3204373.068035
 15-19 	6696726.465645	3448272.265290	3248454.200356
 20-24 	8164858.816897	4177991.173712	3986867.643185
 25-29 	8669770.989445	4387645.108380	4282125.881065
 30-34 	7823842.171855	3919089.507085	3904752.664771
 35-39 	6960845.288934	3455938.628655	3504906.660279
 40-44 	6470382.221983	3207418.327798	3262963.894185
 45-49 	6027769.900690	2988840.716338	3038929.184353
 50-54 	5507623.973655	2693627.537373	2813996.436282
 55-59 	4677810.894183	2217607.181378	2460203.712806
 60-64 	3376607.741945	1541780.581462	1834827.160482
 65-69 	1959321.558206	825533.090273	1133788.467933
 70-74 	1371691.740316	539052.502899	832639.237417
 75-79 	1165529.145639	424880.326627	740648.819012
 80+ 	1812097.142450	554910.380868	1257186.761582
Total	90956005.231382	44958305.882278	45997699.349104
2016			
 0-4	6663448.711799	3483150.811931	3180297.899868
 5-9	6868102.703700	3597599.634826	3270503.068874
 10-14 	6711192.705936	3486629.585401	3224563.120535
 15-19 	6581057.291423	3389513.253162	3191544.038260
 20-24 	7788562.854763	3989938.736689	3798624.118074
 25-29 	8741079.156022	4430247.190160	4310831.965862
 30-34 	7988796.242910	4006077.499908	3982718.743002
 35-39 	7082894.723910	3518034.685900	3564860.038010
 40-44 	6536763.094291	3236141.506091	3300621.588200
 45-49 	6090182.396802	3015384.056231	3074798.340571
 50-54 	5596960.721737	2741313.863385	2855646.858353
 55-59 	4835874.616851	2298710.449057	2537164.167794
 60-64 	3626140.130963	1662268.227474	1963871.903489
 65-69 	2157210.801529	919784.628547	1237426.172982
 70-74 	1392229.266178	545885.187081	846344.079097
 75-79 	1150611.997978	420480.501990	730131.495988
 80+ 	1842085.922839	562769.839619	1279316.083220
Total	91653193.339631	45303929.657452	46349263.682178
2017			
 0-4	6577821.222846	3433310.839227	3144510.383618
 5-9	6839908.874622	3583579.529673	3256329.344949
 10-14 	6770334.287065	3525972.822796	3244361.464270
 15-19 	6530213.862723	3365093.708005	3165120.154718
 20-24 	7416704.196112	3803253.877372	3613450.318740
 25-29 	8729552.756622	4431052.924150	4298499.832472
 30-34 	8150416.447358	4091665.570103	4058750.877254
 35-39 	7227153.850160	3592552.730251	3634601.119909
 40-44 	6602831.858641	3264917.551167	3337914.307475
 45-49 	6156343.155132	3043220.412029	3113122.743103
 50-54 	5681591.745571	2785408.763735	2896182.981836
 55-59 	4977134.400398	2372728.505968	2604405.894430
 60-64 	3858927.675205	1774213.100100	2084714.575105
 65-69 	2384116.609345	1028472.583647	1355644.025699
 70-74 	1434116.392235	562272.167572	871844.224663
 75-79 	1142944.815149	418545.065335	724399.749815
 80+ 	1865342.607660	568588.434700	1296754.172960
Total	92345454.756845	45644848.585830	46700606.171015
2018			
 0-4	6479350.776121	3376642.084320	3102708.691801
 5-9	6798542.800553	3561005.288943	3237537.511610
 10-14 	6818176.127074	3558549.154231	3259626.972843
 15-19 	6533640.647921	3370414.285882	3163226.362039
 20-24 	7081830.119115	3634369.958907	3447460.160208
 25-29 	8609749.218317	4376665.092281	4233084.126037
 30-34 	8305717.662853	4174567.868335	4131149.794518
 35-39 	7387117.573686	3675903.488495	3711214.085191
 40-44 	6674312.229618	3297458.715229	3376853.514389
 45-49 	6226010.828419	3072283.287342	3153727.541077
 50-54 	5756562.895801	2823140.749720	2933422.146081
 55-59 	5101624.226824	2439109.365201	2662514.861623
 60-64 	4073454.748134	1877650.224673	2195804.523461
 65-69 	2628835.283474	1145772.381689	1483062.901785
 70-74 	1504276.214526	591875.659735	912400.554792
 75-79 	1140305.204744	417926.368943	722378.835802
 80+ 	1883632.269649	573090.763637	1310541.506012
Total	93003138.826828	45966424.737562	47036714.089267
2019			
 0-4	6368521.317833	3313604.090153	3054917.227680
 5-9	6746407.110977	3531808.595923	3214598.515054
 10-14 	6847204.000704	3579612.978523	3267591.022180
 15-19 	6565314.574103	3392320.366665	3172994.207438
 20-24 	6819601.481902	3501762.534377	3317838.947526
 25-29 	8384530.370260	4268146.567253	4116383.803007
 30-34 	8448305.292756	4251729.594245	4196575.698511
 35-39 	7554576.877024	3763673.279283	3790903.597741
 40-44 	6759505.401647	3338196.639945	3421308.761702
 45-49 	6303160.511720	3105956.166590	3197204.345130
 50-54 	5817777.174147	2851495.114588	2966282.059559
 55-59 	5213178.770141	2499220.091743	2713958.678398
 60-64 	4268237.565365	1972467.584416	2295769.980949
 65-69 	2880666.500422	1266140.003339	1614526.497082
 70-74 	1607917.549408	637480.030203	970437.519205
 75-79 	1143698.546464	419007.285155	724691.261309
 80+ 	1898426.306727	576774.891327	1321651.415400
Total	93627029.351600	46269395.813728	47357633.537872
2020			
 0-4	6248424.119806	3246121.424943	3002302.694864
 5-9	6684175.549648	3496181.767930	3187993.781718
 10-14 	6854583.871062	3587321.146672	3267262.724390
 15-19 	6617301.525051	3426867.574771	3190433.950280
 20-24 	6639497.093692	3410571.707513	3228925.386179
 25-29 	8064665.543014	4110568.125241	3954097.417773
 30-34 	8566030.652507	4317215.662088	4248814.990419
 35-39 	7724700.303792	3853120.233981	3871580.069811
 40-44 	6864412.653075	3390255.590896	3474157.062179
 45-49 	6361454.355294	3128881.573237	3232572.782056
 50-54 	5889657.682289	2885197.752635	3004459.929654
 55-59 	5314789.664547	2554223.371646	2760566.292901
 60-64 	4442081.679533	2058392.796773	2383688.882760
 65-69 	3132051.901292	1385755.379151	1746296.522140
 70-74 	1746761.926585	700064.733712	1046697.192873
 75-79 	1155272.319877	422840.328076	732431.991801
 80+ 	1910762.038085	579942.735513	1330819.302571
Total	94216622.879148	46553521.904778	47663100.974369
2021			
 0-4	6122851.008041	3176164.165540	2946686.842500
 5-9	6609976.651629	3453251.781441	3156724.870187
 10-14 	6842066.167054	3583178.763003	3258887.404051
 15-19 	6678764.500296	3467588.875018	3211175.625278
 20-24 	6526493.667926	3353462.979199	3173030.688726
 25-29 	7693933.753931	3926181.210962	3767752.542969
 30-34 	8640626.082172	4361626.062453	4279000.019719
 35-39 	7891647.728207	3941068.737648	3950578.990559
 40-44 	6988209.771913	3453245.163339	3534964.608574
 45-49 	6429934.361291	3158849.325662	3271085.035629
 50-54 	5954192.240418	2913049.893142	3041142.347277
 55-59 	5405005.789068	2602227.055817	2802778.733251
 60-64 	4596454.734141	2136709.895501	2459744.838640
 65-69 	3367107.268215	1496575.696391	1870531.571823
 70-74 	1926560.754369	782689.949593	1143870.804776
 75-79 	1175372.591647	429677.462014	745695.129633
 80+ 	1923073.454186	583419.331671	1339654.122515
Total	94772270.524503	46818966.348394	47953304.176109
2022			
 0-4	5996936.740989	3106374.328615	2890562.412374
 5-9	6522591.972047	3402876.944403	3119715.027644
 10-14 	6814052.649053	3569318.415610	3244734.233443
 15-19 	6738020.640087	3507024.945013	3230995.695074
 20-24 	6476242.859258	3329525.258607	3146717.600651
 25-29 	7324872.051995	3741680.720333	3583191.331662
 30-34 	8630170.907894	4363233.188894	4266937.719000
 35-39 	8053049.123933	4026530.254168	4026518.869765
 40-44 	7132103.744966	3527611.017216	3604492.727751
 45-49 	6496378.894413	3188128.973787	3308249.920626
 50-54 	6020769.130816	2941465.175885	3079303.954930
 55-59 	5489176.455770	2646160.022627	2843016.433143
 60-64 	4733604.491617	2207967.972319	2525636.519298
 65-69 	3586112.512447	1599625.025365	1986487.487082
 70-74 	2131873.000142	877631.532328	1254241.467814
 75-79 	1213398.706672	444154.126963	769244.579709
 80+ 	1936060.426682	587243.410920	1348817.015762
Total	95295414.308782	47066551.313053	48228862.995728
2023			
 0-4	5874460.331069	3038493.377074	2835966.953995
 5-9	6422898.582858	3345926.761381	3076971.821477
 10-14 	6772887.247498	3546913.127833	3225974.119665
 15-19 	6786015.429417	3539712.512895	3246302.916522
 20-24 	6480036.403438	3335137.419836	3144898.983602
 25-29 	6992595.607113	3574808.668337	3417786.938776
 30-34 	8512225.982344	4310255.197579	4201970.784765
 35-39 	8208408.385504	4109494.516634	4098913.868870
 40-44 	7291799.102501	3610881.544170	3680917.558331
 45-49 	6568418.075118	3221323.458644	3347094.616473
 50-54 	6090957.601887	2971234.520267	3119723.081620
 55-59 	5564212.302699	2684181.167817	2880031.134883
 60-64 	4854988.864336	2272296.222576	2582692.641760
 65-69 	3788547.195266	1695339.588790	2093207.606476
 70-74 	2353232.646465	980109.401292	1373123.245172
 75-79 	1275681.917357	469428.659296	806253.258061
 80+ 	1949579.037303	591126.395962	1358452.641342
Total	95786944.712173	47296662.540383	48490282.171790
2024			
 0-4	5758140.474261	2973640.909140	2784499.565120
 5-9	6311167.627649	3282857.930718	3028309.696931
 10-14 	6720952.219438	3517892.549212	3203059.670226
 15-19 	6815231.155264	3560916.065637	3254315.089627
 20-24 	6511941.008714	3357223.321076	3154717.687637
 25-29 	6732487.128309	3443835.286553	3288651.841756
 30-34 	8289450.650447	4203607.279650	4085843.370797
 35-39 	8351142.275346	4186767.025534	4164375.249812
 40-44 	7458935.209430	3698515.821712	3760419.387719
 45-49 	6654016.568336	3262595.996975	3391420.571361
 50-54 	6168405.077594	3005458.180989	3162946.896605
 55-59 	5626030.936068	2713293.228158	2912737.707910
 60-64 	4964192.129097	2330907.552774	2633284.576323
 65-69 	3972885.583865	1783541.583352	2189344.000513
 70-74 	2581141.843345	1085402.555604	1495739.287740
 75-79 	1366672.105933	507790.387731	858881.718202
 80+ 	1965184.864478	595599.042831	1369585.821647
Total	96247976.857574	47509844.717646	48738132.139928
2025			
 0-4	5650945.258840	2913444.265394	2737500.993447
 5-9	6190625.594289	3215614.750927	2975010.843362
 10-14 	6658922.590780	3482443.577123	3176479.013658
 15-19 	6822838.304465	3568798.226313	3254040.078152
 20-24 	6564068.791151	3391874.586377	3172194.204774
 25-29 	6553990.319048	3353883.163823	3200107.155225
 30-34 	7972586.499522	4048336.927256	3924249.572266
 35-39 	8469155.956953	4252469.736358	4216686.220595
 40-44 	7628695.124008	3787791.308623	3840903.815385
 45-49 	6759023.174539	3314955.351338	3444067.823202
 50-54 	6227488.021277	3029348.049320	3198139.971957
 55-59 	5698275.864920	2747599.876117	2950675.988803
 60-64 	5064041.511009	2384857.956858	2679183.554151
 65-69 	4137960.851196	1863949.366793	2274011.484403
 70-74 	2808999.989911	1190326.768222	1618673.221690
 75-79 	1487706.766236	559985.772081	927720.994155
 80+ 	1985248.454373	601665.031960	1383583.422413
Total	96680573.072517	47707344.714880	48973228.357637
2026			
 0-4	5554767.620491	2859168.973193	2695598.647298
 5-9	6065480.309552	3146334.021915	2919146.287637
 10-14 	6584924.251516	3439700.046567	3145224.204949
 15-19 	6810573.500536	3564862.349638	3245711.150897
 20-24 	6625629.554750	3432672.965543	3192956.589207
 25-29 	6442160.635525	3297701.550337	3144459.085188
 30-34 	7605147.774275	3866507.241638	3738640.532636
 35-39 	8544304.765841	4297310.941252	4246993.824588
 40-44 	7795284.365793	3875572.432368	3919711.933426
 45-49 	6882614.794264	3378013.456881	3504601.337382
 50-54 	6296402.431112	3059999.960604	3236402.470508
 55-59 	5763436.947560	2776303.823797	2987133.123763
 60-64 	5153088.901057	2432293.488040	2720795.413017
 65-69 	4284989.818779	1937628.022967	2347361.795812
 70-74 	3022856.832361	1288101.782960	1734755.049401
 75-79 	1643564.999502	628452.821165	1015112.178338
 80+ 	2011821.215949	610104.494998	1401716.720951
Total	97087048.718863	47890728.373862	49196320.345000
2027			
 0-4	5471180.637937	2812254.276282	2658926.361655
 5-9	5940079.636527	3077044.392613	2863035.243914
 10-14 	6497743.696170	3389515.606566	3108228.089605
 15-19 	6782853.465708	3551238.593392	3231614.872316
 20-24 	6684978.966287	3472188.432617	3212790.533670
 25-29 	6392657.602704	3274371.723845	3118285.878859
 30-34 	7239298.278975	3684512.601676	3554785.677299
 35-39 	8534967.372995	4299792.383330	4235174.989664
 40-44 	7956353.755124	3960885.088662	3995468.666462
 45-49 	7025975.191897	3452193.523904	3573781.667992
 50-54 	6363356.699309	3090022.295328	3273334.403981
 55-59 	5830609.744390	2805569.807389	3025039.937001
 60-64 	5236472.767463	2475969.921839	2760502.845624
 65-69 	4416083.079070	2005046.514246	2411036.564824
 70-74 	3222791.212699	1379522.477277	1843268.735423
 75-79 	1821234.614888	707005.986749	1114228.628139
 80+ 	2052610.674922	624302.019209	1428308.655713
Total	97469247.397064	48061435.644925	49407811.752139
2028			
 0-4	5400110.375159	2772898.502645	2627211.872514
 5-9	5818280.985000	3009646.080673	2808634.904327
 10-14 	6398267.890561	3332764.956685	3065502.933876
 15-19 	6741988.576619	3529079.594323	3212908.982296
 20-24 	6733138.655188	3505007.926004	3228130.729184
 25-29 	6396868.640309	3280332.153937	3116536.486372
 30-34 	6909972.630410	3519943.784108	3390028.846303
 35-39 	8418931.804140	4248299.578131	4170632.226009
 40-44 	8111480.107462	4043760.648829	4067719.458633
 45-49 	7184939.809174	3535114.429418	3649825.379755
 50-54 	6435844.068653	3123890.513627	3311953.555026
 55-59 	5901288.067499	2836124.536895	3065163.530604
 60-64 	5311250.935424	2514136.502869	2797114.432556
 65-69 	4532670.958868	2066318.464551	2466352.494317
 70-74 	3408272.523390	1464931.849530	1943340.673860
 75-79 	2012637.488182	791743.663003	1220893.825179
 80+ 	2112661.335644	646499.125502	1466162.210142
Total	97828604.851682	48220492.310728	49608112.540953
2029			
 0-4	5340328.984935	2740290.912795	2600038.072140
 5-9	5703790.122593	2945987.233042	2757802.889551
 10-14 	6286752.928311	3269889.813365	3016863.114945
 15-19 	6690380.379907	3500321.341291	3190059.038616
 20-24 	6762598.384811	3526410.718975	3236187.665836
 25-29 	6429033.919654	3302643.416719	3126390.502936
 30-34 	6652317.708749	3390891.033542	3261426.675207
 35-39 	8198871.762014	4143755.124379	4055116.637635
 40-44 	8254154.653681	4121066.281102	4133088.372579
 45-49 	7351308.226301	3622354.720218	3728953.506083
 50-54 	6521695.438692	3165660.110405	3356035.328287
 55-59 	5978952.754873	2870910.097952	3108042.656922
 60-64 	5373518.897212	2543938.051527	2829580.845685
 65-69 	4638133.780067	2122528.344099	2515605.435968
 70-74 	3577857.658597	1544131.752629	2033725.905967
 75-79 	2209785.754052	878878.060898	1330907.693154
 80+ 	2196260.868180	678614.710027	1517646.158153
Total	98165742.222629	48368271.722965	49797470.499664
2030			
 0-4	5291219.036865	2713990.795897	2577228.240968
 5-9	5599070.148800	2887421.099619	2711649.049181
 10-14 	6166438.905862	3202840.926619	2963597.979243
 15-19 	6628697.584192	3465145.021126	3163552.563066
 20-24 	6770533.907975	3534563.790430	3235970.117545
 25-29 	6481318.680696	3337434.448047	3143884.232649
 30-34 	6475695.252292	3302420.642021	3173274.610271
 35-39 	7885470.764547	3991155.253638	3894315.510909
 40-44 	8372380.920097	4186995.883297	4185385.036800
 45-49 	7520343.815525	3711254.196147	3809089.619378
 50-54 	6626628.778607	3218240.612505	3408388.166102
 55-59 	6038977.486125	2895900.925430	3143076.560695
 60-64 	5445958.150600	2578725.846340	2867232.304261
 65-69 	4735123.120659	2174622.878922	2560500.241737
 70-74 	3730473.246443	1616847.949383	2113625.297059
 75-79 	2407254.941595	965932.440722	1441322.500873
 80+ 	2304972.408764	721352.694052	1583619.714712
Total	98480557.149644	48504845.404195	49975711.745449
2031			
 0-4	5251493.817374	2693008.773086	2558485.044288
 5-9	5505356.774029	2834908.243357	2670448.530672
 10-14 	6041534.518637	3133751.618995	2907782.899642
 15-19 	6555066.667610	3422687.522711	3132379.144899
 20-24 	6758667.574396	3530957.231080	3227710.343316
 25-29 	6542988.447085	3378333.158786	3164655.288299
 30-34 	6365263.902205	3247362.590696	3117901.311509
 35-39 	7521908.745489	3812305.648221	3709603.097269
 40-44 	8448165.879383	4232370.517417	4215795.361966
 45-49 	7686324.246625	3798733.540262	3887590.706363
 50-54 	6749845.050086	3281258.174209	3468586.875877
 55-59 	6108465.518720	2927326.693413	3181138.825307
 60-64 	5511715.816719	2608230.615390	2903485.201329
 65-69 	4822157.175222	2220783.824475	2601373.350748
 70-74 	3867034.485218	1683898.434715	2183136.050503
 75-79 	2593461.232856	1047561.605356	1545899.627500
 80+ 	2442722.864627	776467.217398	1666255.647229
Total	98772172.716283	48629945.409567	50142227.306715
2032			
 0-4	5219006.318560	2676115.042926	2542891.275634
 5-9	5423945.491604	2789425.494213	2634519.997391
 10-14 	5916382.955304	3064650.353312	2851732.601992
 15-19 	6468290.089495	3372809.745959	3095480.343537
 20-24 	6731377.582381	3517695.752018	3213681.830363
 25-29 	6602454.121720	3417956.626267	3184497.495453
 30-34 	6316705.526769	3224806.942686	3091898.584083
 35-39 	7159908.391283	3633260.717079	3526647.674204
 40-44 	8440238.528466	4235957.698106	4204280.830360
 45-49 	7846905.286991	3883820.112138	3963085.174853
 50-54 	6892466.500247	3355098.227184	3537368.273063
 55-59 	6176119.628504	2958190.798036	3217928.830468
 60-64 	5579478.286932	2638285.343939	2941192.942992
 65-69 	4904065.956475	2263562.198219	2640503.758256
 70-74 	3989422.523825	1745653.596027	2243768.927798
 75-79 	2768269.322792	1124331.719856	1643937.602936
 80+ 	2604364.476774	841460.545462	1762903.931311
Total	99039400.988121	48743080.913428	50296320.074693
2033			
 0-4	5191034.912572	2661783.650122	2529251.262450
 5-9	5355167.986616	2751253.759786	2603914.226830
 10-14 	5794827.342772	2997436.020111	2797391.322661
 15-19 	6369268.383234	3316391.831007	3052876.552227
 20-24 	6690942.271656	3495908.056057	3195034.215599
 25-29 	6650770.551573	3450918.645987	3199851.905586
 30-34 	6321461.775104	3231227.842917	3090233.932187
 35-39 	6834098.600765	3471378.441577	3362720.159188
 40-44 	8326547.801550	4186261.879228	4140285.922323
 45-49 	8001642.637424	3966527.520240	4035115.117184
 50-54 	7050388.135394	3437430.027793	3612958.107600
 55-59 	6249180.074629	2992764.372283	3256415.702346
 60-64 	5650590.195592	2669526.292074	2981063.903518
 65-69 	4978010.030355	2301296.985052	2676713.045303
 70-74 	4098933.826276	1802194.682357	2296739.143919
 75-79 	2931119.442789	1196492.461842	1734626.980947
 80+ 	2786218.681374	914545.989565	1871672.691809
Total	99280202.649675	48843338.457997	50436864.191678
2034			
 0-4	5165794.926344	2648844.974768	2516949.951576
 5-9	5297756.408448	2719856.604420	2577899.804028
 10-14 	5680565.545236	2933947.709981	2746617.835255
 15-19 	6258198.412781	3253844.602877	3004353.809904
 20-24 	6639809.069817	3467549.700172	3172259.369644
 25-29 	6680477.497069	3472538.247313	3207939.249755
 30-34 	6353964.437513	3253827.762165	3100136.675348
 35-39 	6579329.214647	3344529.955216	3234799.259431
 40-44 	8109750.483351	4084187.597860	4025562.885491
 45-49 	8144069.140128	4043747.841203	4100321.298925
 50-54 	7215574.627557	3523956.919228	3691617.708329
 55-59 	6335238.144965	3034932.860405	3300305.284560
 60-64 	5728287.358749	2704682.393847	3023604.964902
 65-69 	5040263.457029	2331298.147683	2708965.309346
 70-74 	4198624.005137	1854444.707474	2344179.297663
 75-79 	3080668.792428	1263837.601897	1816831.190532
 80+ 	2984969.042661	994184.386848	1990784.655813
Total	99493340.563860	48930212.013358	50563128.550502
2035			
 0-4	5142334.526539	2636811.539798	2505522.986741
 5-9	5250616.966073	2694563.202922	2556053.763151
 10-14 	5576061.827408	2875542.321071	2700519.506337
 15-19 	6138307.196774	3187109.936483	2951197.260291
 20-24 	6578647.886110	3432802.477125	3145845.408985
 25-29 	6688760.038903	3480987.127413	3207772.911489
 30-34 	6406419.630664	3288768.118963	3117651.511702
 35-39 	6404874.185258	3257719.602764	3147154.582493
 40-44 	7800438.282807	3934657.360319	3865780.922487
 45-49 	8262305.904230	4109760.026307	4152545.877923
 50-54 	7383363.896087	3612078.499740	3771285.396346
 55-59 	6439829.108513	3087480.362767	3352348.745746
 60-64 	5789178.860868	2730634.204045	3058544.656823
 65-69 	5112298.790763	2366022.358365	2746276.432398
 70-74 	4290879.267301	1903216.550011	2387662.717291
 75-79 	3215962.830910	1326119.368221	1889843.462689
 80+ 	3198459.976672	1079495.396450	2118964.580222
Total	99678739.175879	49003768.452765	50674970.723114
2036			
 0-4	5120053.572417	2625378.191755	2494675.380662
 5-9	5212026.493192	2674163.912706	2537862.580486
 10-14 	5482547.120087	2823178.441210	2659368.678877
 15-19 	6013826.710968	3118331.582739	2895495.128229
 20-24 	6505566.098415	3390794.515637	3114771.582778
 25-29 	6677330.468564	3477746.817697	3199583.650867
 30-34 	6468170.489438	3329738.356458	3138432.132980
 35-39 	6296020.165839	3203877.184852	3092142.980987
 40-44 	7441408.009005	3759191.720620	3682216.288385
 45-49 	8338552.588851	4155525.039440	4183027.549412
 50-54 	7548146.166046	3698801.647526	3849344.518519
 55-59 	6562187.242220	3150056.617634	3412130.624586
 60-64 	5859000.784874	2762574.352316	3096426.432558
 65-69 	5178115.376065	2395852.399577	2782262.976488
 70-74 	4374190.581525	1946768.236547	2427422.344978
 75-79 	3337600.935586	1383902.678119	1953698.257467
 80+ 	3422053.389596	1168446.844678	2253606.544919
Total	99836796.192687	49064328.539509	50772467.653178
2037			
 0-4	5098088.287808	2614100.126276	2483988.161532
 5-9	5180044.210387	2657529.080376	2522515.130011
 10-14 	5401312.851261	2777829.064362	2623483.786898
 15-19 	5889084.983977	3049530.507133	2839554.476844
 20-24 	6419367.939492	3341384.740677	3077983.198814
 25-29 	6650545.312905	3464906.036386	3185639.276520
 30-34 	6527713.300042	3369426.547183	3158286.752860
 35-39 	6248477.330173	3182111.324331	3066366.005842
 40-44 	7083876.973860	3583472.389547	3500404.584312
 45-49 	8332008.934684	4160165.457071	4171843.477613
 50-54 	7707629.285202	3783185.379466	3924443.905736
 55-59 	6703393.640999	3223026.599972	3480367.041027
 60-64 	5927090.630505	2793994.301981	3133096.328524
 65-69 	5245906.977625	2426219.402314	2819687.575311
 70-74 	4453004.749010	1987395.281299	2465609.467711
 75-79 	3447204.020634	1437463.056271	2009740.964363
 80+ 	3652246.898172	1259921.554138	2392325.344034
Total	99966996.326737	49111660.848784	50855335.477953
2038			
 0-4	5075179.962846	2602330.778091	2472849.184755
 5-9	5152786.860960	2643561.434875	2509225.426085
 10-14 	5332691.977709	2739774.590273	2592917.387436
 15-19 	5767921.994597	2982602.533930	2785319.460666
 20-24 	6320949.560047	3285451.331548	3035498.228499
 25-29 	6610677.947897	3443588.744178	3167089.203720
 30-34 	6576161.492470	3402496.590649	3173664.901820
 35-39 	6253777.276830	3188960.109950	3064817.166880
 40-44 	6762132.009932	3424608.596399	3337523.413533
 45-49 	8220898.609059	4112388.424692	4108510.184367
 50-54 	7861392.554215	3865260.430750	3996132.123465
 55-59 	6859468.936423	3304153.749161	3555315.187263
 60-64 	6000398.559633	2828936.255522	3171462.304110
 65-69 	5316810.729872	2457622.982101	2859187.747770
 70-74 	4524679.896045	2023576.713824	2501103.182221
 75-79 	3545935.524945	1486858.226971	2059077.297975
 80+ 	3886446.273201	1353126.623250	2533319.649951
Total	100068310.166681	49145298.116164	50923012.050517
2039			
 0-4	5050692.617496	2589745.057488	2460947.560008
 5-9	5128549.823229	2631128.945497	2497420.877732
 10-14 	5275422.338934	2708482.964982	2566939.373951
 15-19 	5654034.458898	2919385.068122	2734649.390776
 20-24 	6210501.200401	3223398.407871	2987102.792530
 25-29 	6560155.783965	3415733.678170	3144422.105794
 30-34 	6606108.875987	3424311.191011	3181797.684976
 35-39 	6286578.548643	3211793.365935	3074785.182709
 40-44 	6510684.911812	3300226.552175	3210458.359637
 45-49 	8007867.735007	4013089.913310	3994777.821697
 50-54 	8003059.671713	3941979.742303	4061079.929410
 55-59 	7022616.143979	3389313.578726	3633302.565254
 60-64 	6086234.081006	2871097.049445	3215137.031561
 65-69 	5393716.067940	2492492.027250	2901224.040689
 70-74 	4585787.242617	2052871.803927	2532915.438690
 75-79 	3636452.662426	1532835.287690	2103617.374736
 80+ 	4121713.372679	1447068.258495	2674645.114184
Total	100140175.536733	49164952.892399	50975222.644334
2040			
 0-4	5024409.181440	2576231.196998	2448177.984442
 5-9	5105993.634764	2619549.387589	2486444.247175
 10-14 	5228407.624201	2683280.234007	2545127.390195
 15-19 	5549877.612386	2861230.922427	2688646.689959
 20-24 	6091242.236766	3157163.110376	2934079.126389
 25-29 	6499647.558781	3381518.890982	3118128.667799
 30-34 	6614760.468092	3433059.312580	3181701.155512
 35-39 	6339146.996451	3246815.664631	3092331.331820
 40-44 	6338708.469929	3215261.754255	3123446.715674
 45-49 	7703408.383047	3867121.656848	3836286.726199
 50-54 	8120910.022040	4007734.614860	4113175.407180
 55-59 	7188306.640172	3476007.177223	3712299.462949
 60-64 	6189909.802135	2923107.674725	3266802.127410
 65-69 	5454976.219366	2518953.940912	2936022.278454
 70-74 	4656122.497513	2086520.558241	2569601.939272
 75-79 	3720825.386239	1576062.499367	2144762.886872
 80+ 	4356246.890165	1541118.739808	2815128.150357
Total	100182899.623487	49170737.335830	51012162.287657
2041			
 0-4	4996225.421203	2561738.466979	2434486.954224
 5-9	5084135.112791	2608317.832825	2475817.279966
 10-14 	5189930.946680	2662963.122503	2526967.824176
 15-19 	5456682.086931	2809096.905591	2647585.181339
 20-24 	5967387.668799	3088876.512509	2878511.156290
 25-29 	6427262.042004	3340077.362853	3087184.679151
 30-34 	6603816.910191	3430211.244546	3173605.665645
 35-39 	6400914.670906	3287785.915218	3113128.755688
 40-44 	6231651.483866	3162763.934787	3068887.549078
 45-49 	7349844.465370	3695652.876187	3654191.589183
 50-54 	8197402.829530	4053676.789678	4143726.039852
 55-59 	7351092.157285	3561357.111588	3789735.045697
 60-64 	6310705.114614	2984654.897062	3326050.217552
 65-69 	5524440.625729	2550811.747370	2973628.878359
 70-74 	4720875.552438	2115791.113276	2605084.439162
 75-79 	3797539.157389	1614933.177613	2182605.979777
 80+ 	4587323.343309	1634301.026447	2953022.316862
Total	100197229.589034	49163010.037034	51034219.552000
2042			
 0-4	4965771.634444	2546077.052926	2419694.581518
 5-9	5062164.587224	2597020.740429	2465143.846795
 10-14 	5158048.798462	2646401.538831	2511647.259632
 15-19 	5375735.816280	2763954.566181	2611781.250099
 20-24 	5843257.907685	3020555.952520	2822701.955165
 25-29 	6341802.433330	3291265.431335	3050537.001995
 30-34 	6577615.409476	3417837.923417	3159777.486059
 35-39 	6460472.279024	3327472.847907	3132999.431117
 40-44 	6185257.870986	3141863.016398	3043394.854588
 45-49 	6997747.791148	3523900.734910	3473847.056238
 50-54 	8192352.943156	4059378.924679	4132974.018477
 55-59 	7508751.541588	3644474.226090	3864277.315498
 60-64 	6449650.223001	3056079.960727	3393570.262274
 65-69 	5592374.450064	2582247.390260	3010127.059804
 70-74 	4787572.996011	2145594.968705	2641978.027306
 75-79 	3870563.338413	1651446.890617	2219116.447796
 80+ 	4814117.096595	1726205.215448	3087911.881147
Total	100183257.116888	49141777.381379	51041479.735509
2043			
 0-4	4932345.679642	2528889.675370	2403456.004272
 5-9	5039386.446784	2585299.252697	2454087.194087
 10-14 	5130883.285194	2632500.569086	2498382.716108
 15-19 	5307374.162579	2726085.381399	2581288.781180
 20-24 	5722679.720357	2954085.282688	2768594.437668
 25-29 	6244151.140325	3235951.292658	3008199.847667
 30-34 	6538422.329388	3397060.303502	3141362.025886
 35-39 	6509003.311609	3360593.478031	3148409.833578
 40-44 	6191153.023615	3149161.090594	3041991.933021
 45-49 	6680965.639623	3368659.652651	3312305.986973
 50-54 	8084351.859956	4013817.927407	4070533.932548
 55-59 	7660894.790075	3725402.498614	3935492.291461
 60-64 	6602933.883022	3135269.850706	3467664.032317
 65-69 	5665334.325139	2617016.613845	3048317.711294
 70-74 	4857108.493645	2176290.005560	2680818.488085
 75-79 	3937547.595831	1684295.127585	2253252.468247
 80+ 	5036251.587285	1816529.143966	3219722.443319
Total	100140787.274069	49106907.146358	51033880.127711
2044			
 0-4	4895728.118043	2510064.556874	2385663.561169
 5-9	5015304.786095	2572901.657851	2442403.128244
 10-14 	5106729.488059	2620128.678134	2486600.809925
 15-19 	5250335.600026	2694956.992054	2555378.607972
 20-24 	5609344.973944	2891301.534709	2718043.439235
 25-29 	6134507.354981	3174544.014241	2959963.340740
 30-34 	6488635.157285	3369790.200804	3118844.956481
 35-39 	6539163.181750	3382566.576821	3156596.604930
 40-44 	6224265.393003	3172220.941779	3052044.451224
 45-49 	6433597.350989	3247254.578753	3186342.772236
 50-54 	7876050.710015	3917899.468920	3958151.241095
 55-59 	7801285.545933	3801196.239709	4000089.306223
 60-64 	6763072.164282	3218323.392911	3544748.771371
 65-69 	5750267.172884	2658573.998805	3091693.174078
 70-74 	4931960.017365	2209953.040181	2722006.977184
 75-79 	3995479.890328	1711380.115211	2284099.775116
 80+ 	5254068.868802	1905284.857058	3348784.011744
Total	100069795.773783	49058340.844816	51011454.928967
2045			
 0-4	4856144.447326	2489718.015683	2366426.431643
 5-9	4989430.975828	2559575.578655	2429855.397173
 10-14 	5084256.033911	2608609.833767	2475646.200145
 15-19 	5203528.009897	2669900.613879	2533627.396019
 20-24 	5505697.528276	2833546.600749	2672150.927526
 25-29 	6016076.769905	3108969.531982	2907107.237923
 30-34 	6428907.017700	3336199.303521	3092707.714180
 35-39 	6548191.802622	3391604.644902	3156587.157720
 40-44 	6276938.360346	3207305.100184	3069633.260162
 45-49 	6264674.291388	3164528.615288	3100145.676100
 50-54 	7577843.986320	3776396.521115	3801447.465205
 55-59 	7918428.708279	3866400.413576	4052028.294704
 60-64 	6925722.682852	3302874.569133	3622848.113718
 65-69 	5852147.053328	2709334.407924	3142812.645404
 70-74 	4992806.436092	2236316.455238	2756489.980854
 75-79 	4061939.192724	1742396.913939	2319542.278784
 80+ 	5468045.491339	1992622.015816	3475423.475524
Total	99970778.788135	48996299.135350	50974479.652785
2046			
 0-4	4813943.572419	2468028.124265	2345915.448154
 5-9	4961354.732090	2545117.355861	2416237.376228
 10-14 	5062453.837106	2597426.692847	2465027.144258
 15-19 	5165219.603963	2649703.922959	2515515.681004
 20-24 	5412927.198171	2781757.986630	2631169.211542
 25-29 	5893006.720524	3041317.960538	2851688.759987
 30-34 	6357323.098887	3295410.792472	3061912.306415
 35-39 	6537755.168989	3389157.576102	3148597.592888
 40-44 	6338694.684027	3248245.671364	3090449.012663
 45-49 	6159837.182980	3113665.394132	3046171.788848
 50-54 	7231432.560206	3610037.311590	3621395.248616
 55-59 	7995130.529095	3912412.835613	4082717.693482
 60-64 	7085630.083085	3386180.764067	3699449.319018
 65-69 	5970303.180106	2769016.435609	3201286.744497
 70-74 	5060964.675455	2267374.525109	2793590.150346
 75-79 	4123714.191419	1769762.547452	2353951.643967
 80+ 	5674601.538031	2076470.473896	3598131.064135
Total	99844292.556553	48921086.370506	50923206.186047
2047			
 0-4	4769423.815153	2445149.015884	2324274.799269
 5-9	4930699.915560	2529330.636507	2401369.279052
 10-14 	5040536.987737	2586175.044180	2454361.943557
 15-19 	5133487.626424	2633251.109648	2500236.516776
 20-24 	5332365.267709	2736924.426266	2595440.841443
 25-29 	5769650.575903	2973621.448886	2796029.127017
 30-34 	6272712.831374	3247288.815669	3025424.015705
 35-39 	6512180.495123	3377281.809180	3134898.685943
 40-44 	6398243.291936	3287906.539885	3110336.752051
 45-49 	6114864.307382	3093816.022946	3021048.284436
 50-54 	6886513.161713	3443406.179560	3443106.982154
 55-59 	7992061.872604	3919413.305467	4072648.567138
 60-64 	7240661.964962	3467409.090037	3773252.874925
 65-69 	6105661.042558	2837905.202222	3267755.840335
 70-74 	5127880.107294	2298158.641991	2829721.465303
 75-79 	4187418.605605	1797693.517516	2389725.088089
 80+ 	5876489.347797	2158204.332827	3718285.014970
Total	99690851.216834	48832935.138670	50857916.078165
2048			
 0-4	4724051.588464	2421831.768886	2302219.819578
 5-9	4896980.924178	2511969.180544	2385011.743634
 10-14 	5017809.303113	2574497.050931	2443312.252181
 15-19 	5106456.888502	2619446.998220	2487009.890282
 20-24 	5264352.984916	2699334.776298	2565018.208618
 25-29 	5649818.408439	2907752.255046	2742066.153393
 30-34 	6175948.489618	3192694.036281	2983254.453337
 35-39 	6473713.176172	3357079.513112	3116633.663061
 40-44 	6446851.671745	3321069.630033	3125782.041713
 45-49 	6121487.027796	3101653.032977	3019833.994819
 50-54 	6576317.390646	3292865.938550	3283451.452096
 55-59 	7888308.347613	3876724.901163	4011583.446450
 60-64 	7390462.891333	3546614.680548	3843848.210785
 65-69 	6254605.923754	2914023.641348	3340582.282406
 70-74 	5199543.889234	2332012.913612	2867530.975622
 75-79 	4253611.678628	1826356.810547	2427254.868082
 80+ 	6071404.643992	2236562.855174	3834841.788818
Total	99511725.228145	48732489.983271	50779235.244874
2049			
 0-4	4678693.298879	2398518.395207	2280174.903672
 5-9	4860264.876338	2493068.017719	2367196.858619
 10-14 	4993806.657096	2562155.109092	2431651.548005
 15-19 	5082443.241599	2607172.306255	2475270.935344
 20-24 	5207686.543939	2668488.603016	2539197.940923
 25-29 	5537261.861247	2845579.218650	2691682.642598
 30-34 	6067276.988949	3132053.581514	2935223.407435
 35-39 	6424734.861968	3330438.708840	3094296.153128
 40-44 	6477249.789797	3343206.415799	3134043.373998
 45-49 	6154972.070120	3124974.045442	3029998.024677
 50-54 	6334358.864256	3175331.178808	3159027.685448
 55-59 	7686534.616872	3785258.424093	3901276.192778
 60-64 	7528975.382226	3620971.730675	3908003.651551
 65-69 	6410084.492566	2993760.401865	3416324.090701
 70-74 	5282361.778060	2372044.940354	2910316.837706
 75-79 	4324228.082333	1857379.681833	2466848.400500
 80+ 	6256936.767134	2309821.207684	3947115.559450
Total	99307870.173377	48620221.966843	50687648.206534
2050			
 0-4	4630560.226612	2373798.883320	2256761.343291
 5-9	4821215.865893	2472965.941394	2348249.924499
 10-14 	4968064.087007	2548905.748285	2419158.338722
 15-19 	5060144.818182	2595761.507527	2464383.310655
 20-24 	5161315.890490	2643734.181073	2517581.709416
 25-29 	5434463.108330	2788451.026229	2646012.082101
 30-34 	5949886.655939	3067261.087159	2882625.568780
 35-39 	6365836.791555	3297463.275127	3068373.516428
 40-44 	6486602.141720	3352457.326564	3134144.815156
 45-49 	6207582.536662	3159974.415579	3047608.121082
 50-54 	6169231.395318	3095321.374619	3073910.020700
 55-59 	7396507.995621	3649354.399916	3747153.595705
 60-64 	7644405.932673	3684827.622398	3959578.310275
 65-69 	6567191.514970	3074418.783937	3492772.731033
 70-74 	5379864.997109	2419815.768092	2960049.229018
 75-79 	4381803.621097	1881851.313998	2499952.307099
 80+ 	6446170.043128	2385091.232069	4061078.811059
Total	99070847.622306	48491453.887287	50579393.735019
