Year	4		9		14		19		24		29		34		39		44		49		54		59		64		69		74		79		100	
1970.00	7143.03	6461.29	5609.53	4318.11	2812.61	2323.42	2274.36	2404.94	2044.13	1863.36	1566.12	1438.40	1169.36	1015.11	657.15	391.26	290.38
1971.00	7257.47	6576.50	5794.71	4605.05	3044.20	2361.69	2247.34	2399.49	2097.04	1886.81	1593.60	1443.38	1178.81	1007.50	678.28	398.19	304.99
1972.00	7385.03	6675.59	5949.80	4864.28	3327.85	2408.18	2234.45	2362.01	2167.37	1895.79	1634.61	1438.06	1202.53	988.77	702.77	401.32	314.11
1973.00	7517.55	6763.71	6081.14	5095.81	3643.26	2477.91	2235.68	2305.65	2241.04	1900.12	1682.15	1430.16	1233.40	968.82	725.43	403.36	316.54
1974.00	7639.91	6848.68	6198.00	5305.31	3959.19	2593.53	2248.71	2251.13	2296.08	1915.60	1725.57	1431.59	1261.23	959.59	739.95	407.65	311.37
1975.00	7742.80	6937.57	6306.29	5497.19	4254.63	2767.33	2273.59	2211.84	2319.90	1950.92	1758.93	1448.81	1280.75	966.45	744.82	415.62	297.94
1976.00	7864.32	7042.44	6403.72	5650.50	4497.65	2965.13	2290.77	2172.98	2308.03	2000.27	1781.62	1479.35	1293.81	990.90	758.10	445.74	323.82
1977.00	7930.14	7165.41	6503.33	5793.56	4725.15	3217.47	2317.37	2149.70	2268.15	2069.43	1793.69	1524.78	1299.46	1027.29	763.59	479.77	347.85
1978.00	7963.53	7301.94	6605.38	5928.35	4937.54	3503.85	2366.61	2140.22	2210.83	2143.15	1803.30	1577.53	1304.08	1069.57	767.51	513.59	370.79
1979.00	8003.63	7438.38	6712.45	6056.89	5137.09	3791.93	2458.59	2139.74	2153.12	2197.67	1823.45	1626.08	1317.19	1108.31	778.10	541.56	394.11
1980.00	8080.37	7556.80	6828.88	6181.16	5325.44	4061.12	2604.57	2146.73	2106.40	2219.19	1861.05	1664.03	1343.81	1138.50	799.61	561.50	418.23
1981.00	8141.24	7662.85	6950.33	6300.59	5510.05	4331.34	2817.97	2173.90	2076.29	2214.26	1913.30	1689.27	1375.25	1152.80	826.06	574.76	458.82
1982.00	8255.99	7747.33	7080.17	6408.19	5675.27	4581.89	3084.39	2209.83	2059.73	2180.41	1983.38	1703.02	1419.80	1159.31	860.71	581.18	499.25
1983.00	8410.02	7812.13	7215.54	6509.97	5824.60	4813.25	3384.19	2268.91	2056.20	2128.87	2057.39	1713.63	1471.10	1165.04	898.30	586.43	536.70
1984.00	8573.42	7870.86	7345.53	6615.91	5963.47	5029.91	3687.23	2372.73	2062.93	2077.81	2113.74	1734.98	1519.42	1179.65	931.73	597.34	568.35
1985.00	8725.32	7943.07	7457.28	6731.65	6094.56	5233.95	3973.27	2532.67	2079.41	2038.77	2139.47	1774.41	1558.88	1207.87	957.93	616.79	593.06
1986.00	8902.06	8040.75	7544.72	6852.61	6210.45	5416.31	4240.14	2742.66	2106.20	2008.75	2133.39	1824.52	1580.53	1237.67	972.22	641.10	630.61
1987.00	9036.59	8163.28	7619.37	6987.23	6318.09	5582.90	4489.79	3006.62	2142.79	1993.46	2101.05	1893.26	1593.20	1279.82	980.12	671.32	662.66
1988.00	9136.56	8308.47	7687.60	7125.61	6422.39	5735.46	4721.39	3304.80	2202.49	1991.72	2052.81	1966.06	1604.98	1328.40	987.38	703.28	690.59
1989.00	9223.91	8462.90	7762.76	7252.22	6529.88	5875.89	4936.99	3605.63	2305.43	1999.71	2004.99	2021.02	1628.12	1374.10	1001.91	731.12	716.67
1990.00	9314.59	8606.49	7856.98	7359.20	6644.41	6005.93	5138.15	3888.01	2462.73	2016.50	1968.26	2045.83	1668.65	1411.80	1027.98	752.42	741.96
1991.00	9407.07	8749.43	7975.72	7446.65	6750.81	6118.72	5327.62	4159.60	2675.42	2045.86	1941.79	2041.85	1716.92	1432.94	1058.30	766.13	787.98
1992.00	9495.05	8885.67	8109.44	7521.48	6868.53	6212.96	5495.67	4412.24	2940.77	2084.10	1928.83	2012.41	1782.57	1445.26	1098.01	773.97	832.25
1993.00	9549.44	9010.75	8251.06	7593.26	6991.82	6294.45	5642.83	4645.10	3238.91	2144.72	1928.60	1967.28	1852.19	1456.96	1141.59	781.38	872.73
1994.00	9506.23	9121.44	8395.57	7679.09	7111.27	6376.63	5773.04	4861.97	3540.35	2249.12	1938.69	1923.19	1906.23	1480.49	1181.89	795.39	906.98
1995.00	9323.48	9211.76	8540.61	7788.31	7221.54	6470.23	5889.51	5064.76	3825.90	2409.29	1959.01	1891.18	1933.56	1521.98	1215.84	819.29	933.81
1996.00	9108.03	9277.05	8674.68	7894.30	7306.49	6576.18	5988.38	5242.34	4088.25	2615.23	1984.52	1863.25	1924.68	1565.48	1234.87	846.66	976.50
1997.00	8658.38	9341.06	8816.42	8031.39	7390.66	6705.42	6082.40	5409.33	4340.56	2877.86	2022.80	1852.45	1896.75	1627.73	1248.20	882.38	1015.45
1998.00	8073.55	9385.45	8951.57	8189.25	7477.69	6843.57	6173.57	5562.14	4579.05	3176.18	2085.71	1855.67	1857.74	1695.20	1262.12	921.53	1050.75
1999.00	7524.39	9370.45	9067.56	8347.56	7570.72	6967.25	6262.88	5694.23	4798.20	3475.59	2190.35	1867.05	1819.53	1746.75	1285.38	956.65	1082.98
2000.00	7127.87	9253.29	9162.42	8492.46	7672.91	7065.38	6351.82	5803.26	4994.12	3753.16	2345.70	1885.10	1790.05	1770.72	1322.32	984.31	1113.02
2001.00	6579.92	9040.93	9276.35	8650.74	7810.46	7183.88	6481.69	5925.76	5196.97	4039.23	2556.52	1908.36	1763.39	1765.66	1369.71	1006.81	1172.38
2002.00	6435.89	8641.79	9345.94	8767.90	7935.02	7259.46	6599.66	6011.54	5359.55	4295.20	2815.89	1935.51	1741.66	1733.08	1424.43	1018.67	1226.49
2003.00	6571.73	8091.74	9369.21	8860.42	8057.45	7312.92	6709.04	6078.36	5491.50	4523.42	3108.18	1984.14	1727.52	1686.15	1476.84	1028.50	1275.49
2004.00	6774.11	7502.23	9310.73	8952.82	8189.55	7377.23	6812.77	6151.19	5608.66	4734.93	3408.90	2080.04	1723.91	1642.14	1514.17	1047.58	1319.69
2005.00	6897.96	7023.21	9117.27	9050.45	8332.61	7470.54	6909.53	6241.77	5719.33	4935.37	3699.61	2237.30	1734.01	1609.73	1530.14	1080.41	1358.62
2006.00	7223.98	6688.98	8768.03	9106.50	8437.83	7565.43	6976.77	6328.72	5804.82	5101.42	3946.56	2430.25	1748.13	1575.99	1518.21	1115.30	1410.71
2007.00	7344.63	6531.90	8306.22	9188.67	8549.12	7689.75	7043.05	6438.91	5888.29	5259.08	4188.38	2680.62	1774.90	1555.88	1492.15	1162.36	1459.30
2008.00	7312.41	6553.07	7771.46	9247.25	8662.58	7832.10	7112.82	6559.76	5971.87	5404.51	4423.45	2968.44	1826.14	1548.33	1458.35	1211.40	1505.26
2009.00	7245.43	6679.83	7267.23	9202.47	8772.13	7975.27	7191.98	6671.02	6057.35	5533.73	4647.22	3261.84	1920.23	1550.42	1425.48	1247.51	1550.87
2010.00	7228.94	6790.97	6898.52	9011.19	8873.61	8111.75	7285.89	6763.49	6147.41	5647.55	4855.35	3541.51	2068.23	1562.02	1399.48	1263.44	1598.06
2011.00	7221.82	6872.13	6683.40	8684.10	8977.75	8263.14	7411.42	6852.78	6242.46	5734.80	5021.38	3800.57	2267.08	1581.60	1375.79	1255.98	1667.77
2012.00	7184.18	6961.96	6604.35	8214.71	9088.86	8406.11	7555.63	6933.76	6353.94	5813.74	5168.56	4046.06	2517.31	1611.26	1362.32	1235.46	1737.58
2013.00	7138.02	7047.53	6627.61	7679.74	9159.72	8537.72	7710.96	7012.27	6472.40	5888.23	5298.51	4274.61	2798.97	1663.89	1358.54	1208.79	1802.26
2014.00	7080.90	7121.73	6692.54	7203.93	9121.20	8660.30	7868.62	7101.11	6585.14	5966.71	5415.18	4485.27	3083.44	1759.02	1363.78	1184.40	1854.68
2015.00	7012.09	7180.86	6757.06	6865.65	8936.05	8772.44	8021.70	7207.72	6684.68	6054.47	5521.08	4677.44	3352.42	1906.49	1379.26	1166.78	1890.45
2016.00	6873.62	7223.81	6839.62	6655.77	8620.67	8888.45	8179.97	7339.04	6779.09	6153.85	5610.61	4845.11	3601.22	2093.93	1399.82	1150.15	1936.31
2017.00	6788.63	7214.27	6929.85	6575.30	8152.53	9000.59	8321.16	7481.36	6858.45	6263.56	5686.48	4989.44	3835.21	2326.68	1427.18	1140.27	1970.74
2018.00	6732.24	7153.01	7021.19	6595.48	7615.68	9067.33	8448.53	7632.30	6933.43	6378.24	5757.71	5114.41	4053.62	2587.62	1474.30	1138.20	1993.31
2019.00	6669.79	7060.13	7099.79	6658.88	7138.84	9024.35	8568.38	7786.77	7020.10	6488.51	5835.63	5226.38	4256.68	2851.98	1560.41	1144.30	2004.21
2020.00	6574.76	6968.42	7147.31	6725.80	6802.09	8837.50	8680.41	7939.77	7127.38	6588.77	5926.07	5330.16	4443.69	3104.31	1695.50	1159.79	2005.31
2021.00	6481.22	6889.81	7160.81	6801.90	6589.77	8520.29	8788.70	8090.02	7251.23	6676.09	6017.67	5415.39	4599.72	3331.77	1865.07	1177.21	2023.68
2022.00	6353.64	6809.18	7136.59	6895.63	6510.90	8057.90	8900.99	8230.79	7392.73	6755.30	6125.15	5492.10	4738.77	3550.49	2075.73	1200.63	2037.80
2023.00	6202.14	6727.15	7081.03	6991.58	6533.92	7528.48	8972.42	8361.79	7546.43	6833.67	6241.84	5565.73	4863.09	3758.96	2311.10	1242.06	2050.15
2024.00	6052.56	6638.68	7010.02	7069.71	6598.46	7055.35	8933.66	8484.44	7703.08	6923.14	6355.19	5644.30	4975.81	3954.39	2548.85	1318.47	2059.97
2025.00	5922.53	6535.95	6936.71	7116.40	6664.58	6717.70	8747.96	8596.53	7856.01	7031.16	6457.65	5733.52	5079.58	4134.29	2776.41	1437.92	2066.26
2026.00	5790.61	6425.73	6867.42	7130.05	6745.41	6513.20	8436.75	8708.11	8008.30	7156.63	6545.40	5828.61	5163.96	4281.84	2983.82	1586.07	2095.52
2027.00	5692.15	6300.06	6792.24	7102.44	6839.48	6436.96	7977.16	8819.95	8147.94	7296.90	6622.70	5936.39	5238.84	4413.04	3183.86	1767.50	2127.42
2028.00	5620.57	6162.16	6710.10	7044.71	6933.01	6458.34	7449.49	8889.15	8276.26	7447.64	6699.24	6050.41	5310.83	4531.54	3374.78	1968.79	2169.33
2029.00	5561.02	6020.97	6616.30	6976.12	7008.91	6519.77	6979.15	8850.00	8397.65	7602.50	6789.33	6160.77	5389.68	4641.78	3554.37	2172.71	2233.08
2030.00	5504.10	5888.60	6506.20	6907.58	7055.27	6583.03	6644.41	8666.93	8510.75	7756.00	6900.25	6262.12	5480.84	4746.09	3721.09	2369.91	2327.17
2031.00	5475.74	5776.26	6387.64	6834.49	7068.68	6665.03	6439.62	8355.64	8618.93	7903.96	7020.80	6348.67	5571.29	4824.12	3855.98	2547.27	2471.92
2032.00	5442.31	5679.88	6257.83	6759.51	7042.41	6761.43	6364.61	7900.41	8731.01	8043.11	7158.77	6427.51	5677.13	4896.06	3978.53	2721.28	2639.36
2033.00	5405.26	5600.82	6120.55	6679.45	6986.34	6856.37	6387.93	7378.98	8802.71	8172.94	7309.78	6505.85	5791.17	4968.17	4090.91	2890.31	2827.29
2034.00	5369.63	5534.71	5985.06	6587.33	6918.14	6931.08	6450.62	6913.76	8766.34	8295.67	7465.96	6595.96	5902.37	5048.66	4195.90	3050.71	3033.96
2035.00	5339.52	5473.25	5860.77	6479.11	6849.02	6973.94	6513.40	6582.14	8585.91	8409.49	7620.77	6705.55	6004.62	5141.91	4295.88	3199.89	3257.89
2036.00	5329.47	5423.14	5756.00	6358.30	6778.70	6991.43	6595.57	6379.86	8277.74	8517.16	7765.94	6826.74	6088.44	5228.33	4370.15	3317.56	3511.70
2037.00	5308.53	5384.30	5664.21	6225.54	6705.02	6967.97	6691.90	6306.25	7826.94	8629.33	7902.74	6964.64	6166.08	5330.22	4439.38	3425.76	3776.42
2038.00	5281.09	5355.73	5583.13	6088.09	6625.06	6912.54	6786.98	6329.90	7310.78	8701.66	8031.84	7113.86	6244.73	5441.44	4509.03	3527.36	4045.67
2039.00	5251.03	5333.26	5510.56	5956.13	6532.28	6842.83	6862.00	6392.41	6850.77	8667.11	8155.63	7267.03	6336.17	5551.78	4587.17	3624.56	4315.02
2040.00	5221.25	5310.52	5446.73	5835.83	6423.47	6770.69	6904.36	6454.88	6523.37	8490.02	8271.49	7418.97	6446.93	5655.18	4678.63	3718.48	4583.73
2041.00	5192.45	5292.75	5401.33	5729.13	6305.58	6704.99	6922.59	6537.33	6323.89	8185.60	8377.62	7564.16	6564.65	5734.62	4761.67	3784.72	4861.90
2042.00	5164.81	5272.46	5366.10	5634.95	6174.11	6634.21	6899.64	6633.67	6251.56	7740.28	8488.38	7700.86	6699.26	5809.36	4859.33	3846.94	5130.84
2043.00	5136.83	5248.60	5337.61	5553.51	6036.58	6554.63	6844.83	6728.43	6275.24	7230.49	8560.94	7828.61	6845.75	5887.09	4965.27	3911.43	5392.99
2044.00	5105.22	5221.73	5311.52	5483.46	5903.87	6460.13	6775.95	6803.08	6337.47	6776.92	8529.41	7950.24	6997.37	5979.35	5070.69	3986.13	5647.56
2045.00	5067.67	5193.68	5284.73	5423.22	5783.37	6348.78	6704.35	6845.63	6400.35	6455.59	8358.51	8064.92	7149.16	6092.24	5171.55	4075.06	5891.03
2046.00	5030.51	5171.45	5265.34	5375.27	5678.43	6234.44	6638.71	6863.46	6481.47	6258.65	8056.67	8171.19	7288.44	6203.54	5246.30	4149.84	6134.12
2047.00	4989.42	5144.88	5244.54	5338.23	5584.79	6105.37	6568.00	6840.57	6576.78	6187.55	7616.80	8282.55	7421.10	6332.06	5318.04	4238.13	6365.78
2048.00	4944.95	5113.97	5221.43	5309.80	5503.27	5968.58	6489.30	6786.52	6671.35	6211.37	7116.09	8355.99	7547.44	6474.11	5393.87	4335.62	6587.16
2049.00	4898.93	5079.24	5196.07	5285.67	5432.99	5835.07	6396.52	6719.02	6746.80	6273.85	6673.56	8326.70	7670.29	6623.87	5484.81	4435.19	6799.21
2050.00	4852.27	5041.47	5168.50	5262.04	5372.97	5712.76	6286.56	6649.14	6790.80	6337.90	6362.65	8160.89	7787.79	6776.33	5597.01	4533.05	7004.45

