Vietnam	Total	Male	Female
1970			
 0-4	133877.359563	74031.870241	59845.489322
 5-9	32607.283958	18714.186305	13893.097653
 10-14 	24735.105700	15234.090865	9501.014835
 15-19 	17554.833089	11317.881127	6236.951962
 20-24 	9875.121452	5857.771278	4017.350174
 25-29 	10109.123337	6924.944848	3184.178489
 30-34 	11289.900029	7910.502373	3379.397656
 35-39 	15940.401224	10744.196348	5196.204876
 40-44 	16168.165741	10967.538937	5200.626805
 45-49 	19312.065044	12968.191694	6343.873350
 50-54 	18555.389102	11600.891891	6954.497211
 55-59 	24917.493119	15049.956214	9867.536905
 60-64 	29112.114605	19334.736381	9777.378224
 65-69 	44439.509042	27333.238511	17106.270531
 70-74 	45741.236300	25412.604839	20328.631461
 75-79 	39462.881231	18932.784476	20530.096755
 80+ 	38217.559900	14017.422260	24200.137640
Total	531915.542438	306352.808588	225562.733850
1971			
 0-4	127744.035063	71013.882968	56730.152094
 5-9	32040.614083	18984.067814	13056.546269
 10-14 	25287.061605	16000.769991	9286.291614
 15-19 	15966.117432	10900.055591	5066.061841
 20-24 	8228.230149	5274.216054	2954.014096
 25-29 	8547.755319	6410.304965	2137.450354
 30-34 	9914.213461	7581.355542	2332.857919
 35-39 	14655.067489	10506.327714	4148.739774
 40-44 	15852.481634	11285.167253	4567.314381
 45-49 	19089.581478	13344.610788	5744.970690
 50-54 	18993.518253	12299.345357	6694.172895
 55-59 	25756.722030	16040.298743	9716.423287
 60-64 	31308.613980	21281.913144	10026.700836
 65-69 	46578.474432	28628.097135	17950.377297
 70-74 	49684.688542	27280.096090	22404.592451
 75-79 	42037.939128	19681.438472	22356.500656
 80+ 	56553.010427	18031.397367	38521.613060
Total	548238.124503	314543.344989	233694.779515
1972			
 0-4	127256.625664	70960.447946	56296.177718
 5-9	33467.086880	20009.892403	13457.194477
 10-14 	26962.422449	17156.632695	9805.789754
 15-19 	17554.100183	12040.322155	5513.778029
 20-24 	9384.576575	6072.616787	3311.959788
 25-29 	9121.969795	6859.708668	2262.261127
 30-34 	10270.309460	7884.211666	2386.097794
 35-39 	14959.817630	10779.124462	4180.693169
 40-44 	16997.736724	12132.731593	4865.005131
 45-49 	19973.448263	14005.514718	5967.933545
 50-54 	20243.019233	13150.905499	7092.113734
 55-59 	26827.736983	16805.260913	10022.476070
 60-64 	33175.421378	22580.103307	10595.318071
 65-69 	47643.820858	29083.845284	18559.975574
 70-74 	53026.543311	28903.196584	24123.346728
 75-79 	43966.340388	20356.793616	23609.546772
 80+ 	58688.865248	18456.080653	40232.784595
Total	569519.841025	327237.388948	242282.452077
1973			
 0-4	125467.795289	70231.814401	55235.980889
 5-9	32111.172076	19198.275627	12912.896449
 10-14 	26164.412116	16603.890657	9560.521458
 15-19 	17508.320085	11979.330399	5528.989686
 20-24 	9741.318360	6303.974534	3437.343825
 25-29 	8986.062841	6734.019139	2252.043702
 30-34 	9709.228401	7432.269146	2276.959255
 35-39 	13858.309108	9959.168237	3899.140871
 40-44 	16506.680019	11731.307925	4775.372094
 45-49 	19108.299360	13344.936250	5763.363110
 50-54 	19641.871428	12684.753675	6957.117753
 55-59 	25509.023943	15918.859972	9590.163971
 60-64 	31998.751754	21646.269020	10352.482735
 65-69 	44851.797580	27226.630260	17625.167320
 70-74 	51794.102623	28145.569763	23648.532860
 75-79 	42709.046465	19751.427632	22957.618833
 80+ 	57371.749904	17939.613584	39432.136320
Total	553037.941352	316832.110219	236205.831133
1974			
 0-4	121968.305065	68565.188269	53403.116796
 5-9	28376.748077	16961.833325	11414.914752
 10-14 	23471.429024	14808.007185	8663.421839
 15-19 	16199.281650	11026.832591	5172.449060
 20-24 	9373.157871	6044.907475	3328.250396
 25-29 	8362.876918	6226.709562	2136.167356
 30-34 	8525.834028	6491.576949	2034.257079
 35-39 	11860.788433	8478.109214	3382.679219
 40-44 	14712.149852	10366.248672	4345.901180
 45-49 	17062.818473	11825.056667	5237.761806
 50-54 	17667.123442	11316.719684	6350.403758
 55-59 	22684.832997	14064.903998	8619.928998
 60-64 	28628.829431	19187.153947	9441.675484
 65-69 	39672.082721	23915.563698	15756.519023
 70-74 	47028.177421	25419.815122	21608.362300
 75-79 	39357.423200	18164.752409	21192.670791
 80+ 	54090.464632	16745.977239	37344.487394
Total	509042.323236	289609.356004	219432.967231
1975			
 0-4	117191.599111	66081.263559	51110.335552
 5-9	24255.807751	14507.066350	9748.741401
 10-14 	20339.147278	12745.480972	7593.666306
 15-19 	14491.589027	9813.398726	4678.190301
 20-24 	8720.068977	5605.216108	3114.852868
 25-29 	7707.224124	5705.610575	2001.613549
 30-34 	7310.601012	5536.333930	1774.267082
 35-39 	9869.997676	7016.038539	2853.959137
 40-44 	12617.380490	8804.103660	3813.276829
 45-49 	14915.816923	10250.183747	4665.633176
 50-54 	15424.493560	9808.114308	5616.379252
 55-59 	19774.293167	12179.614833	7594.678334
 60-64 	24880.999267	16515.149723	8365.849545
 65-69 	34559.120923	20714.834831	13844.286092
 70-74 	41520.444565	22349.715159	19170.729406
 75-79 	35923.707787	16599.377249	19324.330538
 80+ 	50903.804755	15655.977025	35247.827730
Total	460406.096395	259887.479295	200518.617100
1976			
 0-4	112580.124213	63622.652285	48957.471928
 5-9	20880.016651	12495.016461	8385.000190
 10-14 	17737.700785	11052.536076	6685.164709
 15-19 	13026.212229	8796.885529	4229.326700
 20-24 	8131.333601	5223.761558	2907.572044
 25-29 	7295.183772	5382.523565	1912.660207
 30-34 	6341.405933	4775.868420	1565.537513
 35-39 	8335.571265	5898.528335	2437.042930
 40-44 	10787.251022	7460.542429	3326.708593
 45-49 	13327.367235	9093.856077	4233.511158
 50-54 	13584.829253	8603.605592	4981.223661
 55-59 	17676.135383	10833.672653	6842.462731
 60-64 	21836.929168	14382.490608	7454.438560
 65-69 	31040.754049	18545.833617	12494.920432
 70-74 	36940.251169	19863.228938	17077.022231
 75-79 	33761.920805	15695.356031	18066.564775
 80+ 	49031.337864	15089.589268	33941.748596
Total	422314.324399	236815.947440	185498.376958
1977			
 0-4	109105.155857	61654.256763	47450.899094
 5-9	18941.076153	11348.363292	7592.712861
 10-14 	16260.623531	10110.910812	6149.712718
 15-19 	12285.052497	8312.930789	3972.121708
 20-24 	7972.369932	5153.576901	2818.793031
 25-29 	7389.077457	5459.961976	1929.115480
 30-34 	5903.522696	4433.329830	1470.192866
 35-39 	7510.919802	5306.747525	2204.172276
 40-44 	9697.986777	6678.791078	3019.195699
 45-49 	12646.759033	8604.836934	4041.922098
 50-54 	12709.300732	8066.026552	4643.274180
 55-59 	16856.094437	10329.824198	6526.270238
 60-64 	20355.206715	13359.438246	6995.768469
 65-69 	29768.807187	17808.236751	11960.570436
 70-74 	34772.129436	18782.394002	15989.735434
 75-79 	33589.921837	15806.358271	17783.563566
 80+ 	49540.014359	15458.564452	34081.449907
Total	405304.018436	226674.548374	178629.470062
1978			
 0-4	106871.854520	60255.686746	46616.167774
 5-9	18037.746177	10820.529788	7217.216388
 10-14 	15601.560050	9707.079272	5894.480777
 15-19 	12093.374149	8224.806002	3868.568147
 20-24 	8142.270890	5314.499691	2827.771198
 25-29 	7848.708486	5827.608720	2021.099766
 30-34 	5887.062758	4417.555762	1469.506996
 35-39 	7147.429749	5051.698801	2095.730948
 40-44 	9131.486453	6281.850643	2849.635810
 45-49 	12538.765180	8535.363094	4003.402087
 50-54 	12536.240694	7998.878667	4537.362027
 55-59 	16863.683762	10361.884631	6501.799131
 60-64 	19975.139631	13099.169736	6875.969895
 65-69 	29950.569510	17986.458591	11964.110919
 70-74 	34366.011908	18698.457439	15667.554469
 75-79 	34729.733062	16575.370510	18154.362552
 80+ 	51848.569249	16527.302031	35321.267218
Total	403570.206227	225684.200125	177886.006103
1979			
 0-4	105251.368777	59134.471605	46116.897172
 5-9	17392.134785	10447.979870	6944.154914
 10-14 	15102.466668	9403.163850	5699.302819
 15-19 	11994.059135	8194.759108	3799.300028
 20-24 	8367.033980	5475.634854	2891.399126
 25-29 	8388.928291	6215.989534	2172.938757
 30-34 	6050.928301	4537.830255	1513.098046
 35-39 	6891.798692	4870.800774	2020.997917
 40-44 	8674.211507	5959.399873	2714.811634
 45-49 	12413.686163	8457.042895	3956.643267
 50-54 	12515.989086	8021.467670	4494.521416
 55-59 	16918.181891	10415.964935	6502.216956
 60-64 	19809.057190	12972.373804	6836.683385
 65-69 	30221.406126	18213.641056	12007.765069
 70-74 	34334.348369	18795.695383	15538.652986
 75-79 	35757.801996	17255.111467	18502.690529
 80+ 	54695.908210	17801.376072	36894.532138
Total	404779.309166	226172.703006	178606.606160
1980			
 0-4	104117.862045	58259.966713	45857.895332
 5-9	16816.437961	10113.200774	6703.237187
 10-14 	14733.574601	9185.562747	5548.011853
 15-19 	11944.425803	8196.241117	3748.184686
 20-24 	8668.620031	5630.247450	3038.372581
 25-29 	8961.328211	6605.830562	2355.497648
 30-34 	6371.481071	4777.646422	1593.834649
 35-39 	6722.368352	4749.513574	1972.854778
 40-44 	8303.456882	5695.559976	2607.896906
 45-49 	12229.199304	8340.001049	3889.198254
 50-54 	12626.408504	8124.241437	4502.167067
 55-59 	16970.539232	10467.756690	6502.782541
 60-64 	19822.730068	12955.301803	6867.428265
 65-69 	30469.217384	18425.739391	12043.477994
 70-74 	34622.253155	19055.079174	15567.173982
 75-79 	36570.081669	17800.470715	18769.610954
 80+ 	58010.810952	19261.680367	38749.130584
Total	407960.795225	227644.039963	180316.755262
1981			
 0-4	103294.319354	57570.417163	45723.902191
 5-9	16284.574505	9811.991544	6472.582961
 10-14 	14371.144923	8968.437651	5402.707272
 15-19 	11901.386836	8198.604494	3702.782341
 20-24 	8962.890226	5777.797355	3185.092871
 25-29 	9510.684436	6968.478616	2542.205820
 30-34 	6846.253000	5141.013471	1705.239529
 35-39 	6624.445866	4677.765348	1946.680518
 40-44 	8035.130818	5506.803023	2528.327795
 45-49 	11913.535757	8132.941444	3780.594313
 50-54 	12890.788730	8327.106804	4563.681927
 55-59 	16947.080903	10480.573201	6466.507702
 60-64 	20056.651449	13073.863872	6982.787577
 65-69 	30505.045036	18516.308513	11988.736522
 70-74 	35333.610224	19539.666696	15793.943528
 75-79 	36931.684052	18104.771303	18826.912748
 80+ 	61812.619165	20927.041298	40885.577867
Total	412221.845280	229723.581797	182498.263482
1982			
 0-4	102590.149126	56995.958192	45594.190934
 5-9	15688.876023	9477.103104	6211.772919
 10-14 	13949.969160	8713.770443	5236.198717
 15-19 	11810.529951	8166.979262	3643.550689
 20-24 	9230.746029	5901.991042	3328.754987
 25-29 	10002.596761	7273.964398	2728.632364
 30-34 	7418.817454	5550.116997	1868.700457
 35-39 	6600.392948	4660.781418	1939.611530
 40-44 	7818.834950	5354.720394	2464.114556
 45-49 	11486.126013	7851.091637	3635.034377
 50-54 	13174.252131	8544.364523	4629.887609
 55-59 	16893.209878	10485.064787	6408.145092
 60-64 	20363.905268	13234.443227	7129.462042
 65-69 	30408.459573	18526.094393	11882.365180
 70-74 	36126.166598	20067.699481	16058.467118
 75-79 	37048.818050	18277.956842	18770.861208
 80+ 	65600.300998	22587.194132	43013.106867
Total	416212.150913	231669.294271	184542.856643
1983			
 0-4	101899.134553	56479.595204	45419.539348
 5-9	15052.930279	9122.546818	5930.383461
 10-14 	13477.618341	8423.613197	5054.005145
 15-19 	11664.993264	8091.653276	3573.339987
 20-24 	9467.038631	5999.216006	3467.822625
 25-29 	10429.114955	7517.228764	2911.886191
 30-34 	8009.410638	5956.249626	2053.161012
 35-39 	6684.536313	4721.661758	1962.874555
 40-44 	7630.496191	5221.147007	2409.349184
 45-49 	11015.926627	7538.155921	3477.770706
 50-54 	13387.144612	8716.823156	4670.321456
 55-59 	16880.704307	10519.509422	6361.194885
 60-64 	20652.887677	13380.500676	7272.387001
 65-69 	30300.771205	18520.103361	11780.667844
 70-74 	36828.944361	20546.710371	16282.233990
 75-79 	37142.683374	18431.222341	18711.461032
 80+ 	69248.199608	24173.796175	45074.403433
Total	419772.534934	233359.733078	186412.801856
1984			
 0-4	101121.345232	55940.326851	45181.018382
 5-9	14457.395749	8795.618684	5661.777064
 10-14 	13014.919131	8141.142131	4873.776999
 15-19 	11479.923263	7982.784097	3497.139166
 20-24 	9679.342294	6076.947408	3602.394886
 25-29 	10798.872064	7710.455283	3088.416781
 30-34 	8582.719747	6334.276820	2248.442927
 35-39 	6909.261496	4884.345352	2024.916144
 40-44 	7480.054943	5112.353243	2367.701700
 45-49 	10574.855246	7241.163135	3333.692112
 50-54 	13481.591564	8811.338508	4670.253057
 55-59 	16972.461810	10617.222217	6355.239594
 60-64 	20894.152093	13498.506157	7395.645936
 65-69 	30308.768265	18568.837529	11739.930736
 70-74 	37393.925628	20948.977808	16444.947821
 75-79 	37413.912367	18664.161556	18749.750810
 80+ 	72732.251189	25663.569898	47068.681292
Total	423295.752082	234992.026676	188303.725406
1985			
 0-4	100128.903906	55307.820722	44821.083184
 5-9	13911.097861	8500.048114	5411.049747
 10-14 	12510.222521	7830.725975	4679.496546
 15-19 	11273.687804	7861.547906	3412.139898
 20-24 	9876.358763	6143.548030	3732.810734
 25-29 	11117.698181	7861.797634	3255.900547
 30-34 	9129.083230	6679.086155	2449.997074
 35-39 	7266.507914	5145.770779	2120.737135
 40-44 	7375.749414	5035.653100	2340.096315
 45-49 	10177.187259	6972.403954	3204.783305
 50-54 	13452.232102	8825.130347	4627.101755
 55-59 	17181.157315	10790.116644	6391.040671
 60-64 	21072.259663	13582.290866	7489.968797
 65-69 	30464.185574	18690.797804	11773.387770
 70-74 	37785.372830	21257.286295	16528.086535
 75-79 	37902.171142	19003.085596	18899.085546
 80+ 	75990.774138	27040.290409	48950.483729
Total	426614.649616	236527.400329	190087.249288
1986			
 0-4	98811.018247	54517.913589	44293.104658
 5-9	13407.814437	8229.308028	5178.506409
 10-14 	12012.361303	7528.852682	4483.508622
 15-19 	11092.027488	7727.607231	3364.420257
 20-24 	10049.055338	6193.477739	3855.577598
 25-29 	11386.911100	7975.151341	3411.759758
 30-34 	9616.437795	6970.758183	2645.679612
 35-39 	7763.698469	5515.337538	2248.360931
 40-44 	7309.856366	4985.644099	2324.212267
 45-49 	9862.329310	6763.752438	3098.576872
 50-54 	13239.670894	8718.819238	4520.851656
 55-59 	17566.078597	11078.121642	6487.956955
 60-64 	21119.340427	13593.877767	7525.462660
 65-69 	30886.749598	18955.556095	11931.193503
 70-74 	37844.427725	21387.826250	16456.601475
 75-79 	38785.581125	19536.150172	19249.430952
 80+ 	78788.227843	28220.678069	50567.549773
Total	429541.586061	237898.832102	191642.753959
1987			
 0-4	97115.893693	53542.683599	43573.210094
 5-9	12936.858789	7976.793996	4960.064793
 10-14 	11507.608531	7224.668380	4282.940151
 15-19 	11038.346908	7594.527312	3443.819597
 20-24 	10213.419401	6241.081480	3972.337921
 25-29 	11623.397560	8066.226732	3557.170828
 30-34 	10058.587336	7223.784089	2834.803247
 35-39 	8344.550277	5949.328336	2395.221941
 40-44 	7332.966290	5003.252477	2329.713812
 45-49 	9619.341805	6606.372113	3012.969692
 50-54 	12917.727975	8545.096724	4372.631250
 55-59 	17993.525316	11399.660213	6593.865104
 60-64 	21150.878130	13610.791939	7540.086191
 65-69 	31429.373759	19283.005606	12146.368153
 70-74 	37790.807361	21457.863239	16332.944122
 75-79 	39796.626584	20136.734924	19659.891661
 80+ 	81475.569352	29347.531150	52128.038203
Total	432345.479069	239209.402310	193136.076759
1988			
 0-4	95178.102457	52491.538210	42686.564247
 5-9	12486.750334	7736.957063	4749.793271
 10-14 	11009.868929	6925.735386	4084.133543
 15-19 	10983.109054	7457.850311	3525.258743
 20-24 	10361.275863	6280.330807	4080.945057
 25-29 	11830.866020	8138.541708	3692.324313
 30-34 	10459.300940	7443.441273	3015.859667
 35-39 	8945.737099	6402.634695	2543.102404
 40-44 	7489.798828	5118.391074	2371.407754
 45-49 	9420.132632	6479.899066	2940.233566
 50-54 	12552.456061	8344.199970	4208.256091
 55-59 	18348.070018	11681.068453	6667.001565
 60-64 	21248.324952	13678.836054	7569.488898
 65-69 	31960.015885	19599.018555	12360.997330
 70-74 	37777.004238	21545.473759	16231.530479
 75-79 	40736.572161	20709.723850	20026.848311
 80+ 	84176.915868	30482.020498	53694.895370
Total	434964.301340	240515.660731	194448.640608
1989			
 0-4	93059.427573	51411.462965	41647.964608
 5-9	12040.914949	7498.973655	4541.941294
 10-14 	10538.330451	6643.693804	3894.636647
 15-19 	10936.667123	7326.423342	3610.243781
 20-24 	10474.676360	6295.857233	4178.819127
 25-29 	12009.861793	8191.926845	3817.934948
 30-34 	10817.773656	7631.259470	3186.514185
 35-39 	9515.997288	6837.718704	2678.278584
 40-44 	7804.451283	5348.655611	2455.795672
 45-49 	9262.323138	6382.112297	2880.210841
 50-54 	12197.498330	8146.042404	4051.455925
 55-59 	18547.002802	11866.349912	6680.652890
 60-64 	21463.059228	13824.939498	7638.119729
 65-69 	32399.467150	19861.016592	12538.450558
 70-74 	37904.482790	21699.594444	16204.888346
 75-79 	41491.368495	21197.415523	20293.952972
 80+ 	86967.446646	31658.930886	55308.515761
Total	437430.749056	241822.373187	195608.375868
1990			
 0-4	90525.661105	50137.624219	40388.036886
 5-9	11591.675755	7258.255355	4333.420400
 10-14 	10102.286580	6384.714785	3717.571795
 15-19 	10847.856958	7164.304488	3683.552470
 20-24 	10588.289807	6312.174024	4276.115783
 25-29 	12162.598770	8229.388804	3933.209967
 30-34 	11133.966822	7789.607849	3344.358973
 35-39 	10048.004498	7247.420514	2800.583984
 40-44 	8274.224705	5694.389542	2579.835164
 45-49 	9161.573620	6323.585505	2837.988115
 50-54 	11878.477266	7968.669578	3909.807689
 55-59 	18578.396081	11945.429533	6632.966548
 60-64 	21823.082379	14070.038541	7753.043839
 65-69 	32722.773159	20059.590037	12663.183121
 70-74 	38215.161397	21939.260627	16275.900770
 75-79 	42038.638617	21587.257341	20451.381276
 80+ 	89924.392281	32907.864596	57016.527685
Total	439617.059802	243019.575339	196597.484463
1991			
 0-4	87287.171981	48471.293248	38815.878733
 5-9	11130.751056	7007.910881	4122.840175
 10-14 	9700.111780	6147.734257	3552.377522
 15-19 	10748.925480	6995.580526	3753.344954
 20-24 	10696.955368	6334.730577	4362.224791
 25-29 	12279.484379	8244.107494	4035.376886
 30-34 	11409.716322	7922.293652	3487.422669
 35-39 	10516.009835	7607.413853	2908.595982
 40-44 	8916.623718	6173.536199	2743.087520
 45-49 	9114.818541	6302.387787	2812.430755
 50-54 	11652.309896	7853.968399	3798.341497
 55-59 	18353.727856	11857.479121	6496.248735
 60-64 	22416.830362	14472.555903	7944.274458
 65-69 	32822.961265	20138.515657	12684.445608
 70-74 	38864.160782	22344.830068	16519.330714
 75-79 	42223.037909	21801.457160	20421.580749
 80+ 	93272.881617	34307.000550	58965.881067
Total	441406.478149	243982.795332	197423.682817
1992			
 0-4	83083.300882	46225.636145	36857.664737
 5-9	10664.167686	6750.607939	3913.559747
 10-14 	9335.262867	5933.290141	3401.972726
 15-19 	10636.069013	6823.777370	3812.291643
 20-24 	10804.211579	6362.066847	4442.144733
 25-29 	12379.062400	8252.346096	4126.716304
 30-34 	11653.215744	8037.125914	3616.089830
 35-39 	10929.946295	7928.088568	3001.857727
 40-44 	9672.009972	6739.194058	2932.815914
 45-49 	9190.730932	6372.165857	2818.565075
 50-54 	11509.110897	7793.610898	3715.499999
 55-59 	17979.835112	11672.836088	6306.999023
 60-64 	23090.715032	14933.417200	8157.297833
 65-69 	32890.818706	20214.369098	12676.449608
 70-74 	39668.509952	22819.745019	16848.764934
 75-79 	42308.714003	21962.816452	20345.897551
 80+ 	96717.419669	35744.510912	60972.908757
Total	442513.100741	244565.604601	197947.496140
1993			
 0-4	77078.658350	42941.595010	34137.063340
 5-9	10180.290552	6480.387377	3699.903174
 10-14 	8993.669898	5734.539336	3259.130563
 15-19 	10526.695618	6661.824287	3864.871330
 20-24 	10913.132609	6394.455958	4518.676652
 25-29 	12460.855667	8254.622335	4206.233332
 30-34 	11869.210576	8138.917199	3730.293377
 35-39 	11299.795041	8219.867568	3079.927473
 40-44 	10474.912717	7348.422352	3126.490366
 45-49 	9442.009998	6570.626522	2871.383476
 50-54 	11427.793290	7773.820062	3653.973228
 55-59 	17551.035399	11451.567609	6099.467791
 60-64 	23701.215366	15358.560080	8342.655285
 65-69 	33062.815836	20368.949663	12693.866173
 70-74 	40465.963199	23280.417777	17185.545422
 75-79 	42477.788706	22158.475167	20319.313540
 80+ 	100139.711927	37171.667116	62968.044811
Total	442065.554751	244308.715417	197756.839334
1994			
 0-4	69431.173830	38723.068575	30708.105255
 5-9	9678.830958	6197.273909	3481.557049
 10-14 	8660.748220	5541.875617	3118.872603
 15-19 	10439.975442	6522.135236	3917.840207
 20-24 	11035.479255	6440.323587	4595.155668
 25-29 	12515.641377	8240.730199	4274.911179
 30-34 	12068.568441	8236.001685	3832.566756
 35-39 	11702.380870	8488.114635	3214.266235
 40-44 	11267.975097	7959.804616	3308.170481
 45-49 	9896.197018	6918.664956	2977.532062
 50-54 	11406.315343	7794.886730	3611.428613
 55-59 	17136.583725	11236.754953	5899.828771
 60-64 	24124.538655	15663.128746	8461.409909
 65-69 	33409.259190	20641.239158	12768.020032
 70-74 	41148.693102	23675.971504	17472.721599
 75-79 	42834.489788	22436.661734	20397.828054
 80+ 	103471.374817	38557.153079	64914.221738
Total	440228.225129	243273.788919	196954.436210
1995			
 0-4	61391.486896	34270.181681	27121.305215
 5-9	9174.698921	5909.822587	3264.876335
 10-14 	8329.161869	5350.853389	2978.308480
 15-19 	10385.373384	6407.951061	3977.422323
 20-24 	11135.125451	6476.726170	4658.399281
 25-29 	12602.419390	8253.175368	4349.244023
 30-34 	12257.506406	8331.983720	3925.522686
 35-39 	12095.761824	8735.104326	3360.657498
 40-44 	12036.791545	8558.233712	3478.557833
 45-49 	10550.178505	7418.141446	3132.037059
 50-54 	11454.433898	7863.047770	3591.386129
 55-59 	16766.484405	11047.432500	5719.051904
 60-64 	24331.868719	15824.205485	8507.663234
 65-69 	33958.179732	21043.642911	12914.536821
 70-74 	41678.401933	23988.744778	17689.657155
 75-79 	43411.196569	22805.695286	20605.501283
 80+ 	106666.305682	39881.612772	66784.692911
Total	438225.375130	242166.554961	196058.820169
1996			
 0-4	54235.040916	30296.392835	23938.648081
 5-9	8665.292805	5614.401106	3050.891699
 10-14 	7993.465462	5155.661324	2837.804138
 15-19 	10364.593204	6318.577598	4046.015606
 20-24 	11241.988135	6515.161758	4726.826376
 25-29 	12705.617264	8281.238702	4424.378562
 30-34 	12434.800656	8423.372734	4011.427923
 35-39 	12458.708946	8964.130589	3494.578357
 40-44 	12744.440183	9111.108332	3633.331852
 45-49 	11438.162257	8099.191692	3338.970565
 50-54 	11566.892677	7972.984628	3593.908049
 55-59 	16524.084652	10941.071934	5583.012718
 60-64 	24195.116922	15753.265576	8441.851346
 65-69 	34845.336198	21652.179447	13193.156750
 70-74 	41916.404236	24148.814182	17767.590054
 75-79 	44380.654637	23342.408413	21038.246224
 80+ 	109554.179561	41075.223871	68478.955691
Total	437264.778714	241665.184721	195599.593993
1997			
 0-4	49170.839645	27476.085795	21694.753850
 5-9	8126.999935	5294.796101	2832.203834
 10-14 	7650.572673	4954.800391	2695.772282
 15-19 	10371.979673	6246.549106	4125.430568
 20-24 	11356.015232	6563.358151	4792.657081
 25-29 	12828.572573	8324.340332	4504.232242
 30-34 	12614.473345	8520.860709	4093.612635
 35-39 	12800.415467	9181.999943	3618.415524
 40-44 	13397.904431	9624.437280	3773.467151
 45-49 	12477.139973	8897.639782	3579.500191
 50-54 	11825.891696	8187.800076	3638.091621
 55-59 	16386.981072	10899.240424	5487.740649
 60-64 	23832.336920	15528.911877	8303.425043
 65-69 	35791.484951	22285.444117	13506.040834
 70-74 	42092.492889	24285.205233	17807.287656
 75-79 	45507.046963	23930.593039	21576.453924
 80+ 	112437.621551	42244.577513	70193.044038
Total	438668.768990	242446.639868	196222.129122
1998			
 0-4	45590.465354	25476.846108	20113.619246
 5-9	7520.721454	4928.624792	2592.096662
 10-14 	7305.737858	4750.720620	2555.017238
 15-19 	10398.756654	6187.063490	4211.693164
 20-24 	11493.223477	6633.904127	4859.319350
 25-29 	12979.350256	8389.812187	4589.538069
 30-34 	12797.324558	8626.806053	4170.518505
 35-39 	13132.911998	9399.655505	3733.256494
 40-44 	14010.386536	10112.438774	3897.947762
 45-49 	13596.322418	9763.218637	3833.103780
 50-54 	12301.598324	8560.316893	3741.281431
 55-59 	16325.365443	10902.095813	5423.269630
 60-64 	23361.229740	15232.011159	8129.218581
 65-69 	36607.896907	22826.707386	13781.189520
 70-74 	42390.523571	24504.007211	17886.516359
 75-79 	46593.241284	24473.734344	22119.506940
 80+ 	115417.082269	43435.120486	71981.961784
Total	441822.138101	244203.083586	197619.054515
1999			
 0-4	42343.354665	23662.651397	18680.703267
 5-9	6924.689522	4517.944422	2406.745100
 10-14 	6951.359225	4540.969224	2410.390001
 15-19 	10416.334012	6122.925870	4293.408141
 20-24 	11659.835657	6730.885385	4928.950271
 25-29 	13169.580662	8490.886340	4678.694322
 30-34 	12970.660990	8730.844221	4239.816770
 35-39 	13475.878065	9635.868315	3840.009750
 40-44 	14601.734941	10593.156213	4008.578727
 45-49 	14740.083750	10656.071771	4084.011979
 50-54 	13045.304802	9130.752047	3914.552755
 55-59 	16335.144528	10948.357596	5386.786932
 60-64 	22871.908995	14921.956851	7949.952144
 65-69 	37137.120985	23177.814604	13959.306381
 70-74 	42900.307123	24848.402012	18051.905111
 75-79 	47518.654395	24917.286412	22601.367983
 80+ 	118563.840350	44682.364292	73881.476058
Total	445625.792666	246309.136971	199316.655695
2000			
 0-4	39475.983297	22055.959743	17420.023554
 5-9	6380.306705	4085.039037	2295.267667
 10-14 	6579.890182	4318.643476	2261.246706
 15-19 	10403.894387	6044.469324	4359.425063
 20-24 	11857.106356	6856.755005	5000.351351
 25-29 	13342.509337	8589.384596	4753.124741
 30-34 	13190.774611	8877.006038	4313.768573
 35-39 	13840.947011	9903.047901	3937.899110
 40-44 	15182.501414	11076.660435	4105.840979
 45-49 	15896.147987	11567.253864	4328.894123
 50-54 	14078.486297	9920.063554	4158.422743
 55-59 	16431.157039	11046.475115	5384.681924
 60-64 	22396.636238	14616.422458	7780.213779
 65-69 	37308.516876	23293.668909	14014.847966
 70-74 	43638.212574	25314.149321	18324.063254
 75-79 	48241.844969	25241.677180	23000.167789
 80+ 	121967.374358	46016.683626	75950.690732
Total	450212.289637	248823.359583	201388.930054
2001			
 0-4	37057.090617	20696.222852	16360.867764
 5-9	5828.367057	3664.130947	2164.236110
 10-14 	6181.718632	4078.971863	2102.746769
 15-19 	10341.669994	5943.788088	4397.881906
 20-24 	12070.198494	7005.852756	5064.345739
 25-29 	13526.312137	8702.982226	4823.329911
 30-34 	13431.115461	9051.787992	4379.327469
 35-39 	14215.779284	10193.221268	4022.558016
 40-44 	15756.805207	11569.546107	4187.259100
 45-49 	17007.177530	12447.034967	4560.142563
 50-54 	15464.123270	10983.680586	4480.442684
 55-59 	16592.904551	11177.310617	5415.593934
 60-64 	22023.860578	14370.823322	7653.037256
 65-69 	36863.826913	23004.847951	13858.978961
 70-74 	44723.914617	25950.205606	18773.709011
 75-79 	48586.030721	25363.001876	23223.028845
 80+ 	125862.173967	47514.961487	78347.212480
Total	455533.069030	251718.370510	203814.698520
2002			
 0-4	35379.385701	19751.152783	15628.232918
 5-9	5322.255790	3293.327447	2028.928343
 10-14 	5737.735899	3807.831542	1929.904357
 15-19 	10224.187682	5824.061730	4400.125952
 20-24 	12283.368202	7168.141601	5115.226601
 25-29 	13714.345403	8833.725837	4880.619566
 30-34 	13692.153081	9254.259039	4437.894042
 35-39 	14601.526177	10508.228993	4093.297185
 40-44 	16319.225704	12065.574554	4253.651150
 45-49 	18067.822014	13296.684110	4771.137904
 50-54 	17106.117912	12248.396772	4857.721140
 55-59 	16964.133060	11452.813157	5511.319903
 60-64 	21741.901672	14173.037789	7568.863883
 65-69 	36013.979362	22454.308743	13559.670619
 70-74 	45810.952549	26555.395146	19255.557403
 75-79 	48838.508250	25436.464795	23402.043455
 80+ 	129954.821650	49069.633803	80885.187847
Total	461772.420109	255193.037840	206579.382268
2003			
 0-4	34505.322097	19275.226218	15230.095878
 5-9	4877.983993	2980.035168	1897.948826
 10-14 	5205.161791	3481.099024	1724.062768
 15-19 	10038.111639	5676.743799	4361.367841
 20-24 	12473.600862	7333.182496	5140.418365
 25-29 	13911.071770	8985.912110	4925.159660
 30-34 	13959.970035	9474.905960	4485.064074
 35-39 	14966.382876	10822.610039	4143.772837
 40-44 	16851.900086	12553.147982	4298.752104
 45-49 	19064.462263	14113.416130	4951.046133
 50-54 	18919.184600	13658.331287	5260.853313
 55-59 	17671.386183	11975.172523	5696.213660
 60-64 	21543.642897	14021.755073	7521.887824
 65-69 	34973.862299	21787.289132	13186.573167
 70-74 	46684.185816	27020.908344	19663.277472
 75-79 	49226.227443	25591.548558	23634.678885
 80+ 	134060.399018	50590.344824	83470.054194
Total	468932.855667	259341.628668	209591.226999
2004			
 0-4	34087.385305	19076.278574	15011.106731
 5-9	4508.664584	2728.096103	1780.568481
 10-14 	4661.847176	3119.044549	1542.802627
 15-19 	9790.598612	5507.505805	4283.092806
 20-24 	12614.905072	7487.949390	5126.955682
 25-29 	14126.934986	9167.779832	4959.155154
 30-34 	14234.297736	9717.689890	4516.607846
 35-39 	15273.581968	11104.574654	4169.007314
 40-44 	17349.630594	13022.686250	4326.944343
 45-49 	19979.337739	14885.796906	5093.540833
 50-54 	20807.118749	15144.081865	5663.036884
 55-59 	18792.188720	12810.079200	5982.109520
 60-64 	21461.312012	13944.629748	7516.682264
 65-69 	33913.617488	21111.988725	12801.628763
 70-74 	47185.933397	27268.544499	19917.388898
 75-79 	49868.108355	25892.724176	23975.384179
 80+ 	138081.872171	52028.082216	86053.789955
Total	476737.334662	264017.532381	212719.802281
2005			
 0-4	33948.132338	19030.304611	14917.827727
 5-9	4224.291488	2544.609225	1679.682263
 10-14 	4202.047798	2767.331514	1434.716285
 15-19 	9508.122306	5337.227295	4170.895010
 20-24 	12677.023596	7607.931084	5069.092513
 25-29 	14302.299920	9325.949565	4976.350355
 30-34 	14369.572691	9861.764252	4507.808440
 35-39 	15477.060175	11303.230626	4173.829549
 40-44 	17722.233441	13379.319700	4342.913741
 45-49 	20722.637434	15519.114615	5203.522819
 50-54 	22645.267592	16592.642246	6052.625346
 55-59 	20310.793228	13943.892575	6366.900653
 60-64 	21510.483740	13950.047802	7560.435938
 65-69 	32893.197058	20459.939852	12433.257206
 70-74 	47251.045708	27258.774865	19992.270843
 75-79 	50788.262776	26345.314487	24442.948289
 80+ 	141981.375752	53370.436444	88610.939308
Total	484533.847041	268597.830757	215936.016284
2006			
 0-4	33814.797668	18962.540354	14852.257314
 5-9	4009.839696	2417.998960	1591.840736
 10-14 	3793.704187	2469.908362	1323.795825
 15-19 	9207.444945	5176.772765	4030.672180
 20-24 	12644.201311	7690.408852	4953.792460
 25-29 	14326.081938	9451.255223	4874.826715
 30-34 	14315.708873	9936.605162	4379.103711
 35-39 	15463.359591	11405.490695	4057.868896
 40-44 	17898.153106	13617.926171	4280.226934
 45-49 	21232.698009	16016.976896	5215.721113
 50-54 	24255.723742	17892.547501	6363.176241
 55-59 	22273.015760	15425.505681	6847.510078
 60-64 	21673.438174	14026.567141	7646.871034
 65-69 	32080.156463	19935.997254	12144.159209
 70-74 	46591.077543	26820.562224	19770.515319
 75-79 	52164.975247	27030.522810	25134.452437
 80+ 	145587.197614	54565.996131	91021.201484
Total	491331.573867	272843.582183	218487.991685
2007			
 0-4	33427.333911	18700.785259	14726.548651
 5-9	3852.642966	2335.865928	1516.777038
 10-14 	3474.328266	2253.334925	1220.993341
 15-19 	8888.346876	5022.952678	3865.394198
 20-24 	12537.852633	7735.973576	4801.879057
 25-29 	14263.395570	9533.946364	4729.449206
 30-34 	14146.568193	9936.158922	4210.409271
 35-39 	15323.154972	11409.848479	3913.306492
 40-44 	17964.663859	13737.457064	4227.206794
 45-49 	21589.696092	16369.901609	5219.794483
 50-54 	25658.350398	19013.645683	6644.704715
 55-59 	24498.824603	17092.946110	7405.878493
 60-64 	22123.010437	14297.228361	7825.782076
 65-69 	31430.522992	19502.579270	11927.943722
 70-74 	45456.290431	26102.313276	19353.977155
 75-79 	53555.267583	27700.629245	25854.638338
 80+ 	149350.603506	55795.847523	93554.755983
Total	497540.853286	276541.414273	220999.439013
2008			
 0-4	32726.773517	18198.240285	14528.533232
 5-9	3737.112221	2283.054686	1454.057535
 10-14 	3231.899182	2101.594888	1130.304294
 15-19 	8529.325670	4849.271165	3680.054505
 20-24 	12385.460289	7741.392388	4644.067901
 25-29 	14154.692215	9542.819320	4611.872895
 30-34 	13927.754546	9849.577217	4078.177330
 35-39 	15092.611474	11290.846615	3801.764859
 40-44 	17916.358933	13697.607046	4218.751887
 45-49 	21810.608676	16548.013549	5262.595127
 50-54 	26811.018158	19885.557224	6925.460934
 55-59 	26797.935803	18777.777847	8020.157956
 60-64 	22898.240047	14784.924437	8113.315610
 65-69 	30854.467299	19085.370080	11769.097219
 70-74 	44061.610169	25223.927932	18837.682237
 75-79 	54664.258322	28191.883640	26472.374683
 80+ 	153378.658143	57118.622735	96260.035409
Total	502978.784665	279170.481055	223808.303611
2009			
 0-4	31845.202404	17557.771816	14287.430588
 5-9	3643.053616	2243.241863	1399.811753
 10-14 	3049.224064	1992.911302	1056.312762
 15-19 	8101.429267	4626.853682	3474.575586
 20-24 	12200.826758	7725.797665	4475.029093
 25-29 	14026.476050	9679.535320	4346.940730
 30-34 	13756.819298	9945.015753	3811.803545
 35-39 	14948.615011	11414.905638	3533.709373
 40-44 	17895.113031	13807.648871	4087.464161
 45-49 	22056.511482	16861.453306	5195.058176
 50-54 	27800.304547	20684.077557	7116.226990
 55-59 	29060.137553	20429.505154	8630.632399
 60-64 	24051.514348	15537.090373	8514.423975
 65-69 	30379.991056	18704.626800	11675.364256
 70-74 	42607.558217	24307.594522	18299.963695
 75-79 	55294.110542	28411.863745	26882.246797
 80+ 	157702.530808	58558.744304	99143.786504
Total	508419.418052	282488.637669	225930.780383
2010			
 0-4	30853.371802	16856.891812	13996.479990
 5-9	3568.614039	2215.279097	1353.334942
 10-14 	2922.447962	1922.601589	999.846373
 15-19 	7606.842955	4359.069723	3247.773232
 20-24 	12015.316260	7681.588303	4333.727957
 25-29 	14214.319654	9850.139844	4364.179810
 30-34 	13997.590278	10131.961361	3865.628916
 35-39 	15157.307873	11556.689038	3600.618836
 40-44 	18196.444525	13971.377816	4225.066710
 45-49 	22534.318905	17178.214628	5356.104276
 50-54 	28767.452834	21353.539750	7413.913084
 55-59 	31264.195848	21977.969838	9286.226010
 60-64 	25652.105585	16597.409325	9054.696260
 65-69 	30093.586910	18430.822624	11662.764286
 70-74 	41206.901891	23432.999942	17773.901948
 75-79 	55396.763676	28359.988449	27036.775227
 80+ 	162399.607512	60142.880025	102256.727487
Total	515847.188507	286019.423163	229827.765344
2011			
 0-4	29898.356658	16207.663412	13690.693245
 5-9	3513.353053	2199.627541	1313.725512
 10-14 	2838.013906	1879.700418	958.313488
 15-19 	7079.912095	4071.482952	3008.429142
 20-24 	11809.840054	7600.862257	4208.977798
 25-29 	14266.235791	9913.890456	4352.345334
 30-34 	14129.567373	10236.370058	3893.197315
 35-39 	15167.357221	11550.743664	3616.613556
 40-44 	18260.224721	13953.251145	4306.973575
 45-49 	22762.113415	17306.518899	5455.594516
 50-54 	29464.441960	21825.795852	7638.646108
 55-59 	33202.669121	23312.436138	9890.232984
 60-64 	27855.658415	18087.161355	9768.497060
 65-69 	30051.805900	18311.399027	11740.406873
 70-74 	40150.420632	22783.529934	17366.890698
 75-79 	54685.711342	27907.370940	26778.340402
 80+ 	167755.461810	61983.081837	105772.379972
Total	522891.143465	289130.885887	233760.257578
2012			
 0-4	29078.574384	15685.010673	13393.563712
 5-9	3473.135223	2195.011533	1278.123691
 10-14 	2784.682275	1856.214849	928.467427
 15-19 	6575.119467	3800.217085	2774.902382
 20-24 	11510.549118	7460.680220	4049.868898
 25-29 	14165.692925	9981.733920	4183.959004
 30-34 	14160.577791	10406.174288	3754.403503
 35-39 	15124.133807	11602.622725	3521.511082
 40-44 	18238.811536	13983.407223	4255.404313
 45-49 	22885.181719	17457.111512	5428.070207
 50-54 	30012.798649	22270.497133	7742.301516
 55-59 	34936.180581	24533.137695	10403.042886
 60-64 	30489.555417	19892.818472	10596.736945
 65-69 	30496.803746	18525.855356	11970.948390
 70-74 	39362.527426	22305.117108	17057.410319
 75-79 	53459.425817	27226.378650	26233.047167
 80+ 	173072.056048	63799.558469	109272.497579
Total	529825.805929	292981.546908	236844.259021
2013			
 0-4	28464.241697	15337.020715	13127.220981
 5-9	3448.391786	2202.954957	1245.436828
 10-14 	2769.010470	1847.245421	921.765048
 15-19 	6149.961079	3580.203401	2569.757677
 20-24 	11103.789773	7239.201169	3864.588604
 25-29 	14064.353697	10002.700762	4061.652935
 30-34 	14222.601013	10538.931960	3683.669053
 35-39 	15110.732626	11613.234445	3497.498181
 40-44 	18213.556433	13958.551874	4255.004559
 45-49 	22954.971395	17516.591815	5438.379580
 50-54 	30461.864965	22613.818691	7848.046274
 55-59 	36479.699468	25610.519010	10869.180458
 60-64 	33402.079395	21895.813998	11506.265397
 65-69 	31535.143485	19145.527286	12389.616199
 70-74 	38760.154445	21929.047698	16831.106747
 75-79 	51986.000402	26455.893177	25530.107225
 80+ 	178162.925140	65508.898420	112654.026720
Total	537289.477267	296996.154800	240293.322467
2014			
 0-4	27924.403177	15074.454047	12849.949130
 5-9	3432.114199	2217.382311	1214.731888
 10-14 	2771.119709	1850.611292	920.508417
 15-19 	5830.937938	3419.882906	2411.055033
 20-24 	10581.747059	6901.089243	3680.657817
 25-29 	13887.104490	9774.604584	4112.499906
 30-34 	14161.881969	10315.970248	3845.911721
 35-39 	14925.102959	11195.363385	3729.739574
 40-44 	17976.439715	13541.766064	4434.673651
 45-49 	22719.961400	17135.861593	5584.099807
 50-54 	30648.525200	22620.462453	8028.062747
 55-59 	37720.497683	26405.713551	11314.784132
 60-64 	36338.965721	23894.401257	12444.564464
 65-69 	33202.402472	20188.516400	13013.886072
 70-74 	38349.932515	21645.679099	16704.253416
 75-79 	50476.964911	25689.178996	24787.785915
 80+ 	182848.581601	67038.602516	115809.979084
Total	543796.682719	298909.539946	244887.142773
2015			
 0-4	27411.364241	14842.396200	12568.968041
 5-9	3418.807375	2231.035217	1187.772158
 10-14 	2778.774651	1858.975365	919.799285
 15-19 	5610.834796	3315.704510	2295.130286
 20-24 	9985.398198	6516.455790	3468.942408
 25-29 	13779.627056	9736.214520	4043.412536
 30-34 	14243.332867	10433.452189	3809.880677
 35-39 	15037.538820	11293.999208	3743.539612
 40-44 	17966.535401	13527.014445	4439.520956
 45-49 	22800.965013	17202.164605	5598.800408
 50-54 	30958.454788	22865.240236	8093.214552
 55-59 	38832.698599	27189.038727	11643.659872
 60-64 	39229.258613	25881.015913	13348.242699
 65-69 	35539.154305	21694.016501	13845.137804
 70-74 	38196.247428	21500.637777	16695.609650
 75-79 	49040.326028	24971.277246	24069.048782
 80+ 	186956.138558	68341.187928	118614.950630
Total	551785.456738	303399.826379	248385.630359
2016			
 0-4	26753.176278	14521.059350	12232.116927
 5-9	3394.668260	2232.514485	1162.153775
 10-14 	2781.805798	1866.050367	915.755431
 15-19 	5460.942604	3247.431403	2213.511201
 20-24 	9368.593348	6116.363666	3252.229682
 25-29 	13659.399737	9676.559338	3982.840399
 30-34 	14349.071288	10534.881961	3814.189327
 35-39 	15226.524700	11415.188519	3811.336180
 40-44 	17990.697990	13512.296186	4478.401804
 45-49 	22851.830310	17208.147652	5643.682658
 50-54 	31166.703677	23000.487152	8166.216526
 55-59 	39735.449654	27815.605713	11919.843942
 60-64 	41816.733427	27635.617538	14181.115889
 65-69 	38697.722494	23762.534405	14935.188088
 70-74 	38291.535262	21487.657640	16803.877622
 75-79 	47947.951155	24436.075902	23511.875253
 80+ 	189914.953785	69200.096537	120714.857249
Total	559407.759767	307668.567814	251739.191954
2017			
 0-4	25944.874493	14070.348207	11874.526287
 5-9	3351.335018	2212.113182	1139.221836
 10-14 	2775.708217	1864.771093	910.937124
 15-19 	5363.538438	3201.073535	2162.464903
 20-24 	8793.177850	5740.178754	3052.999096
 25-29 	13419.633130	9519.997472	3899.635658
 30-34 	14420.083063	10607.934355	3812.148708
 35-39 	15411.326397	11542.278762	3869.047635
 40-44 	17982.245776	13477.077445	4505.168331
 45-49 	22860.685690	17179.006373	5681.679317
 50-54 	31302.184679	23076.313805	8225.870873
 55-59 	40447.846377	28312.990256	12134.856121
 60-64 	44092.250963	29162.436567	14929.814396
 65-69 	42389.784020	26187.590292	16202.193728
 70-74 	38962.274851	21827.621069	17134.653781
 75-79 	47146.636040	24039.504787	23107.131253
 80+ 	192029.624528	69748.538992	122281.085535
Total	566693.209530	311769.774947	254923.434583
2018			
 0-4	24971.608403	13481.015917	11490.592486
 5-9	3285.139375	2166.622639	1118.516737
 10-14 	2752.471176	1849.825459	902.645717
 15-19 	5306.855604	3169.192856	2137.662749
 20-24 	8299.240557	5416.100440	2883.140117
 25-29 	13024.768877	9240.840197	3783.928681
 30-34 	14465.262273	10656.047536	3809.214737
 35-39 	15578.995343	11662.308456	3916.686887
 40-44 	17968.189731	13438.423052	4529.766678
 45-49 	22837.058596	17121.775431	5715.283165
 50-54 	31349.477688	23079.391934	8270.085754
 55-59 	40990.600502	28691.363121	12299.237381
 60-64 	46053.655348	30465.325182	15588.330166
 65-69 	46397.165580	28816.660092	17580.505488
 70-74 	40370.429427	22632.413245	17738.016182
 75-79 	46548.870857	23723.288724	22825.582134
 80+ 	193506.770783	70082.814867	123423.955915
Total	573706.560120	315693.409147	258013.150973
2019			
 0-4	23893.221245	12803.860446	11089.360799
 5-9	3196.731230	2096.355063	1100.376167
 10-14 	2711.766104	1819.807962	891.958142
 15-19 	5278.809154	3151.219727	2127.589427
 20-24 	7923.405537	5168.782380	2754.623158
 25-29 	12478.334695	8841.686924	3636.647771
 30-34 	14477.278213	10672.535073	3804.743141
 35-39 	15718.167902	11763.249978	3954.917923
 40-44 	17972.990924	13413.669148	4559.321776
 45-49 	22813.661023	17064.166904	5749.494120
 50-54 	31285.728109	22988.239345	8297.488765
 55-59 	41395.117900	28969.221064	12425.896836
 60-64 	47712.114715	31561.596989	16150.517727
 65-69 	50470.205698	31478.264325	18991.941373
 70-74 	42606.270404	23967.691691	18638.578713
 75-79 	46186.058574	23505.801498	22680.257075
 80+ 	194470.080780	70259.448312	124210.632468
Total	580589.942207	319525.596827	261064.345380
2020			
 0-4	22781.549982	12093.006179	10688.543803
 5-9	3094.808277	2012.117913	1082.690364
 10-14 	2653.775600	1776.973453	876.802147
 15-19 	5261.452309	3137.521429	2123.930880
 20-24 	7654.265744	4991.153083	2663.112661
 25-29 	11794.026564	8339.781451	3454.245113
 30-34 	14425.051195	10637.116222	3787.934974
 35-39 	15799.828188	11827.278146	3972.550042
 40-44 	18000.003616	13408.793959	4591.209658
 45-49 	22703.743414	16938.064935	5765.678479
 50-54 	31260.184612	22926.132030	8334.052583
 55-59 	41684.825671	29161.788588	12523.037083
 60-64 	49087.910413	32467.927869	16619.982543
 65-69 	54428.791206	34049.025506	20379.765700
 70-74 	45699.041128	25854.110732	19844.930395
 75-79 	46132.232146	23435.657278	22696.574868
 80+ 	195064.586805	70331.645417	124732.941388
Total	587526.076869	323388.094190	264137.982680
2021			
 0-4	21744.904068	11416.130096	10328.773972
 5-9	2993.773825	1927.100417	1066.673408
 10-14 	2597.097701	1732.829511	864.268190
 15-19 	5266.638022	3135.936025	2130.701997
 20-24 	7495.634631	4882.769404	2612.865227
 25-29 	11150.565371	7859.680588	3290.884782
 30-34 	14455.073426	10644.404291	3810.669135
 35-39 	16078.957161	12025.883227	4053.073934
 40-44 	18271.306569	13578.117433	4693.189136
 45-49 	22788.284272	16958.193391	5830.090881
 50-54 	31298.190147	22894.079249	8404.110897
 55-59 	41922.733072	29304.904113	12617.828959
 60-64 	50253.444936	33238.092928	17015.352008
 65-69 	57996.847595	36333.124221	21663.723374
 70-74 	49855.978188	28425.522913	21430.455275
 75-79 	46401.461390	23520.763128	22880.698261
 80+ 	195620.756625	70426.355595	125194.401030
Total	596191.646998	328303.886530	267887.760468
2022			
 0-4	20822.402277	10803.356473	10019.045804
 5-9	2895.467979	1843.775909	1051.692070
 10-14 	2538.265679	1685.813521	852.452158
 15-19 	5272.723597	3128.446569	2144.277027
 20-24 	7411.139883	4815.202138	2595.937745
 25-29 	10539.521484	7401.424473	3138.097011
 30-34 	14345.288825	10541.768804	3803.520022
 35-39 	16307.437991	12192.598843	4114.839148
 40-44 	18559.323335	13767.453285	4791.870050
 45-49 	22843.946190	16953.510344	5890.435846
 50-54 	31304.509553	22833.288239	8471.221314
 55-59 	42076.265951	29378.952274	12697.313677
 60-64 	51200.233079	33863.167264	17337.065814
 65-69 	61155.278869	38332.686034	22822.592834
 70-74 	54694.080487	31421.338214	23272.742273
 75-79 	47382.047051	24005.631630	23376.415421
 80+ 	196163.093537	70530.892948	125632.200589
Total	605511.025767	333499.306964	272011.718803
2023			
 0-4	20045.801786	10234.236383	9811.565403
 5-9	2800.734649	1763.376854	1037.357795
 10-14 	2478.906107	1638.033666	840.872441
 15-19 	5271.101832	3109.676828	2161.425004
 20-24 	7385.884309	4780.475355	2605.408954
 25-29 	10016.708480	7008.383094	3008.325386
 30-34 	14060.536149	10301.884265	3758.651884
 35-39 	16514.718822	12344.730172	4169.988650
 40-44 	18875.216271	13980.095397	4895.120874
 45-49 	22915.397990	16959.043705	5956.354284
 50-54 	31312.909594	22769.070847	8543.838747
 55-59 	42136.519030	29373.864362	12762.654668
 60-64 	51959.253206	34354.111071	17605.142134
 65-69 	63927.961080	40071.421180	23856.539900
 70-74 	59948.615311	34660.046394	25288.568918
 75-79 	49272.893840	25016.556066	24256.337774
 80+ 	196693.942001	70626.048739	126067.893261
Total	615617.100453	338991.054377	276626.046077
2024			
 0-4	19411.220600	9693.723681	9717.496919
 5-9	2704.555854	1681.590293	1022.965561
 10-14 	2417.153038	1588.104746	829.048292
 15-19 	5255.507496	3076.775134	2178.732362
 20-24 	7397.688223	4768.718520	2628.969703
 25-29 	9623.664720	6708.754518	2914.910201
 30-34 	13603.859558	9929.273346	3674.586212
 35-39 	16678.832531	12468.248359	4210.584172
 40-44 	19193.862299	14197.190552	4996.671747
 45-49 	23031.710235	16996.798833	6034.911402
 50-54 	31360.975527	22732.562435	8628.413091
 55-59 	42069.371309	29260.666438	12808.704871
 60-64 	52566.725749	34731.047307	17835.678442
 65-69 	66334.045532	41571.901119	24762.144413
 70-74 	65313.350810	37942.447059	27370.903751
 75-79 	52185.987317	26629.773829	25556.213488
 80+ 	197377.024533	70777.988284	126599.036249
Total	626525.535331	344755.564453	281769.970878
2025			
 0-4	18880.089113	9200.029775	9680.059337
 5-9	2608.394928	1600.189330	1008.205599
 10-14 	2355.289381	1537.178750	818.110632
 15-19 	5220.757068	3027.553661	2193.203407
 20-24 	7434.330423	4772.544426	2661.785997
 25-29 	9362.245244	6501.753208	2860.492035
 30-34 	12993.483521	9440.642033	3552.841488
 35-39 	16781.139548	12544.205757	4236.933791
 40-44 	19488.571864	14400.966179	5087.605685
 45-49 	23211.893731	17081.341937	6130.551795
 50-54 	31327.379629	22629.322931	8698.056698
 55-59 	42078.107925	29200.217296	12877.890630
 60-64 	53052.935348	35017.588873	18035.346475
 65-69 	68387.221312	42853.071063	25534.150249
 70-74 	70567.723368	41133.000302	29434.723066
 75-79 	56157.971486	28874.616914	27283.354571
 80+ 	198413.071225	71084.017938	127329.053288
Total	638320.605115	350898.240373	287422.364742
2026			
 0-4	18409.199825	8771.095506	9638.104319
 5-9	2517.870673	1523.823309	994.047364
 10-14 	2289.526332	1485.038818	804.487515
 15-19 	5170.489250	2967.526221	2202.963029
 20-24 	7478.087855	4778.436530	2699.651324
 25-29 	9199.291377	6361.729418	2837.561959
 30-34 	12310.895247	8900.376162	3410.519086
 35-39 	16780.169425	12544.973989	4235.195436
 40-44 	19745.683735	14577.324080	5168.359655
 45-49 	23443.922216	17206.672468	6237.249748
 50-54 	31324.974619	22558.739655	8766.234964
 55-59 	42004.335219	29068.835979	12935.499241
 60-64 	53390.182307	35194.860395	18195.321912
 65-69 	70098.508427	43938.709384	26159.799043
 70-74 	75331.115552	43992.293257	31338.822295
 75-79 	61435.898290	31906.504553	29529.393737
 80+ 	200003.637182	71627.725242	128375.911940
Total	650933.787532	357404.664967	293529.122565
2027			
 0-4	17930.086249	8416.929653	9513.156596
 5-9	2435.257198	1454.674639	980.582559
 10-14 	2220.029845	1431.325729	788.704116
 15-19 	5109.163203	2900.700414	2208.462789
 20-24 	7512.885804	4774.950453	2737.935351
 25-29 	9116.084366	6273.201607	2842.882759
 30-34 	11645.505659	8375.864009	3269.641650
 35-39 	16594.867408	12409.330400	4185.537008
 40-44 	19955.748649	14721.259383	5234.489266
 45-49 	23719.554249	17369.010696	6350.543553
 50-54 	31289.458456	22468.310336	8821.148120
 55-59 	41916.287355	28926.989875	12989.297479
 60-64 	53629.726954	35307.599692	18322.127261
 65-69 	71489.507376	44842.536752	26646.970624
 70-74 	79588.046489	46539.005068	33049.041422
 75-79 	67565.193198	35445.322563	32119.870636
 80+ 	203002.648612	72837.280471	130165.368140
Total	664720.051070	364494.291740	300225.759330
2028			
 0-4	17442.047306	8129.951722	9312.095584
 5-9	2359.926636	1391.888441	968.038195
 10-14 	2145.201464	1376.946146	768.255318
 15-19 	5041.557009	2830.691856	2210.865153
 20-24 	7523.014104	4750.204788	2772.809317
 25-29 	9094.376945	6223.204954	2871.171992
 30-34 	11055.680667	7910.487202	3145.193466
 35-39 	16165.944419	12095.171220	4070.773200
 40-44 	20117.165758	14828.533956	5288.631801
 45-49 	24008.313391	17547.115705	6461.197686
 50-54 	31257.318900	22387.571595	8869.747305
 55-59 	41826.691550	28785.817982	13040.873568
 60-64 	53736.773147	35332.631297	18404.141851
 65-69 	72580.482344	45572.504630	27007.977714
 70-74 	83349.111222	48797.693873	34551.417348
 75-79 	74221.188388	39291.949681	34929.238707
 80+ 	207541.909788	74798.162272	132743.747516
Total	679466.703039	372050.527320	307416.175720
2029			
 0-4	16984.106733	7886.516252	9097.590481
 5-9	2291.362194	1334.395965	956.966229
 10-14 	2074.020129	1324.488203	749.531926
 15-19 	4969.369036	2758.434918	2210.934117
 20-24 	7506.873425	4705.017154	2801.856271
 25-29 	9107.485117	6197.692727	2909.792390
 30-34 	10592.152458	7539.069981	3053.082478
 35-39 	15523.005585	11614.948095	3908.057489
 40-44 	20220.017800	14891.675864	5328.341937
 45-49 	24285.837973	17721.375225	6564.462748
 50-54 	31270.822899	22345.228179	8925.594720
 55-59 	41782.368605	28681.426322	13100.942283
 60-64 	53672.596339	35233.605256	18438.991083
 65-69 	73444.966163	46163.980232	27280.985931
 70-74 	86636.058547	50789.667880	35846.390667
 75-79 	81037.440063	43224.232877	37813.207186
 80+ 	213900.882279	77654.301343	136246.580936
Total	695299.365344	380066.056472	315233.308872
2030			
 0-4	16557.430948	7674.464251	8882.966697
 5-9	2230.658967	1283.098131	947.560836
 10-14 	2009.717761	1270.709978	739.007784
 15-19 	4893.625834	2683.792412	2209.833422
 20-24 	7461.892880	4638.085439	2823.807441
 25-29 	9144.566724	6189.795698	2954.771026
 30-34 	10271.591295	7273.559957	2998.031338
 35-39 	14781.888516	11005.646161	3776.242355
 40-44 	20248.575581	14900.919095	5347.656486
 45-49 	24543.298425	17885.571747	6657.726679
 50-54 	31370.232651	22370.556201	8999.676450
 55-59 	41631.176105	28497.541317	13133.634788
 60-64 	53707.777114	35209.889837	18497.887277
 65-69 	74141.852587	46649.107597	27492.744990
 70-74 	89469.414410	52534.165755	36935.248655
 75-79 	87755.302155	47090.551260	40664.750895
 80+ 	222465.890378	81589.150493	140876.739885
Total	712684.892331	388746.605326	323938.287005
2031			
 0-4	16166.690245	7485.573983	8681.116262
 5-9	2177.998971	1238.265376	939.733595
 10-14 	1949.486905	1221.086045	728.400861
 15-19 	4811.009653	2605.400964	2205.608689
 20-24 	7394.479542	4556.237863	2838.241679
 25-29 	9192.627708	6190.642412	3001.985296
 30-34 	10061.064089	7088.063375	2973.000714
 35-39 	13962.291660	10341.885460	3620.406200
 40-44 	20167.453586	14832.846573	5334.607013
 45-49 	24769.769916	18029.563994	6740.205922
 50-54 	31558.375144	22466.168457	9092.206688
 55-59 	41543.420636	28371.667990	13171.752646
 60-64 	53648.514748	35109.110229	18539.404519
 65-69 	74645.316854	46996.469541	27648.847313
 70-74 	91875.414730	54057.677149	37817.737581
 75-79 	93919.431486	50617.609561	43301.821925
 80+ 	234014.542035	86972.094499	147042.447536
Total	731857.887909	398180.363471	333677.524437
2032			
 0-4	15808.601613	7308.996696	8499.604918
 5-9	2130.512628	1196.981744	933.530885
 10-14 	1889.547772	1171.590604	717.957169
 15-19 	4721.333297	2524.067062	2197.266236
 20-24 	7313.915896	4467.005348	2846.910548
 25-29 	9234.156731	6187.320946	3046.835785
 30-34 	9947.900137	6972.874136	2975.026002
 35-39 	13176.170439	9711.327206	3464.843234
 40-44 	19890.909391	14626.393144	5264.516247
 45-49 	24969.949455	18157.886536	6812.062919
 50-54 	31837.727823	22633.536271	9204.191552
 55-59 	41437.163250	28239.241886	13197.921364
 60-64 	53593.004864	35008.502088	18584.502775
 65-69 	75046.656067	47267.531217	27779.124849
 70-74 	93888.659842	55372.455478	38516.204364
 75-79 	99509.529437	53816.631416	45692.898021
 80+ 	247938.672364	93476.887917	154461.784447
Total	752334.411007	408139.229693	344195.181314
2033			
 0-4	15472.305583	7140.694682	8331.610900
 5-9	2090.795888	1161.799053	928.996835
 10-14 	1834.719737	1126.842879	707.876857
 15-19 	4623.372708	2439.053937	2184.318771
 20-24 	7225.485659	4374.937889	2850.547770
 25-29 	9255.190219	6169.546626	3085.643593
 30-34 	9916.707216	6917.499285	2999.207930
 35-39 	12491.572117	9165.508544	3326.063573
 40-44 	19367.261378	14246.250277	5121.011101
 45-49 	25148.156409	18273.557585	6874.598824
 50-54 	32183.815004	22853.443433	9330.371571
 55-59 	41366.384416	28140.519238	13225.865179
 60-64 	53555.449361	34917.379155	18638.070206
 65-69 	75303.859831	47430.018774	27873.841057
 70-74 	95549.363560	56490.434474	39058.929086
 75-79 	104541.573081	56714.422301	47827.150780
 80+ 	264021.776414	100976.567188	163045.209226
Total	773947.788580	418538.475321	355409.313259
2034			
 0-4	15145.995364	6979.062037	8166.933328
 5-9	2056.852838	1131.041548	925.811290
 10-14 	1783.239130	1084.617479	698.621651
 15-19 	4539.479182	2373.704280	2165.774902
 20-24 	7126.715781	4277.768139	2848.947642
 25-29 	9244.163333	6128.347471	3115.815862
 30-34 	9928.551014	6895.758960	3032.792055
 35-39 	11960.505972	8739.645892	3220.860080
 40-44 	18597.608826	13693.018481	4904.590345
 45-49 	25279.459523	18357.788552	6921.670971
 50-54 	32549.837972	23092.782044	9457.055928
 55-59 	41381.097447	28109.495348	13271.602099
 60-64 	53589.618783	34883.057438	18706.561346
 65-69 	75363.784425	47439.329536	27924.454889
 70-74 	96937.688994	57451.251115	39486.437879
 75-79 	109031.454130	59334.028834	49697.425297
 80+ 	282016.492158	109337.797671	172678.694487
Total	796532.544874	429308.494823	367224.050051
2035			
 0-4	14834.998536	6828.236986	8006.761550
 5-9	2026.139235	1102.398056	923.741179
 10-14 	1736.365203	1045.992970	690.372233
 15-19 	4481.982524	2340.234919	2141.747606
 20-24 	7020.338090	4177.496122	2842.841968
 25-29 	9196.501951	6060.681396	3135.820555
 30-34 	9973.480537	6901.899596	3071.580941
 35-39 	11593.608723	8439.882910	3153.725813
 40-44 	17632.677880	12997.001394	4635.676485
 45-49 	25331.472100	18387.735009	6943.737091
 50-54 	32915.215154	23335.687026	9579.528128
 55-59 	41521.699585	28171.754648	13349.944936
 60-64 	53502.723441	34763.084465	18739.638976
 65-69 	75592.833118	47565.020951	28027.812167
 70-74 	98126.671924	58292.081636	39834.590288
 75-79 	112991.480996	61691.765831	51299.715165
 80+ 	301580.394043	118394.494573	183185.899470
Total	820058.583040	440495.448487	379563.134553
2036			
 0-4	14535.005643	6683.791665	7851.213978
 5-9	2000.709725	1078.210628	922.499097
 10-14 	1693.587562	1010.513907	683.073655
 15-19 	4416.154543	2302.660432	2113.494111
 20-24 	6899.827235	4069.404681	2830.422554
 25-29 	9121.889835	5975.773647	3146.116189
 30-34 	10029.384106	6917.780879	3111.603227
 35-39 	11354.085393	8236.672292	3117.413101
 40-44 	16583.556816	12235.611907	4347.944909
 45-49 	25252.119690	18327.590337	6924.529353
 50-54 	33252.536957	23560.662767	9691.874191
 55-59 	41782.480239	28326.435040	13456.045199
 60-64 	53496.571070	34714.708419	18781.862651
 65-69 	75677.348550	47572.962004	28104.386546
 70-74 	99064.638262	58960.920500	40103.717762
 75-79 	116429.511874	63806.753586	52622.758288
 80+ 	322023.722814	127803.735194	194219.987620
Total	843613.130312	451584.187885	392028.942428
2037			
 0-4	14243.007398	6545.964090	7697.043307
 5-9	1977.330466	1055.594033	921.736433
 10-14 	1657.183854	980.394726	676.789128
 15-19 	4344.947312	2262.515498	2082.431814
 20-24 	6766.205234	3955.465571	2810.739664
 25-29 	9026.496058	5877.852486	3148.643572
 30-34 	10073.860336	6925.505192	3148.355144
 35-39 	11221.176746	8112.463607	3108.713139
 40-44 	15582.696819	11499.714609	4082.982210
 45-49 	24931.141956	18096.430585	6834.711371
 50-54 	33554.087363	23765.288132	9788.799230
 55-59 	42160.684647	28569.286853	13591.397795
 60-64 	53466.613749	34656.608293	18810.005456
 65-69 	75751.326284	47574.732727	28176.593557
 70-74 	99867.183324	59535.502632	40331.680691
 75-79 	119376.612919	65687.665218	53688.947701
 80+ 	343039.888832	137462.618900	205577.269933
Total	867040.443296	462563.603151	404476.840145
2038			
 0-4	13955.746703	6413.010226	7542.736477
 5-9	1954.359912	1033.198010	921.161903
 10-14 	1624.985416	953.376194	671.609222
 15-19 	4271.565660	2221.468083	2050.097577
 20-24 	6619.092738	3835.287039	2783.805700
 25-29 	8914.940430	5770.531860	3144.408569
 30-34 	10092.619028	6914.385281	3178.233747
 35-39 	11177.589856	8055.082180	3122.507676
 40-44 	14712.661498	10847.848336	3864.813162
 45-49 	24301.888927	17648.620018	6653.268908
 50-54 	33825.348301	23951.325928	9874.022373
 55-59 	42621.862861	28877.978865	13743.883996
 60-64 	53471.635673	34636.013957	18835.621715
 65-69 	75842.668324	47588.784181	28253.884144
 70-74 	100480.463681	59975.643890	40504.819790
 75-79 	121884.263658	67349.412371	54534.851286
 80+ 	364538.271164	147342.585714	217195.685450
Total	890289.963830	473414.552133	416875.411696
2039			
 0-4	13668.652024	6281.660369	7386.991655
 5-9	1933.357815	1012.779057	920.578758
 10-14 	1597.125425	929.767072	667.358352
 15-19 	4199.219668	2180.947190	2018.272478
 20-24 	6462.184931	3712.876296	2749.308635
 25-29 	8791.387214	5657.672732	3133.714482
 30-34 	10075.689693	6876.813487	3198.876206
 35-39 	11184.119278	8038.129615	3145.989663
 40-44 	14043.484764	10335.357270	3708.127494
 45-49 	23376.640275	16995.398238	6381.242037
 50-54 	34038.909039	24102.210283	9936.698756
 55-59 	43121.147465	29218.604206	13902.543259
 60-64 	53585.893467	34697.799937	18888.093530
 65-69 	76044.728149	47686.217363	28358.510787
 70-74 	100836.326805	60222.664720	40613.662085
 75-79 	124062.936066	68838.386253	55224.549813
 80+ 	386268.529019	157339.657263	228928.871755
Total	913290.331097	484126.941352	429163.389746
2040			
 0-4	13386.382316	6154.418251	7231.964065
 5-9	1912.958299	993.188605	919.769694
 10-14 	1572.927323	909.021100	663.906223
 15-19 	4130.092478	2141.944021	1988.148458
 20-24 	6298.164121	3589.811972	2708.352149
 25-29 	8656.060860	5538.390715	3117.670145
 30-34 	10021.841907	6812.709788	3209.132119
 35-39 	11229.513537	8054.358251	3175.155287
 40-44 	13582.324423	9971.112273	3611.212150
 45-49 	22207.546282	16163.747143	6043.799139
 50-54 	34148.540878	24183.284774	9965.256105
 55-59 	43621.676951	29564.220529	14057.456422
 60-64 	53854.735138	34873.385506	18981.349632
 65-69 	76080.966500	47671.182538	28409.783962
 70-74 	101419.572072	60617.510660	40802.061412
 75-79 	125994.896004	70190.244005	55804.651999
 80+ 	407965.975769	167352.992292	240612.983476
Total	936084.174859	494781.522423	441302.652436
2041			
 0-4	13104.958176	6028.466490	7076.491685
 5-9	1894.269000	975.696772	918.572228
 10-14 	1550.951086	889.867802	661.083284
 15-19 	4065.796370	2105.364080	1960.432289
 20-24 	6131.634068	3468.465158	2663.168910
 25-29 	8502.962190	5408.210611	3094.751579
 30-34 	9935.347092	6725.827247	3209.519845
 35-39 	11287.469365	8081.576992	3205.892373
 40-44 	13279.330908	9723.669390	3555.661518
 45-49 	20919.417867	15242.484374	5676.933493
 50-54 	34080.933452	24144.034207	9936.899244
 55-59 	44086.334947	29887.284168	14199.050779
 60-64 	54274.247086	35157.974762	19116.272325
 65-69 	76226.206461	47746.316897	28479.889564
 70-74 	101805.714361	60854.441014	40951.273347
 75-79 	127604.160645	71327.902967	56276.257678
 80+ 	429238.652372	177227.623809	252011.028563
Total	957988.385444	504995.206739	452993.178705
2042			
 0-4	12822.474670	5902.359353	6920.115317
 5-9	1882.909115	966.039310	916.869805
 10-14 	1531.587002	872.901545	658.685457
 15-19 	4008.142619	2072.453681	1935.688938
 20-24 	5968.212903	3352.129654	2616.083250
 25-29 	8330.913930	5266.613826	3064.300104
 30-34 	9826.052500	6623.596200	3202.456300
 35-39 	11333.614733	8099.877847	3233.736885
 40-44 	13090.541673	9568.646928	3521.894745
 45-49 	19664.480460	14333.727518	5330.752942
 50-54 	33679.011575	23869.667431	9809.344143
 55-59 	44500.168456	30179.107236	14321.061220
 60-64 	54839.684706	35547.429607	19292.255099
 65-69 	76313.793578	47789.114531	28524.679047
 70-74 	102163.082714	61068.504255	41094.578459
 75-79 	129027.071981	72335.358364	56691.713617
 80+ 	450005.472695	186917.422014	263088.050681
Total	978987.215309	514764.949299	464222.266010
2043			
 0-4	12536.586501	5775.035076	6761.551425
 5-9	1878.210364	963.609825	914.600539
 10-14 	1513.270119	856.711707	656.558412
 15-19 	3958.079997	2044.046970	1914.033028
 20-24 	5809.749643	3240.675713	2569.073930
 25-29 	8143.347876	5116.771529	3026.576347
 30-34 	9698.230474	6509.048072	3189.182402
 35-39 	11350.694606	8095.527498	3255.167108
 40-44 	12993.777675	9490.387707	3503.389968
 45-49 	18553.512853	13516.129176	5037.383677
 50-54 	32858.339799	23304.799806	9553.539992
 55-59 	44865.163377	30440.478984	14424.684393
 60-64 	55508.583381	36011.224905	19497.358476
 65-69 	76426.499134	47860.825644	28565.673489
 70-74 	102524.502990	61278.546823	41245.956167
 75-79 	130187.270802	73158.322612	57028.948190
 80+ 	470237.542535	196400.502281	273837.040254
Total	999043.362124	524062.644328	474980.717797
2044			
 0-4	12248.154504	5646.887940	6601.266564
 5-9	1872.296521	960.555270	911.741251
 10-14 	1495.600919	840.996294	654.604625
 15-19 	3915.176105	2020.135937	1895.040168
 20-24 	5660.788736	3136.576152	2524.212584
 25-29 	7941.758861	4960.332590	2981.426271
 30-34 	9555.323451	6385.158091	3170.165360
 35-39 	11326.769397	8058.986385	3267.783012
 40-44 	12958.605779	9461.742252	3496.863527
 45-49 	17677.891103	12862.095563	4815.795541
 50-54 	31648.597768	22467.205207	9181.392561
 55-59 	45145.282018	30647.676284	14497.605734
 60-64 	56218.529557	36508.635226	19709.894331
 65-69 	76674.972490	48033.491665	28641.480824
 70-74 	103006.801172	61571.929490	41434.871681
 75-79 	131004.488203	73727.747221	57276.740982
 80+ 	489955.565025	205679.739617	284275.825408
Total	1018306.601610	532969.891187	485336.710423
2045			
 0-4	11959.323598	5519.117546	6440.206052
 5-9	1865.105670	956.843218	908.262452
 10-14 	1478.301291	825.602591	652.698700
 15-19 	3879.276263	2000.586828	1878.689435
 20-24 	5523.997491	3041.220553	2482.776937
 25-29 	7731.289327	4800.990571	2930.298756
 30-34 	9398.124281	6251.777122	3146.347159
 35-39 	11261.028991	7990.444264	3270.584727
 40-44 	12962.888532	9467.184228	3495.704304
 45-49 	17060.494035	12389.300838	4671.193196
 50-54 	30104.024342	21393.440882	8710.583461
 55-59 	45284.229353	30764.756577	14519.472775
 60-64 	56932.259532	37011.420681	19920.838852
 65-69 	77139.446671	48358.191360	28781.255311
 70-74 	103256.248181	61708.940111	41547.308070
 75-79 	132129.830394	74485.495956	57644.334438
 80+ 	509188.965777	214765.474754	294423.491023
Total	1037154.833731	541730.788081	495424.045649
2046			
 0-4	11674.265108	5394.036112	6280.228996
 5-9	1856.581254	952.446804	904.134451
 10-14 	1462.083892	811.353246	650.730645
 15-19 	3849.840645	1984.854479	1864.986166
 20-24 	5400.659055	2955.367552	2445.291503
 25-29 	7519.361778	4643.780975	2875.580803
 30-34 	9223.969448	6107.336047	3116.633401
 35-39 	11160.196211	7896.010302	3264.185909
 40-44 	12984.656417	9489.372942	3495.283475
 45-49 	16642.995548	12063.325338	4579.670210
 50-54 	28398.187290	20200.128919	8198.058372
 55-59 	45186.839049	30724.498263	14462.340786
 60-64 	57605.173148	37491.760885	20113.412263
 65-69 	77818.579718	48834.530259	28984.049458
 70-74 	103651.356911	61961.576411	41689.780500
 75-79 	132992.235456	75039.018237	57953.217219
 80+ 	527570.082910	223431.075274	304139.007636
Total	1054997.063837	549980.472043	505016.591794
2047			
 0-4	11393.177585	5271.121941	6122.055643
 5-9	1846.685400	947.345653	899.339747
 10-14 	1446.261398	797.643312	648.618086
 15-19 	3825.913910	1972.325843	1853.588067
 20-24 	5293.153776	2880.830044	2412.323732
 25-29 	7310.887048	4491.070588	2819.816460
 30-34 	9031.444710	5951.156892	3080.287818
 35-39 	11033.346547	7782.252267	3251.094281
 40-44 	12991.101369	9501.868612	3489.232758
 45-49 	16382.023747	11858.921767	4523.101980
 50-54 	26718.116701	19015.905499	7702.211201
 55-59 	44651.091440	30389.144192	14261.947249
 60-64 	58221.433360	37938.301044	20283.132315
 65-69 	78714.894801	49461.711490	29253.183312
 70-74 	103976.233766	62179.369238	41796.864528
 75-79 	133829.968998	75571.884137	58258.084862
 80+ 	545375.576100	231825.098137	313550.477963
Total	1072041.310656	557835.950655	514205.360002
2048			
 0-4	11122.496779	5154.146419	5968.350360
 5-9	1835.349224	941.504911	893.844313
 10-14 	1430.242893	783.930962	646.311931
 15-19 	3806.002759	1962.108836	1843.893923
 20-24 	5199.036941	2814.917740	2384.119201
 25-29 	7110.423817	4345.339533	2765.084284
 30-34 	8822.981550	5785.526069	3037.455481
 35-39 	10886.527309	7653.977762	3232.549547
 40-44 	12967.109112	9492.246004	3474.863107
 45-49 	16244.599315	11754.365495	4490.233821
 50-54 	25199.222918	17936.666331	7262.556588
 55-59 	43571.209446	29688.019413	13883.190033
 60-64 	58782.584928	38354.164052	20428.420876
 65-69 	79772.079317	50204.421615	29567.657701
 70-74 	104350.808750	62446.161957	41904.646794
 75-79 	134685.661870	76105.991539	58579.670331
 80+ 	562404.889368	239816.159215	322588.730153
Total	1088191.226295	565239.647852	522951.578443
2049			
 0-4	10863.553625	5043.694831	5819.858794
 5-9	1822.670573	934.975240	887.695333
 10-14 	1413.885685	770.101492	643.784193
 15-19 	3788.598986	1953.195808	1835.403178
 20-24 	5119.539241	2759.412804	2360.126437
 25-29 	6923.090361	4209.599838	2713.490523
 30-34 	8600.118115	5612.081682	2988.036433
 35-39 	10723.783233	7514.746944	3209.036288
 40-44 	12897.899649	9448.261217	3449.638433
 45-49 	16183.405712	11711.123137	4472.282575
 50-54 	23988.121573	17066.532588	6921.588985
 55-59 	41980.794210	28641.402168	13339.392043
 60-64 	59238.201235	38707.827088	20530.374148
 65-69 	80904.625214	51002.979377	29901.645837
 70-74 	104914.291105	62849.888684	42064.402421
 75-79 	135699.700579	76743.750390	58955.950189
 80+ 	578588.131600	247301.440881	331286.690718
Total	1103650.410695	572271.014167	531379.396528
2050			
 0-4	10737.063339	4984.436424	5752.626915
 5-9	1809.016183	927.944017	881.072166
 10-14 	1406.712337	765.720326	640.992012
 15-19 	3772.658430	1945.040658	1827.617773
 20-24 	5077.762894	2737.710770	2340.052124
 25-29 	6791.703691	4125.436165	2666.267525
 30-34 	8423.229365	5489.797561	2933.431804
 35-39 	10615.619788	7434.400731	3181.219057
 40-44 	12905.799629	9464.226286	3441.573343
 45-49 	16343.522209	11841.924721	4501.597488
 50-54 	23373.671837	16623.863767	6749.808070
 55-59 	40420.568208	27619.887239	12800.680969
 60-64 	60172.695987	39375.806394	20796.889593
 65-69 	82931.144917	52358.298624	30572.846293
 70-74 	106813.130258	64051.437174	42761.693084
 75-79 	137588.213570	77803.830379	59784.383191
 80+ 	597283.112218	255894.368531	341388.743687
Total	1126465.624861	583444.129767	543021.495094
