Afghanistan	1970	453.84	426.44	401.88	379.95	360.42	343.06	327.64	313.94	301.73	290.79	281.19	272.99	264.49	254.85	244.75	235.48	226.55	219.08	213.68	209.62	205.65	202.15	197.68	191.44	184.13	177.24	170.44	164.2	158.92	154.27	149.59	145.03	140.5	135.91	131.33	126.91	122.59	118.5	114.73	111.16	107.66	104.27	100.77	97.04	93.18	89.43	85.73	82.18	78.83	75.63	72.47	69.37	66.35	63.41	60.54	57.74	55.02	52.31	49.59	46.89	44.25	41.65	39.15	36.77	34.5	32.27	30.11	27.93	25.68	23.41	21.22	19.11	17.1	15.23	13.49	11.82	10.25	8.79	7.45	6.22	21.58
Albania		1970	61.09	62.18	62.85	63.14	63.06	62.65	61.93	60.95	59.71	58.26	56.63	54.85	52.93	50.87	48.73	46.56	44.39	42.27	40.26	38.36	36.52	34.71	33.27	32.38	31.86	31.37	30.93	30.55	30.17	29.77	29.44	29.2	28.67	27.67	26.39	25.15	23.84	22.8	22.19	21.86	21.48	21.15	20.6	19.65	18.48	17.39	16.28	15.44	15.01	14.85	14.67	14.51	14.31	14	13.62	13.28	12.93	12.6	12.3	11.99	11.68	11.4	10.98	10.35	9.59	8.84	8.04	7.46	7.24	7.23	7.18	7.19	6.97	6.39	5.58	4.83	4.06	3.48	3.2	3.13	20.85
Algeria		1970	580.22	558.36	537.53	517.68	498.78	480.78	463.64	447.32	431.77	416.95	402.38	387.61	374.72	364.54	355.74	347.02	339.65	326.99	305.9	279.9	255.28	230.43	210.63	199.01	192.99	186.65	180.98	176.14	171.57	167.38	164.12	161.52	159.1	156.61	154.01	151.58	149.4	146.17	141.31	135.37	129.64	124.05	118.2	112.09	105.97	99.9	93.61	89.05	87.12	86.86	86.55	86.7	85.72	82.7	78.48	74.59	70.53	67.64	66.69	66.85	66.76	66.92	65.6	61.87	56.67	51.68	46.38	42.37	40.55	40.04	39.23	38.66	36.78	32.74	27.39	22.43	17.43	13.44	11.13	9.95	41.3
Angola		1970	274.74	256.34	239.98	225.49	212.73	201.53	191.74	183.21	175.76	169.24	163.52	158.44	153.79	149.38	145.08	141.23	138.04	133.4	126.35	117.95	110.02	102	95.77	92.41	90.93	89.32	87.95	86.36	84.08	81.41	79.09	76.98	74.83	72.63	70.39	68.21	66.06	63.97	61.99	60.09	58.22	56.37	54.56	52.77	51.01	49.28	47.58	45.92	44.29	42.7	41.13	39.58	38.04	36.51	34.99	33.48	31.99	30.51	29.04	27.58	26.13	24.7	23.27	21.83	20.4	18.99	17.61	16.24	14.9	13.58	12.3	11.06	9.87	8.75	7.69	6.68	5.74	4.86	4.06	3.33	10.99
Antigua_and_Barbuda	1970	1.96	1.9	1.85	1.81	1.78	1.75	1.73	1.72	1.71	1.7	1.69	1.68	1.67	1.65	1.63	1.61	1.58	1.55	1.49	1.43	1.36	1.29	1.23	1.2	1.18	1.15	1.12	1.09	1.04	0.97	0.91	0.86	0.8	0.73	0.66	0.59	0.52	0.48	0.49	0.52	0.55	0.59	0.61	0.58	0.52	0.47	0.41	0.38	0.37	0.39	0.4	0.4	0.41	0.42	0.43	0.44	0.45	0.45	0.43	0.39	0.36	0.33	0.29	0.28	0.27	0.26	0.25	0.24	0.22	0.2	0.18	0.16	0.14	0.13	0.11	0.09	0.08	0.07	0.06	0.06	0.43
Argentina	1970	507.7	498.39	490.3	483.31	477.28	472.1	467.65	463.78	460.4	457.35	454.55	451.88	449.13	446.12	442.8	439.35	435.83	431.17	424.86	417.38	409.87	402.3	394.16	385.36	376.26	367.28	358.39	350.33	343.56	337.83	332.34	327.06	323.09	320.84	319.77	318.79	317.85	317.29	317.05	316.83	316.48	316.18	314.13	309.45	302.94	296.41	289.67	282.44	274.8	266.94	258.79	250.2	242.74	237.16	232.72	227.97	223.21	217.81	211.32	204.05	196.83	189.55	181.88	173.73	165.25	156.67	148.01	139.28	130.52	121.8	113.11	104.48	96.13	88.2	80.62	73.22	66.06	59.16	52.51	46.15	206.93
Armenia	1970	47.67	53.97	59.26	63.6	67.02	69.59	71.36	72.37	72.67	72.31	71.38	69.94	67.93	65.32	62.26	58.96	55.48	51.82	48.05	44.26	40.63	37.29	34.07	30.96	28.19	25.59	22.71	22.33	25.64	31.16	36.5	42.45	45.78	44.74	40.94	37.55	33.69	31.36	31.79	33.82	35.24	36.76	36.54	33.53	28.78	24.42	20.04	16.42	14.16	12.88	11.47	9.98	9.41	10.07	11.51	13.01	14.74	15.88	15.95	15.33	14.86	14.35	13.85	13.45	13.07	12.6	12.09	11.41	10.48	9.42	8.37	7.31	6.42	5.82	5.42	5.01	4.62	4.3	4.07	3.9	29.09
Aruba	1970	1.26	1.35	1.42	1.48	1.51	1.54	1.55	1.56	1.55	1.54	1.51	1.48	1.45	1.43	1.41	1.39	1.37	1.33	1.29	1.23	1.18	1.13	1.08	1.03	0.99	0.95	0.92	0.88	0.85	0.82	0.79	0.76	0.74	0.73	0.73	0.72	0.72	0.7	0.68	0.64	0.6	0.57	0.54	0.52	0.51	0.49	0.48	0.47	0.46	0.45	0.45	0.44	0.43	0.43	0.42	0.41	0.4	0.39	0.38	0.38	0.38	0.38	0.37	0.34	0.31	0.28	0.24	0.22	0.2	0.18	0.16	0.15	0.14	0.12	0.11	0.09	0.08	0.07	0.06	0.05	0.22
Australia	1970	250.51	249.35	248.88	248.94	249.39	250.09	250.88	251.62	252.17	252.39	252.69	253.5	251.82	246.36	238.7	231.05	222.23	217.36	218.96	224.3	228.66	233.64	233.83	226.3	213.9	202.4	190.57	180.74	174.62	170.98	167	163.37	159.8	155.89	152.09	148.88	145.71	144.98	147.79	152.77	157.44	162.28	165.68	166.6	165.69	164.98	164.47	161.92	156.53	149.4	142.15	134.15	128.37	126.35	126.62	126.3	126.07	124.51	120.65	115.29	110.25	105.21	100.23	95.52	91.01	86.35	81.59	77.11	73.05	69.29	65.54	61.86	58.19	54.48	50.77	47.16	43.67	40.16	36.58	33.01	183.13
Austria	1970	116.12	121.59	125.71	128.6	130.34	131.06	130.84	129.79	128.03	125.64	122.87	119.93	116.31	111.87	107.08	102.42	97.59	94.62	94.48	96.27	97.86	99.41	101.51	104.16	106.98	109.83	112.96	114.11	112.2	108.29	104.62	100.9	97.29	94.14	91.44	88.63	85.65	84.07	84.56	86.41	87.99	89.26	91.06	93.52	96.05	98.74	102.46	101.83	94.48	83.25	72.73	61.24	55.49	59.03	68.42	76.76	85.52	91.83	93.57	92.29	91.67	90.97	89.97	88.91	87.63	85.82	83.6	80.8	77.3	73.29	69.09	64.73	60.24	55.74	51.24	46.7	42.1	37.82	33.99	30.53	155.92
Azerbaijan	1970	134.37	144.61	152.81	159.06	163.47	166.13	167.12	166.55	164.51	161.1	156.6	151.32	144.35	135.37	125.09	114.6	103.78	93.77	85.27	77.97	71	64.77	59.07	53.79	49.31	45.38	41.16	41.42	48.24	58.98	69.37	80.77	87.48	86.4	80.31	74.92	68.86	64.37	63.06	63.57	63.17	62.71	60.48	55.47	48.76	42.53	36.36	31.23	27.86	25.81	23.68	21.47	20.77	22.15	24.82	27.53	30.64	32.48	32.14	30.39	28.91	27.34	25.93	24.96	24.23	23.29	22.27	21.08	19.66	18.09	16.58	15.13	13.72	12.4	11.18	9.98	8.7	7.97	8.06	8.64	69.53
Bahamas	1970	3.64	4.29	4.79	5.15	5.37	5.49	5.5	5.42	5.28	5.08	4.82	4.51	4.23	4.01	3.82	3.62	3.41	3.22	3.07	2.94	2.81	2.7	2.61	2.55	2.52	2.49	2.46	2.45	2.45	2.46	2.48	2.5	2.48	2.39	2.26	2.14	2.01	1.9	1.83	1.79	1.74	1.69	1.63	1.56	1.48	1.42	1.35	1.29	1.24	1.21	1.18	1.14	1.11	1.1	1.08	1.07	1.05	1.02	0.97	0.89	0.82	0.75	0.68	0.64	0.61	0.57	0.54	0.5	0.46	0.42	0.39	0.35	0.32	0.28	0.25	0.21	0.18	0.16	0.14	0.13	0.81
Bahrain	1970	7.98	7.43	7	6.67	6.43	6.26	6.15	6.08	6.05	6.02	6.02	6.05	5.98	5.75	5.4	5.08	4.76	4.44	4.13	3.82	3.51	3.19	2.99	2.97	3.07	3.16	3.28	3.33	3.23	3.04	2.88	2.72	2.6	2.56	2.56	2.55	2.54	2.51	2.43	2.33	2.23	2.13	2.03	1.94	1.85	1.75	1.64	1.57	1.53	1.51	1.49	1.49	1.43	1.31	1.15	1	0.84	0.73	0.69	0.7	0.7	0.7	0.7	0.66	0.61	0.56	0.52	0.48	0.44	0.4	0.37	0.33	0.3	0.27	0.25	0.23	0.2	0.19	0.17	0.16	0.92
Bangladesh	1970	2641.14	2511.45	2391.01	2279.08	2174.96	2077.89	1987.15	1902.02	1821.75	1745.62	1674.94	1611.03	1542.93	1465.83	1385.12	1309.63	1235.9	1176.78	1139.03	1115.81	1093.48	1074.73	1054.06	1027.33	997.22	970.5	945.75	921.65	898.21	875.33	852.86	830.8	808.97	787.29	765.74	744.57	723.84	702.79	681.09	659.13	637.55	616.1	595.74	576.94	559.25	541.71	524.58	507.31	489.57	471.64	454.08	436.64	419.94	404.31	389.36	374.43	359.68	344.48	328.45	311.9	295.53	279.23	262.96	246.81	230.76	214.84	199.22	183.36	167.07	150.7	134.85	119.45	104.93	91.59	79.31	67.65	56.66	46.85	38.43	31.21	99.27
Barbados	1970	4.4	4.9	5.33	5.67	5.95	6.16	6.31	6.4	6.44	6.43	6.37	6.28	6.16	6.02	5.86	5.67	5.45	5.23	5	4.76	4.52	4.28	4	3.66	3.28	2.92	2.55	2.29	2.18	2.18	2.18	2.19	2.2	2.16	2.1	2.06	2.03	2.02	2.05	2.1	2.15	2.21	2.24	2.2	2.12	2.05	1.98	1.94	1.98	2.07	2.14	2.21	2.25	2.23	2.17	2.12	2.07	2.02	1.98	1.96	1.93	1.89	1.85	1.83	1.8	1.78	1.75	1.69	1.58	1.45	1.32	1.18	1.06	0.95	0.87	0.77	0.68	0.61	0.56	0.52	2.97
Belarus	1970	133.04	141.54	149.91	157.98	165.63	172.69	179.02	184.47	188.9	192.14	194.57	196.52	195.36	189.92	181.56	172.94	163.71	154.72	146.73	139.48	132.33	125.82	119.31	112.55	106.29	100.6	94.35	94.1	102.77	116.87	130.47	145.35	154.76	154.94	149.23	144.32	138.45	134.97	136.12	139.78	141.98	143.9	142.55	136.16	126.44	117.38	108.74	99.35	89.19	79.09	69.09	58.27	53.21	56.88	66.02	74.64	84.21	90.22	89.92	85.54	82.01	78.26	75.07	73.28	72.2	70.51	68.68	65.7	61	55.27	49.69	43.94	39.22	36.21	34.35	32.33	30.37	28.49	26.56	24.61	144.76
Belgium	1970	131.83	138.25	143.69	148.2	151.83	154.65	156.71	158.05	158.75	158.84	158.51	157.95	156.57	154.2	151.25	147.98	143.88	141.77	142.95	145.92	148.49	151.76	151.26	144.75	134.66	125.39	115.8	109.44	108.46	111.03	113.09	115.29	117.7	119.89	121.93	124.45	127.5	129.44	129.55	128.57	127.34	125	125.03	129.01	134.94	140.33	147.03	146.74	135.51	117.84	101.35	83.51	73.54	76.47	87.55	97.13	107.28	114.34	115.57	113	111.43	109.94	108.18	106.46	104.61	102.16	99.19	95.94	92.44	88.69	84.69	80.6	75.87	70.28	64.19	58.12	51.94	46.36	41.76	37.85	204.91
Belize	1970	4.63	4.46	4.31	4.19	4.08	3.98	3.89	3.8	3.73	3.65	3.57	3.5	3.41	3.27	3.11	2.95	2.8	2.64	2.49	2.33	2.19	2.04	1.9	1.77	1.65	1.53	1.42	1.33	1.28	1.26	1.24	1.22	1.2	1.17	1.13	1.1	1.06	1.04	1.03	1.02	1.02	1.02	1.01	0.97	0.93	0.89	0.84	0.81	0.77	0.74	0.71	0.68	0.66	0.67	0.68	0.69	0.71	0.71	0.69	0.65	0.61	0.58	0.55	0.52	0.49	0.46	0.43	0.4	0.38	0.36	0.34	0.32	0.3	0.28	0.26	0.24	0.22	0.2	0.17	0.15	0.74
Benin	1970	113.34	106.94	101.12	95.83	91.04	86.71	82.79	79.25	76.05	73.14	70.51	68.14	65.88	63.62	61.4	59.38	57.56	55.69	53.69	51.65	49.71	47.75	46.25	45.43	45.01	44.57	44.26	43.47	41.88	39.78	37.82	35.85	34.11	32.78	31.72	30.63	29.57	28.59	27.67	26.81	26.02	25.29	24.64	24.09	23.61	23.17	22.76	22.36	21.95	21.53	21.12	20.73	20.32	19.89	19.43	18.96	18.48	17.99	17.52	17.04	16.54	16.02	15.44	14.77	14.04	13.29	12.54	11.76	10.97	10.18	9.38	8.59	7.79	6.98	6.17	5.39	4.63	3.93	3.31	2.75	9.02
Bhutan	1970	11.57	10.85	10.21	9.63	9.12	8.67	8.26	7.9	7.58	7.28	7.03	6.83	6.59	6.28	5.95	5.65	5.34	5.15	5.12	5.2	5.26	5.35	5.38	5.28	5.1	4.94	4.78	4.63	4.51	4.41	4.29	4.17	4.05	3.94	3.83	3.73	3.62	3.51	3.4	3.28	3.16	3.04	2.92	2.8	2.68	2.56	2.44	2.33	2.21	2.11	2	1.9	1.8	1.7	1.61	1.52	1.44	1.36	1.27	1.2	1.12	1.05	0.98	0.91	0.84	0.78	0.72	0.65	0.6	0.54	0.49	0.44	0.4	0.35	0.31	0.27	0.24	0.2	0.17	0.14	0.55
Bolivia	1970	162.65	154.96	148.09	141.99	136.59	131.81	127.58	123.83	120.51	117.52	114.8	112.26	109.9	107.65	105.43	103.33	101.51	98.72	94.4	89.18	84.13	78.89	74.78	72.51	71.4	70.15	69.13	67.41	64.45	60.76	57.39	54.07	51.37	49.67	48.63	47.53	46.47	45.52	44.61	43.73	42.93	42.26	41.26	39.73	37.88	36.11	34.36	32.77	31.44	30.32	29.17	28.01	27.08	26.46	26.05	25.64	25.28	24.75	23.9	22.84	21.83	20.81	19.8	18.83	17.89	16.92	15.94	14.97	14.01	13.05	12.11	11.19	10.27	9.38	8.51	7.66	6.84	6.05	5.28	4.55	16.34
Bosnia_and_Herzegovina	1970	76.68	81.71	85.53	88.24	89.99	90.88	91.04	90.6	89.68	88.4	86.66	84.39	82.76	82.35	82.62	82.48	82.13	81.34	79.85	77.81	75.92	74.45	71.49	66.31	59.96	53.88	47.32	43.94	45.58	50.35	54.68	59.4	62.37	62.21	60.02	58.24	56.34	54.62	53.45	52.53	51.25	49.84	47.78	44.78	41.18	37.7	34.33	30.98	27.75	24.73	21.81	18.84	17.15	17.33	18.74	20.11	21.65	22.86	23.33	23.29	23.41	23.61	23.32	22.36	20.95	19.48	17.88	16.43	15.3	14.36	13.34	12.33	11.19	9.81	8.32	6.9	5.49	4.38	3.7	3.33	16.13
Botswana	1970	28.52	27.16	25.94	24.85	23.88	23.01	22.24	21.54	20.9	20.32	19.76	19.23	18.71	18.21	17.71	17.22	16.8	16.12	15.04	13.72	12.46	11.17	10.2	9.74	9.62	9.46	9.35	9.2	8.95	8.65	8.4	8.18	7.94	7.67	7.36	7.07	6.8	6.51	6.18	5.83	5.49	5.13	4.89	4.84	4.89	4.93	5	4.95	4.71	4.36	4.03	3.71	3.41	3.17	2.97	2.77	2.57	2.41	2.3	2.24	2.18	2.12	2.08	2.05	2.02	2	1.99	1.94	1.79	1.61	1.43	1.25	1.1	1.02	0.99	0.94	0.9	0.85	0.76	0.66	2.97
Brazil	1970	2919.64	2963.56	2983.61	2982.18	2961.64	2924.36	2872.72	2809.09	2735.84	2655.36	2566.87	2469.58	2381.63	2311.7	2252.7	2189.73	2126.77	2058.12	1979.8	1895.86	1815.42	1737.93	1661.53	1586.6	1514.66	1444.51	1373.67	1319.59	1290	1275.96	1262.53	1254.7	1233.82	1189.73	1131.98	1078.63	1024.05	982.7	962.95	956.43	947.42	940.25	923.26	889.43	845.09	803.71	762.72	724.9	693.03	665.43	637.1	608.36	583.55	564.1	548.13	532.43	517.81	500.9	479.78	455.95	433.17	411.07	388.23	364.45	340.36	316.44	292.17	271.04	254.7	241.45	228.21	215.98	201.62	183.39	162.97	143.78	125.09	108.25	94.29	82.47	361.83
Brunei	1970	4.3	4.25	4.19	4.12	4.04	3.96	3.87	3.77	3.67	3.56	3.44	3.32	3.21	3.11	3.02	2.94	2.86	2.73	2.52	2.26	2.01	1.76	1.59	1.55	1.6	1.64	1.69	1.73	1.73	1.71	1.7	1.69	1.69	1.67	1.66	1.64	1.62	1.59	1.55	1.51	1.46	1.41	1.36	1.31	1.26	1.2	1.15	1.1	1.05	1.01	0.96	0.92	0.88	0.84	0.8	0.76	0.71	0.68	0.64	0.61	0.58	0.55	0.52	0.49	0.47	0.45	0.43	0.41	0.38	0.34	0.31	0.28	0.26	0.23	0.21	0.2	0.18	0.16	0.14	0.12	0.52
Bulgaria	1970	133.83	130.79	128.52	126.95	126.01	125.62	125.7	126.18	127	128.06	129.36	130.88	132.24	133.23	133.96	134.59	134.88	135.55	136.91	138.48	139.82	141.47	140.7	136.26	129.59	123.37	116.98	112.4	110.86	111.44	111.76	112.01	113.46	116.43	120.3	124.27	128.6	131.6	132.4	131.73	130.85	129.1	128.44	129.84	132.07	133.87	136.62	133.89	122.72	106.66	91.46	75.03	65.68	67.83	77.23	85.33	93.99	99.62	99.63	95.95	93.2	90.55	87.43	84.04	80.38	76.27	71.77	67.28	62.97	58.77	54.47	50.21	45.88	41.44	37.02	32.74	28.5	24.96	22.43	20.6	123.91
Burkina_Faso	1970	223.09	208.45	195.69	184.64	175.12	166.99	160.06	154.17	149.16	144.87	141.28	138.41	135.25	131.29	126.87	122.85	119.06	115.31	111.59	107.91	104.3	100.73	97.31	94.08	91	87.98	85.07	82.07	78.9	75.66	72.55	69.55	66.73	64.17	61.82	59.58	57.42	55.53	53.98	52.68	51.47	50.34	49.29	48.27	47.28	46.34	45.45	44.51	43.46	42.34	41.21	40.07	38.88	37.65	36.37	35.06	33.73	32.31	30.78	29.18	27.57	25.94	24.32	22.74	21.18	19.63	18.11	16.57	15.01	13.47	11.97	10.52	9.16	7.93	6.81	5.75	4.76	3.88	3.13	2.48	6.5
Burundi	1970	141.18	133	125.71	119.25	113.55	108.52	104.1	100.21	96.78	93.72	90.97	88.45	86.1	83.84	81.6	79.53	77.78	75.09	70.89	65.84	61.03	56.13	52.35	50.37	49.58	48.69	47.96	47.07	45.73	44.13	42.76	41.5	40.31	39.2	38.15	37.12	36.12	35.11	34.06	32.99	31.96	30.94	29.96	29.03	28.13	27.25	26.38	25.51	24.65	23.78	22.92	22.07	21.24	20.43	19.63	18.84	18.06	17.27	16.48	15.68	14.89	14.11	13.33	12.57	11.81	11.06	10.32	9.6	8.88	8.19	7.51	6.86	6.19	5.51	4.83	4.18	3.55	2.99	2.56	2.21	9.29
Cabo_Verde	1970	9.59	9.84	9.96	9.97	9.88	9.7	9.46	9.15	8.8	8.42	7.99	7.49	7.11	6.91	6.82	6.7	6.63	6.34	5.7	4.85	4.06	3.27	2.69	2.44	2.44	2.41	2.4	2.44	2.53	2.65	2.8	2.98	3.09	3.08	2.99	2.91	2.82	2.74	2.7	2.67	2.63	2.6	2.5	2.28	1.99	1.72	1.44	1.26	1.22	1.29	1.34	1.41	1.46	1.48	1.48	1.49	1.49	1.51	1.57	1.63	1.68	1.74	1.73	1.6	1.41	1.21	1.01	0.85	0.78	0.77	0.74	0.71	0.67	0.59	0.5	0.41	0.32	0.26	0.23	0.23	1.53
Cambodia	1970	255.26	249.01	242.79	236.63	230.53	224.48	218.5	212.58	206.75	200.99	195.15	189.05	183.57	179.06	175.01	170.89	167.23	161.45	152.36	141.33	130.78	120.06	111.48	106.39	103.65	100.71	98.05	95.43	92.45	89.31	86.61	84.23	81.85	79.37	76.86	74.48	72.18	69.95	67.77	65.65	63.58	61.54	59.57	57.65	55.77	53.93	52.12	50.32	48.51	46.7	44.91	43.15	41.39	39.64	37.9	36.17	34.47	32.76	31.05	29.34	27.66	26	24.37	22.78	21.22	19.7	18.21	16.77	15.37	14.02	12.73	11.49	10.3	9.18	8.11	7.1	6.14	5.29	4.57	3.95	16.9
Cameroon	1970	264.96	250.05	236.3	223.65	212.04	201.42	191.72	182.88	174.85	167.56	160.95	154.95	149.54	144.66	140.23	136.21	132.59	129.09	125.56	122.06	118.81	115.77	112.76	109.7	106.66	103.73	100.89	98.13	95.45	92.85	90.31	87.83	85.42	83.09	80.84	78.63	76.48	74.36	72.25	70.16	68.11	66.11	64.14	62.22	60.33	58.47	56.64	54.84	53.07	51.33	49.62	47.92	46.24	44.57	42.91	41.26	39.63	38.01	36.4	34.79	33.2	31.62	30.04	28.46	26.88	25.31	23.77	22.22	20.66	19.1	17.58	16.1	14.64	13.22	11.84	10.52	9.25	8.06	6.96	5.96	23.58
Canada	1970	318.14	352.13	381.08	405.28	425.04	440.67	452.46	460.73	465.78	467.9	467.43	464.68	459.87	453.26	445.22	435.68	424.47	414.27	406.34	399.59	391.96	384.26	374.41	361.31	346.23	331.77	317.63	304.31	292.4	281.84	271.65	261.67	254.73	252.01	252.22	252.71	253.86	254.98	255.42	255.39	255.67	255.98	255.86	255.14	253.75	252.17	250.66	247.02	240.31	231.68	222.97	213.53	205.99	201.76	199.51	196.66	193.92	189.66	182.85	174.43	166.33	158.13	150.53	144.08	138.36	132.46	126.6	120.61	114.31	107.89	101.64	95.47	89.64	84.31	79.33	74.4	69.57	64.79	59.99	55.2	335.31
Central_African_Republic	1970	67.34	63.51	60.06	56.97	54.21	51.75	49.55	47.6	45.84	44.27	42.86	41.63	40.39	39.04	37.64	36.37	35.19	34.05	32.92	31.84	30.81	29.81	28.98	28.38	27.95	27.54	27.18	26.75	26.18	25.53	24.92	24.33	23.75	23.2	22.66	22.12	21.57	21.04	20.52	20.02	19.52	19.02	18.51	17.96	17.4	16.86	16.31	15.77	15.21	14.65	14.09	13.54	13.04	12.62	12.27	11.91	11.55	11.18	10.77	10.32	9.89	9.46	9.02	8.56	8.09	7.63	7.15	6.69	6.26	5.83	5.41	5.01	4.58	4.11	3.61	3.14	2.68	2.28	1.95	1.69	6.94
Chad	1970	142.75	133.63	125.6	118.57	112.44	107.12	102.54	98.6	95.21	92.28	89.74	87.52	85.45	83.4	81.34	79.49	77.97	75.63	71.98	67.59	63.42	59.17	55.88	54.15	53.45	52.64	51.97	51.12	49.84	48.29	46.93	45.68	44.44	43.22	42.01	40.84	39.68	38.56	37.51	36.5	35.51	34.54	33.61	32.75	31.92	31.11	30.31	29.49	28.61	27.7	26.81	25.92	25.03	24.13	23.23	22.33	21.43	20.56	19.72	18.9	18.08	17.27	16.45	15.59	14.72	13.86	13	12.16	11.36	10.57	9.8	9.07	8.27	7.39	6.48	5.6	4.74	4	3.42	2.97	12.35
Channel_Islands	1970	1.57	1.68	1.76	1.82	1.86	1.88	1.88	1.86	1.84	1.8	1.76	1.73	1.68	1.61	1.54	1.47	1.38	1.38	1.5	1.7	1.89	2.09	2.2	2.14	1.98	1.83	1.68	1.57	1.55	1.59	1.61	1.63	1.64	1.61	1.57	1.53	1.5	1.48	1.46	1.45	1.44	1.42	1.42	1.44	1.48	1.51	1.55	1.56	1.54	1.49	1.44	1.39	1.37	1.39	1.44	1.48	1.52	1.54	1.54	1.52	1.49	1.47	1.44	1.41	1.37	1.33	1.28	1.23	1.17	1.11	1.05	0.98	0.92	0.85	0.79	0.72	0.66	0.61	0.56	0.52	3.1
Chile	1970	269.92	267.06	263.99	260.72	257.25	253.58	249.72	245.67	241.44	237.04	232.43	227.59	222.68	217.74	212.7	207.58	202.57	196.75	189.74	182.06	174.49	166.71	160.16	155.58	152.25	148.87	145.87	141.98	136.48	130.11	124.17	118.27	113.65	111.02	109.7	108.27	106.99	105.54	103.61	101.36	99.32	97.46	95.19	92.27	88.98	85.75	82.46	79.58	77.39	75.66	73.87	72.15	70.34	68.32	66.18	64.1	62	60.13	58.61	57.28	55.9	54.58	52.85	50.47	47.68	44.96	42.18	39.6	37.4	35.45	33.44	31.44	29.41	27.32	25.2	23.15	21.17	19.18	17.16	15.16	77.8
China	1970	28647.27	27812.47	26868.21	25841.32	24758.6	23646.87	22532.94	21443.62	20405.74	19446.1	18482.51	17432.77	16868.74	17035.26	17632.11	18176.36	18839.12	18925.68	18065.23	16608.5	15279.16	13935.07	12793.79	12037.37	11548.02	11005.67	10449.93	10055.31	9868.91	9825.45	9808.02	9834.57	9828.3	9737.29	9588.6	9468.21	9367.34	9207.94	8962.42	8660.86	8365.38	8068.82	7779.74	7510.38	7259.91	7004.53	6736.17	6537.35	6442.67	6411.23	6371.92	6344.25	6257.01	6069.27	5815.67	5572.89	5326.86	5083.63	4854.32	4633.29	4402.64	4164.58	3934.57	3718.11	3509.62	3301.85	3100.8	2882.81	2636.83	2376.56	2125.17	1876.15	1655.15	1476.71	1328.54	1184.85	1052.04	920.93	784.79	649.82	2251.23
China_Hong_Kong	1970	69.97	79.54	87.5	93.96	99.02	102.79	105.38	106.89	107.42	107.09	105.97	104.16	101.87	99.25	96.36	92.94	88.91	85.35	82.74	80.56	78.26	76.44	72.56	65.44	56.55	48.24	39.69	34.31	33.9	36.79	39.39	42.35	44.93	46.39	47.13	48.3	49.7	50.67	51.02	50.9	50.69	50.34	49.75	48.92	47.89	46.74	45.48	44.05	42.4	40.64	38.79	36.79	35.14	34.06	33.32	32.51	31.82	30.58	28.46	25.83	23.32	20.69	18.72	17.81	17.57	17.23	17.04	16.36	14.81	12.76	10.88	8.96	7.51	6.86	6.69	6.48	6.37	5.95	4.96	3.64	8.78
China_Macao	1970	4.65	4.64	4.75	4.97	5.27	5.64	6.04	6.46	6.89	7.29	7.68	8.07	8.27	8.21	7.95	7.67	7.34	6.96	6.52	6.04	5.54	5.04	4.49	3.89	3.28	2.69	2.09	1.69	1.58	1.66	1.76	1.89	2.02	2.1	2.16	2.25	2.35	2.46	2.59	2.72	2.84	2.96	3	2.91	2.74	2.58	2.4	2.24	2.13	2.07	1.98	1.91	1.82	1.71	1.59	1.48	1.37	1.31	1.34	1.42	1.49	1.59	1.61	1.51	1.33	1.17	0.98	0.89	0.95	1.09	1.21	1.34	1.39	1.3	1.12	0.96	0.79	0.64	0.53	0.44	1.36
Colombia	1970	789.39	779.77	767.85	753.87	738.12	720.84	702.31	682.78	662.53	641.8	620.33	597.85	577.29	559.98	544.59	528.67	512.99	495.3	474.32	451.29	428.98	407.17	385.4	363.84	342.82	322.33	302.15	284.76	271.31	260.73	250.68	241.5	233.04	224.93	217.26	210.45	204.39	198.49	192.44	186.44	180.8	175.34	170.46	166.34	162.69	159.14	155.93	151.83	146.22	139.74	133.51	127.15	121.87	118.35	115.93	113.33	110.81	107.77	103.75	99.09	94.61	90.16	85.65	81.14	76.61	72.06	67.5	63.04	58.72	54.54	50.43	46.42	42.47	38.58	34.78	31.13	27.64	24.37	21.38	18.65	90.28
Comoros	1970	8.95	8.52	8.14	7.79	7.48	7.2	6.94	6.71	6.5	6.29	6.11	5.93	5.74	5.53	5.3	5.08	4.88	4.65	4.37	4.06	3.77	3.48	3.26	3.16	3.14	3.11	3.1	3.07	3.01	2.93	2.86	2.8	2.74	2.66	2.59	2.51	2.44	2.37	2.3	2.24	2.18	2.12	2.06	2.01	1.95	1.89	1.84	1.79	1.74	1.69	1.64	1.59	1.54	1.49	1.43	1.37	1.32	1.26	1.2	1.14	1.08	1.02	0.95	0.89	0.82	0.75	0.68	0.62	0.57	0.52	0.47	0.43	0.39	0.35	0.31	0.27	0.24	0.21	0.18	0.16	0.64
Congo	1970	51.94	49.45	47.14	44.98	42.97	41.1	39.36	37.73	36.22	34.81	33.49	32.26	31.09	29.96	28.87	27.85	26.9	25.96	25.02	24.09	23.2	22.36	21.59	20.9	20.29	19.7	19.14	18.6	18.07	17.56	17.07	16.6	16.15	15.7	15.27	14.85	14.44	14.04	13.64	13.24	12.86	12.48	12.11	11.75	11.39	11.04	10.7	10.36	10.02	9.69	9.37	9.05	8.74	8.43	8.12	7.81	7.51	7.22	6.92	6.63	6.34	6.05	5.76	5.47	5.18	4.89	4.61	4.33	4.04	3.76	3.49	3.21	2.95	2.68	2.42	2.18	1.94	1.71	1.49	1.29	5.53
Costa_Rica	1970	56.37	57.69	58.51	58.85	58.77	58.3	57.48	56.35	54.96	53.33	51.55	49.67	47.6	45.31	42.94	40.54	38	36.13	35.31	35.15	34.92	34.84	34.28	32.88	30.98	29.24	27.52	26.06	25.05	24.35	23.6	22.89	22.2	21.49	20.78	20.13	19.51	18.94	18.43	17.95	17.49	17.06	16.56	15.96	15.29	14.66	14.03	13.43	12.86	12.32	11.79	11.25	10.8	10.48	10.23	9.99	9.77	9.48	9.09	8.63	8.19	7.75	7.32	6.9	6.5	6.1	5.7	5.3	4.91	4.53	4.16	3.8	3.46	3.14	2.85	2.57	2.3	2.05	1.82	1.61	7.89
Cote_Ivoire	1970	232.04	217.4	203.63	190.69	178.58	167.27	156.76	147.02	138.05	129.81	122.33	115.6	109.5	103.98	99.07	94.75	90.85	88.09	86.78	86.48	86.4	86.66	86.74	86.29	85.48	84.84	84.28	83.4	82.04	80.32	78.55	76.68	74.65	72.46	70.15	67.76	65.3	62.82	60.35	57.91	55.45	52.99	50.61	48.36	46.2	44.09	42.01	40.03	38.15	36.35	34.61	32.93	31.31	29.73	28.21	26.75	25.33	23.96	22.63	21.35	20.11	18.91	17.73	16.58	15.45	14.37	13.31	12.29	11.28	10.29	9.35	8.44	7.58	6.76	5.98	5.24	4.55	3.91	3.34	2.83	10.85
Croatia	1970	60.27	61.54	62.8	64.03	65.25	66.44	67.61	68.77	69.9	71.02	72.03	72.87	73.92	75.35	76.92	78.22	79.28	79.84	79.69	78.93	78.19	77.75	75.72	71.36	65.73	60.37	54.61	51.58	52.88	56.96	60.67	64.59	67.78	69.43	70.02	70.89	71.77	72.19	72.05	71.44	70.53	69.28	67.79	66.13	64.23	62.27	60.61	57.6	52.57	46.5	40.74	34.66	31.33	32.29	36.02	39.39	42.95	45.78	47.07	47.28	47.75	48.35	48.01	46.38	43.86	41.22	38.3	35.57	33.36	31.44	29.35	27.23	24.93	22.34	19.6	16.97	14.36	12.16	10.6	9.47	46.14
Cuba	1970	206.59	234.3	252.74	263	266.17	263.34	255.58	244	229.68	213.7	195.34	173.87	159.45	156.8	161.56	164.98	169.21	170.08	164.75	155.65	147.9	140.3	134.47	131.7	130.89	129.63	128.37	126.88	124.8	122.31	120.05	118	115.34	111.77	107.65	103.62	99.51	95.92	93.21	91.09	88.92	86.87	84.76	82.49	80.17	78.01	75.98	74.14	72.53	71.12	69.76	68.4	67.31	66.56	66.02	65.44	64.9	64.07	62.8	61.2	59.54	57.74	55.93	54.19	52.42	50.53	48.64	46.12	42.68	38.69	34.77	30.81	27.26	24.4	22.03	19.66	17.31	15.33	13.79	12.58	65.04
Curacao	1970	4.03	3.8	3.66	3.58	3.55	3.58	3.63	3.71	3.8	3.89	3.99	4.1	4.12	3.99	3.77	3.55	3.32	3.11	2.92	2.77	2.6	2.42	2.28	2.21	2.19	2.16	2.15	2.11	1.99	1.85	1.71	1.58	1.49	1.46	1.47	1.48	1.5	1.5	1.48	1.45	1.43	1.4	1.37	1.34	1.3	1.26	1.21	1.18	1.15	1.14	1.13	1.12	1.09	1.05	0.98	0.93	0.86	0.82	0.81	0.82	0.82	0.83	0.82	0.78	0.73	0.67	0.62	0.57	0.53	0.5	0.46	0.43	0.39	0.36	0.34	0.31	0.29	0.26	0.23	0.21	1.19
Cyprus	1970	11.67	11.65	11.72	11.86	12.06	12.29	12.54	12.8	13.04	13.25	13.45	13.66	13.68	13.4	12.92	12.44	11.91	11.46	11.18	10.98	10.75	10.52	10.23	9.84	9.4	8.98	8.56	8.22	8.01	7.89	7.77	7.66	7.55	7.41	7.26	7.12	7	6.89	6.81	6.74	6.68	6.61	6.53	6.42	6.29	6.16	6.04	5.91	5.76	5.61	5.46	5.31	5.21	5.2	5.25	5.29	5.33	5.34	5.28	5.18	5.09	4.99	4.88	4.77	4.67	4.55	4.41	4.28	4.13	3.98	3.82	3.67	3.49	3.27	3.04	2.8	2.54	2.34	2.25	2.22	11.04
Czech_Republic	1970	137.25	137.12	136.84	136.49	136.14	135.87	135.76	135.9	136.35	137.21	138.17	138.93	141.46	146.61	153.32	159.54	165.49	170.51	173.99	176.09	177.84	179.39	178.24	173.36	165.93	158.52	151.1	142.97	134.21	125.42	116.76	107.7	102.53	103.22	107.8	112.33	117.67	121.92	123.73	124.11	124.63	124.12	126.1	132.19	140.1	147.61	157.19	156.84	141.04	116.28	93.11	67.62	55.04	63.46	84.98	104.04	124.22	137.69	139.16	132.83	128.22	123.47	118.91	115.67	113.04	109.27	104.82	99.79	94.11	87.97	81.71	75.33	68.99	62.82	56.83	50.88	45	39.62	34.97	30.87	146.99
Dem_People_Republic_Korea	1970	641.29	539.99	462.94	407.18	369.78	347.78	338.25	338.24	344.79	354.98	372.44	400.8	404.21	366.57	304.67	248.91	190.17	156.3	163.24	196.15	224.51	254.71	276.6	282.12	277.05	275.07	273.32	271.03	269.16	266.89	263.08	258.68	250.32	236.42	219.05	201.78	183.78	168.44	157.76	150.28	142.4	134.72	127.95	122.02	116.81	112.21	108.21	104.37	100.48	96.62	93.1	89.81	86.73	83.87	81.15	78.52	76.01	73.21	69.9	66.29	62.75	59.23	55.84	52.7	49.72	46.75	43.82	40.89	37.93	34.97	32.1	29.29	26.64	24.19	21.9	19.71	17.65	15.57	13.41	11.25	41
Democratic_Republic_Congo	1970	804.57	758.24	716.37	678.62	644.68	614.2	586.87	562.36	540.34	520.49	502.84	487.45	472.13	455.84	439.34	424.22	409.83	397.39	387.57	379.47	371.63	364.44	356.22	346.03	334.61	323.73	313.07	302.59	292.45	282.61	272.82	263.13	253.79	244.92	236.43	228.13	220.02	212.19	204.66	197.39	190.34	183.52	176.81	170.15	163.59	157.23	151.02	145.08	139.46	134.08	128.83	123.72	118.68	113.66	108.7	103.85	99.11	94.43	89.8	85.22	80.72	76.31	71.98	67.73	63.56	59.48	55.5	51.58	47.69	43.87	40.17	36.58	33.14	29.87	26.77	23.8	21	18.32	15.75	13.33	51.85
Denmark	1970	73.81	76.37	78.17	79.27	79.79	79.8	79.4	78.67	77.72	76.63	75.42	74.1	73.14	72.78	72.88	72.88	72.66	73.37	75.45	78.29	80.9	83.56	84.93	84.25	82.15	80.15	78.11	75.56	72.49	69.13	65.72	62.15	59.36	57.8	57.12	56.45	55.94	55.65	55.54	55.59	55.79	56.04	56.62	57.65	58.9	60.15	61.55	62.2	61.69	60.44	59.26	57.91	57.03	57.01	57.49	57.75	57.93	57.81	57.24	56.32	55.37	54.36	53.09	51.47	49.61	47.67	45.59	43.57	41.71	39.92	38.05	36.15	34.13	31.95	29.67	27.42	25.17	22.98	20.89	18.88	102.55
Djibouti	1970	6.83	6.49	6.16	5.83	5.53	5.23	4.96	4.69	4.44	4.21	3.99	3.79	3.61	3.44	3.29	3.15	3.01	2.93	2.92	2.97	3.02	3.08	3.09	2.99	2.83	2.69	2.54	2.41	2.31	2.24	2.16	2.08	2.01	1.93	1.86	1.79	1.72	1.66	1.6	1.54	1.48	1.42	1.36	1.31	1.26	1.2	1.16	1.11	1.06	1.01	0.97	0.93	0.89	0.84	0.8	0.76	0.73	0.69	0.65	0.62	0.58	0.55	0.51	0.48	0.45	0.42	0.39	0.36	0.33	0.3	0.28	0.25	0.22	0.2	0.18	0.16	0.14	0.12	0.1	0.09	0.32
Dominican_Republic	1970	167.11	164.34	161.46	158.46	155.32	152.05	148.61	145.01	141.23	137.25	133.14	128.94	124.33	119.17	113.64	108.14	102.68	97.08	91.31	85.53	79.93	74.47	69.63	65.65	62.38	59.28	56.34	54.17	52.99	52.48	52.11	51.99	51.58	50.57	49.16	47.91	46.73	45.46	44.06	42.59	41.09	39.57	38.07	36.65	35.27	33.89	32.51	31.14	29.78	28.44	27.12	25.82	24.58	23.41	22.3	21.21	20.15	19.13	18.14	17.19	16.26	15.37	14.5	13.66	12.84	12.05	11.28	10.53	9.77	9.02	8.3	7.61	6.93	6.28	5.66	5.07	4.5	3.97	3.46	2.99	13.32
Ecuador	1970	225.44	216.51	208.27	200.66	193.63	187.13	181.1	175.48	170.24	165.3	160.57	155.91	151.59	147.67	143.91	140.27	137.08	132.42	125.42	117.09	109.12	100.94	94.67	91.46	90.23	88.81	87.7	85.95	82.91	79.1	75.71	72.46	69.56	67.2	65.22	63.23	61.31	59.4	57.44	55.48	53.61	51.83	50.05	48.25	46.46	44.74	43.09	41.53	40.08	38.73	37.41	36.09	35.01	34.29	33.78	33.27	32.84	32.11	30.85	29.28	27.77	26.24	24.87	23.8	22.92	21.99	21.06	20.09	19.02	17.9	16.81	15.73	14.68	13.66	12.68	11.7	10.76	9.8	8.81	7.82	37.53
Egypt	1970	1180.17	1132.88	1091.11	1054.24	1021.62	992.63	966.64	943.01	921.11	900.3	881.41	865.22	843.91	813.95	779.03	744.88	708.54	680.93	667.49	662.08	655.59	652.72	634.71	592.23	535.52	482.85	428.98	391.09	379.08	384.13	387.25	391.81	395.35	394.6	391.17	390.04	390.33	388.52	383.39	375.92	368.45	360.68	352.06	342.62	332.56	322.12	311.26	300.72	290.87	281.49	271.95	262.37	252.96	243.76	234.74	225.82	216.96	208.37	200.09	192.05	184.08	176.22	168.27	160.08	151.77	143.58	135.46	127.42	119.46	111.59	103.83	96.21	88.65	81.11	73.66	66.45	59.49	52.79	46.39	40.33	173.43
El_Salvador	1970	138	133.74	129.63	125.65	121.8	118.05	114.41	110.86	107.39	103.98	100.62	97.3	94.02	90.76	87.51	84.35	81.33	78.01	74.19	70.13	66.23	62.37	59.1	56.75	55.03	53.33	51.75	50.3	48.91	47.57	46.36	45.26	44.08	42.72	41.25	39.85	38.51	37.1	35.55	33.94	32.37	30.78	29.45	28.54	27.9	27.24	26.64	25.92	24.95	23.84	22.8	21.79	20.82	19.93	19.11	18.28	17.46	16.69	15.98	15.31	14.66	14.02	13.38	12.7	12.02	11.35	10.69	10.03	9.38	8.72	8.09	7.46	6.85	6.24	5.64	5.07	4.51	3.99	3.51	3.06	13.73
Equatorial_Guinea	1970	10.1	9.47	8.92	8.44	8.03	7.68	7.38	7.13	6.92	6.74	6.59	6.46	6.35	6.23	6.11	6.01	5.93	5.79	5.56	5.27	5	4.72	4.5	4.39	4.34	4.28	4.24	4.18	4.09	3.99	3.89	3.8	3.72	3.66	3.6	3.54	3.49	3.42	3.34	3.26	3.17	3.08	3	2.93	2.86	2.78	2.71	2.64	2.57	2.51	2.44	2.38	2.31	2.24	2.15	2.07	1.98	1.9	1.83	1.76	1.68	1.61	1.54	1.46	1.38	1.31	1.23	1.16	1.08	1.01	0.94	0.88	0.8	0.73	0.66	0.58	0.52	0.45	0.39	0.33	1.31
Eritrea	1970	72.38	68.51	65.03	61.91	59.11	56.6	54.36	52.35	50.53	48.88	47.43	46.2	44.86	43.25	41.52	39.91	38.28	37.12	36.69	36.69	36.64	36.71	36.27	35.02	33.25	31.59	29.91	28.4	27.23	26.28	25.28	24.26	23.3	22.39	21.52	20.68	19.88	19.08	18.27	17.46	16.67	15.91	15.18	14.5	13.85	13.21	12.6	11.99	11.38	10.78	10.2	9.63	9.09	8.57	8.07	7.59	7.13	6.67	6.23	5.79	5.38	4.98	4.6	4.24	3.9	3.58	3.28	2.99	2.73	2.48	2.25	2.03	1.82	1.63	1.44	1.27	1.11	0.97	0.84	0.72	3.19
Estonia	1970	18.92	19.24	19.51	19.73	19.91	20.05	20.15	20.22	20.26	20.28	20.29	20.28	20.25	20.21	20.16	20.09	19.98	19.97	20.13	20.39	20.65	21.01	21.03	20.51	19.7	18.94	18.07	17.8	18.5	19.79	20.97	22.26	22.99	22.81	22.04	21.36	20.56	20.13	20.33	20.9	21.3	21.68	21.66	20.98	19.88	18.86	17.92	16.8	15.49	14.11	12.75	11.28	10.57	11.03	12.22	13.33	14.55	15.35	15.38	14.92	14.57	14.19	13.83	13.54	13.29	12.95	12.57	12.1	11.52	10.87	10.21	9.52	8.86	8.23	7.63	7.03	6.42	5.85	5.33	4.85	26.41
Ethiopia	1970	1145.48	1084.34	1027.66	975.21	926.79	882.18	841.17	803.54	769.09	737.6	708.9	682.84	658.95	636.92	616.7	598.11	580.73	565.49	552.69	541.47	530.89	521.39	509.78	494.44	476.79	459.9	443.17	427.16	412.48	398.75	384.99	371.36	358.31	345.94	334.13	322.65	311.54	300.71	290.08	279.7	269.65	259.9	250.47	241.38	232.6	224.05	215.76	207.61	199.52	191.56	183.81	176.23	168.9	161.87	155.08	148.42	141.91	135.46	129.04	122.67	116.38	110.12	104.04	98.21	92.52	86.94	81.61	75.67	68.73	61.26	54.09	46.97	40.87	36.3	32.81	29.41	26.31	23.28	20.13	16.99	66.45
Fiji	1970	16.19	15.91	15.69	15.54	15.44	15.36	15.31	15.27	15.21	15.14	15.06	14.99	14.77	14.32	13.71	13.11	12.47	11.9	11.43	11.04	10.63	10.21	9.8	9.39	9	8.62	8.26	7.9	7.56	7.24	6.92	6.62	6.35	6.09	5.87	5.65	5.44	5.24	5.04	4.83	4.64	4.46	4.29	4.12	3.97	3.82	3.67	3.54	3.45	3.38	3.31	3.24	3.14	3	2.82	2.64	2.47	2.3	2.15	2	1.86	1.72	1.58	1.46	1.34	1.22	1.11	1.01	0.94	0.88	0.82	0.77	0.72	0.64	0.56	0.48	0.41	0.35	0.31	0.28	1.14
Finland	1970	64.86	67.57	69.89	71.86	73.51	74.89	76.05	77.01	77.82	78.52	79.1	79.53	80.14	81.08	82.21	83.04	83.38	84.37	86.43	88.89	91.05	93.54	93.16	88.43	81	73.91	66.38	60.85	58.81	59.04	58.88	58.9	58.7	57.81	56.57	55.7	54.94	54.77	55.45	56.65	57.75	58.88	59.53	59.4	58.7	58.1	57.63	56.54	54.58	52.13	49.71	47.05	45.56	45.95	47.51	48.81	50.14	50.91	50.68	49.75	48.9	48.03	46.7	44.75	42.39	39.94	37.32	34.84	32.7	30.77	28.76	26.74	24.67	22.48	20.25	18.1	15.99	14.09	12.47	11.06	51.82
France	1970	799.81	821.75	838.12	849.51	856.53	859.78	859.86	857.37	852.92	847.11	839.86	831.08	824.81	823.03	824.28	822.79	816.91	818.5	831.96	850.46	867.3	889.28	881.93	829.15	749.25	674.47	595.81	544.31	537.87	561	579.61	599.7	618.65	631.46	640.29	653.14	669.4	679.27	678.98	672.45	663.96	648.61	646.72	667.51	699.22	728.14	765.79	759.63	684.99	570.49	463.51	347.4	285.15	310.59	391.22	462.1	537.88	589.05	594.92	571.6	555.79	539.98	525.88	517.94	512.97	503.68	491.98	476.68	456.6	433.16	409.22	384.54	359.56	334.92	310.64	285.98	260.93	237.85	217.79	199.83	1159.71
French_Guiana	1970	1.44	1.41	1.38	1.35	1.32	1.29	1.26	1.23	1.21	1.18	1.14	1.12	1.08	1.03	0.98	0.93	0.87	0.83	0.81	0.81	0.81	0.81	0.8	0.78	0.76	0.73	0.71	0.69	0.68	0.66	0.65	0.63	0.62	0.6	0.59	0.57	0.56	0.55	0.55	0.55	0.54	0.54	0.54	0.53	0.51	0.5	0.49	0.47	0.45	0.43	0.41	0.39	0.37	0.36	0.34	0.33	0.31	0.3	0.28	0.26	0.24	0.23	0.21	0.2	0.2	0.2	0.2	0.2	0.19	0.18	0.17	0.17	0.16	0.14	0.13	0.11	0.09	0.08	0.07	0.07	0.39
French_Polynesia	1970	4.22	4.02	3.85	3.7	3.58	3.48	3.39	3.31	3.23	3.16	3.09	3.04	2.95	2.82	2.65	2.49	2.34	2.18	2.02	1.87	1.72	1.57	1.47	1.44	1.48	1.5	1.54	1.56	1.54	1.49	1.44	1.4	1.37	1.36	1.36	1.36	1.36	1.34	1.28	1.2	1.13	1.05	0.99	0.94	0.91	0.88	0.85	0.82	0.77	0.73	0.68	0.64	0.61	0.6	0.6	0.61	0.62	0.61	0.58	0.54	0.5	0.46	0.42	0.39	0.37	0.34	0.32	0.29	0.26	0.23	0.2	0.18	0.15	0.14	0.12	0.11	0.1	0.09	0.08	0.07	0.33
Gabon	1970	19.34	18.11	16.99	15.98	15.06	14.23	13.49	12.83	12.24	11.72	11.27	10.87	10.52	10.22	9.95	9.73	9.55	9.37	9.17	8.98	8.81	8.66	8.54	8.44	8.36	8.3	8.24	8.19	8.15	8.1	8.07	8.03	8	7.99	7.98	7.97	7.95	7.9	7.82	7.71	7.59	7.48	7.32	7.13	6.91	6.69	6.45	6.25	6.11	6.01	5.89	5.79	5.65	5.47	5.25	5.05	4.84	4.65	4.51	4.38	4.26	4.13	4	3.84	3.67	3.51	3.34	3.17	2.99	2.8	2.62	2.44	2.25	2.06	1.87	1.68	1.5	1.33	1.17	1.01	4.24
Gambia	1970	20.06	18.49	17.03	15.65	14.38	13.2	12.13	11.16	10.3	9.54	8.89	8.33	7.91	7.65	7.54	7.48	7.45	7.58	7.9	8.33	8.76	9.21	9.5	9.52	9.35	9.19	9.02	8.73	8.29	7.76	7.2	6.6	6.11	5.8	5.6	5.38	5.19	4.95	4.64	4.3	3.99	3.69	3.45	3.31	3.24	3.17	3.11	3.06	3.02	2.98	2.95	2.94	2.9	2.84	2.75	2.67	2.58	2.49	2.41	2.33	2.25	2.17	2.06	1.91	1.74	1.57	1.4	1.24	1.1	0.99	0.87	0.76	0.65	0.55	0.46	0.38	0.3	0.23	0.18	0.14	0.4
Georgia	1970	71.57	80.96	88.61	94.65	99.2	102.39	104.36	105.21	105.08	104.1	102.29	99.71	96.91	94.18	91.4	88.27	85.02	81.27	76.85	72.1	67.7	63.69	60.07	56.95	54.5	52.21	49.47	50.12	55.8	64.45	72.82	82.1	87.25	85.63	79.74	74.42	68.26	64.76	66.03	70.06	73.06	76.17	76.41	72	64.67	58.01	51.46	45.54	40.92	37.39	33.66	29.47	27.99	30.52	35.47	40.26	45.69	48.58	47.16	43.02	39.38	35.47	32.61	31.76	32.1	31.99	31.91	30.97	28.64	25.46	22.51	19.52	17.17	15.92	15.39	14.74	14.1	13.54	13.02	12.51	81.07
Germany	1970	1116.28	1180.69	1229.25	1263.44	1284.69	1294.48	1294.25	1285.45	1269.55	1248	1220.99	1188.7	1158.92	1135.63	1116.49	1096.79	1079.41	1058.7	1032.01	1003.8	979.32	955.31	949.22	969.59	1007.67	1042.67	1074.58	1113.22	1160.03	1208.23	1255.63	1309.89	1321.64	1268.39	1175.16	1086.26	988.98	925.98	921.73	954.55	977	996.99	1011.06	1012.22	1002.95	999.81	1008.06	982.27	904.24	797.99	698.13	588.63	541.71	593.89	708.18	812.32	922.27	1000.95	1023.12	1007.7	999.31	989.55	974.95	958.4	938.69	912.53	881.55	845.11	802.89	756.46	708.05	657.64	607.99	560.85	515.62	469.97	424.36	381.39	342.11	305.8	1518.34
Ghana	1970	354.28	337.32	321.39	306.41	292.35	279.14	266.72	255.05	244.06	233.7	224.11	215.41	206.6	197.23	187.83	179.01	170.24	163.85	160.93	160.2	159.42	159.27	157.25	151.96	144.64	137.9	131.18	125.17	120.46	116.62	112.61	108.62	104.79	101.07	97.48	94.05	90.78	87.61	84.52	81.51	78.61	75.8	73.09	70.49	67.98	65.54	63.18	60.82	58.44	56.05	53.73	51.44	49.24	47.13	45.11	43.11	41.15	39.2	37.25	35.31	33.41	31.54	29.68	27.82	25.97	24.15	22.37	20.64	18.95	17.32	15.74	14.22	12.74	11.3	9.91	8.6	7.35	6.22	5.21	4.32	14.14
Greece	1970	169.27	159.43	151.89	146.38	142.64	140.39	139.36	139.29	139.91	140.95	142.61	145.12	145.8	143.42	139.15	135.13	130.61	127.72	127.61	129.08	130.28	132.27	131.11	124.9	115.84	107.6	98.88	94.57	97.28	104.47	111.06	118.1	123.66	126.28	126.99	128.08	128.84	129.99	132.02	134.27	135.95	137.68	136.55	131.15	123.07	115.34	107.42	100.74	96.32	93.58	90.57	87.23	86.08	88.04	91.89	95.63	99.77	102.09	101.33	98.48	95.91	93.2	90.23	87.19	84.03	80.47	76.5	72.83	69.74	66.94	64.06	61.45	57.66	52.01	45.35	38.91	32.1	27.49	26.34	27.34	177.75
Grenada	1970	1.9	2.28	2.62	2.9	3.13	3.31	3.45	3.53	3.58	3.57	3.54	3.48	3.35	3.11	2.81	2.5	2.16	1.89	1.72	1.62	1.51	1.41	1.31	1.2	1.09	0.99	0.89	0.83	0.82	0.84	0.86	0.9	0.9	0.83	0.73	0.64	0.54	0.49	0.53	0.62	0.7	0.78	0.83	0.81	0.76	0.71	0.66	0.62	0.6	0.6	0.59	0.58	0.57	0.56	0.55	0.53	0.52	0.51	0.51	0.52	0.53	0.53	0.53	0.52	0.51	0.49	0.47	0.44	0.41	0.37	0.32	0.28	0.25	0.22	0.2	0.18	0.15	0.14	0.13	0.13	0.78
Guadeloupe	1970	10.26	10.06	9.88	9.71	9.56	9.41	9.27	9.13	8.99	8.84	8.69	8.53	8.36	8.17	7.96	7.74	7.51	7.23	6.9	6.53	6.16	5.8	5.41	4.99	4.54	4.12	3.7	3.37	3.17	3.08	2.99	2.93	2.89	2.87	2.85	2.86	2.89	2.91	2.92	2.92	2.92	2.92	2.92	2.89	2.85	2.81	2.77	2.72	2.64	2.55	2.46	2.36	2.28	2.25	2.24	2.23	2.21	2.17	2.06	1.92	1.79	1.65	1.53	1.45	1.38	1.31	1.25	1.17	1.08	0.99	0.9	0.81	0.74	0.69	0.66	0.62	0.59	0.56	0.52	0.48	2.85
Guam	1970	2.12	2.2	2.26	2.3	2.32	2.33	2.32	2.3	2.27	2.22	2.17	2.13	2.06	1.93	1.78	1.63	1.45	1.39	1.51	1.73	1.93	2.16	2.26	2.12	1.85	1.61	1.35	1.17	1.13	1.19	1.22	1.26	1.28	1.25	1.2	1.16	1.13	1.09	1.07	1.05	1.03	1.01	0.98	0.93	0.87	0.82	0.76	0.71	0.66	0.6	0.55	0.49	0.45	0.42	0.41	0.39	0.38	0.36	0.33	0.3	0.27	0.23	0.21	0.19	0.18	0.16	0.15	0.14	0.13	0.11	0.09	0.08	0.07	0.06	0.06	0.05	0.05	0.05	0.05	0.04	0.2
Guatemala	1970	210.26	201.24	192.72	184.68	177.13	170.04	163.41	157.22	151.47	146.14	141.12	136.3	132.17	128.93	126.26	123.67	121.27	118.41	114.73	110.48	106.44	102.59	98.3	93.37	88.13	83.04	77.94	73.74	70.91	69.04	67.17	65.43	63.92	62.56	61.3	60.19	59.23	58.03	56.42	54.53	52.69	50.86	48.95	46.98	44.97	42.94	40.94	38.9	36.82	34.74	32.7	30.65	28.88	27.54	26.48	25.44	24.52	23.44	22.07	20.54	19.11	17.68	16.53	15.8	15.34	14.86	14.44	13.85	12.94	11.84	10.8	9.8	8.85	7.99	7.21	6.45	5.69	5.01	4.44	3.94	19.88
Guinea	1970	152.42	143.51	135.75	129.03	123.25	118.31	114.12	110.58	107.59	105.05	102.86	100.94	99.16	97.4	95.59	93.94	92.64	90.18	85.91	80.57	75.48	70.23	66.22	64.2	63.49	62.63	61.91	60.96	59.48	57.68	56.11	54.67	53.25	51.85	50.47	49.12	47.78	46.54	45.43	44.42	43.42	42.44	41.46	40.46	39.43	38.42	37.42	36.4	35.36	34.28	33.2	32.11	31.01	29.91	28.8	27.68	26.56	25.37	24.09	22.76	21.43	20.09	18.81	17.61	16.46	15.32	14.21	13.09	11.95	10.82	9.72	8.67	7.67	6.73	5.86	5.03	4.25	3.55	2.94	2.41	7.56
Guinea_Bissau	1970	25.36	23.85	22.52	21.35	20.34	19.47	18.72	18.09	17.56	17.12	16.74	16.4	16.14	15.97	15.85	15.74	15.69	15.42	14.79	13.95	13.15	12.31	11.65	11.27	11.08	10.86	10.67	10.39	9.95	9.43	8.95	8.49	8.12	7.89	7.76	7.63	7.52	7.42	7.31	7.19	7.09	7	6.93	6.88	6.84	6.8	6.77	6.69	6.56	6.39	6.21	6.02	5.84	5.67	5.51	5.33	5.14	4.93	4.69	4.42	4.16	3.9	3.63	3.31	2.99	2.66	2.34	2.07	1.88	1.76	1.64	1.53	1.4	1.23	1.04	0.88	0.71	0.58	0.48	0.4	1.4
Guyana	1970	19.73	21.21	22.33	23.11	23.58	23.78	23.73	23.46	23.01	22.41	21.65	20.75	19.86	19.04	18.26	17.42	16.53	15.64	14.75	13.87	13.01	12.16	11.35	10.56	9.81	9.11	8.43	7.88	7.5	7.25	7.03	6.84	6.7	6.6	6.53	6.49	6.48	6.43	6.3	6.12	5.96	5.8	5.64	5.5	5.38	5.24	5.12	4.96	4.77	4.55	4.34	4.11	3.94	3.87	3.86	3.85	3.86	3.77	3.55	3.25	2.96	2.65	2.44	2.38	2.41	2.43	2.46	2.41	2.23	1.97	1.72	1.48	1.27	1.12	1.01	0.9	0.79	0.69	0.62	0.55	3.06
Haiti	1970	157.22	153.62	149.98	146.3	142.59	138.86	135.12	131.38	127.65	123.94	120.2	116.39	112.79	109.55	106.49	103.48	100.74	97.25	92.53	87.16	82.04	76.82	72.97	71.28	70.98	70.55	70.32	69.64	68.07	65.93	64.04	62.25	60.34	58.3	56.18	54.07	51.97	49.97	48.13	46.44	44.78	43.16	41.73	40.55	39.56	38.62	37.72	36.89	36.08	35.31	34.56	33.84	33.06	32.18	31.23	30.28	29.32	28.3	27.2	26.05	24.88	23.67	22.47	21.28	20.09	18.89	17.7	16.46	15.13	13.76	12.43	11.13	9.89	8.72	7.64	6.59	5.58	4.72	4.05	3.51	16.1
Honduras	1970	114.13	108.68	103.63	98.96	94.63	90.62	86.9	83.43	80.2	77.18	74.33	71.62	69.04	66.57	64.18	61.89	59.77	57.35	54.43	51.23	48.19	45.21	42.56	40.42	38.67	36.96	35.35	33.94	32.77	31.78	30.89	30.09	29.34	28.6	27.86	27.18	26.58	25.88	25.03	24.09	23.17	22.22	21.41	20.81	20.34	19.85	19.43	18.78	17.77	16.55	15.38	14.18	13.3	12.93	12.88	12.79	12.74	12.52	11.99	11.25	10.57	9.91	9.3	8.77	8.31	7.83	7.34	6.89	6.49	6.12	5.76	5.43	5.05	4.61	4.12	3.66	3.2	2.8	2.49	2.23	10.01
Hungary	1970	171.69	152.31	138.02	128.29	122.63	120.53	121.47	124.97	130.51	137.59	145.87	155.02	163.68	170.99	176.97	183.1	189.84	191.87	186.94	177.59	168.36	158.01	150.72	148.93	150.55	151.34	152.49	151.84	148.02	142.4	137.53	132.63	129.98	130.87	134.04	137.03	140.4	142.95	143.83	143.71	143.4	141.9	142.83	147.8	154.57	160.95	169.4	168.11	151.64	126.4	102.7	76.57	63.55	71.81	93.27	112.26	132.59	145.28	144.53	135.12	127.67	120.03	113.49	109.78	107.7	104.37	100.37	96.14	91.62	86.85	82.04	77.31	71.97	65.78	59.11	52.57	46.01	40.2	35.57	31.78	155.02
Iceland	1970	4.01	4.14	4.26	4.37	4.45	4.52	4.57	4.61	4.62	4.62	4.61	4.58	4.53	4.45	4.35	4.24	4.12	4	3.9	3.8	3.69	3.59	3.46	3.32	3.15	3	2.85	2.71	2.57	2.44	2.33	2.21	2.14	2.14	2.19	2.23	2.29	2.33	2.33	2.32	2.3	2.29	2.27	2.25	2.22	2.18	2.15	2.1	2.05	1.99	1.93	1.87	1.82	1.78	1.75	1.72	1.69	1.66	1.62	1.57	1.53	1.48	1.44	1.39	1.35	1.3	1.26	1.21	1.17	1.13	1.09	1.05	1	0.96	0.92	0.88	0.84	0.78	0.71	0.62	3.03
India	1970	18503.04	17843.39	17235.11	16674.27	16156.94	15679.18	15237.04	14826.59	14443.89	14085	13739.94	13398.7	13087.62	12814.85	12558.3	12307.38	12087.77	11747.35	11216.85	10575.2	9963.99	9346.97	8845.44	8531.52	8346.11	8151.23	7966.37	7811.9	7681.49	7568.12	7472.99	7398.12	7293.72	7135.77	6943.44	6760.27	6577.96	6397.57	6224.11	6054.8	5882.32	5708.69	5535.12	5361.68	5189.11	5017.53	4846.22	4680.78	4523.79	4372.56	4222.33	4074.66	3924.64	3769.56	3612.06	3455.97	3298.68	3149.74	3013.7	2884.98	2756.54	2633.49	2493.21	2324.92	2140.95	1962.13	1781.54	1624.59	1505.14	1410.13	1315.27	1228.63	1128.45	1002.5	863.38	733.97	607.31	504.34	437.02	394.09	1881.21
Indonesia	1970	4125.07	3974.86	3837.18	3710.44	3593.04	3483.41	3379.94	3281.04	3185.13	3090.62	2999.84	2915.14	2815.27	2690.79	2551.89	2419.66	2291.62	2170.66	2060.91	1962.02	1866.71	1773.1	1704.67	1671.35	1661.87	1654.22	1651.77	1646.27	1631.06	1609.15	1590.98	1575.35	1551.52	1515.48	1471.14	1426.38	1379.57	1333.74	1291.14	1250.21	1207.93	1165.93	1120.49	1069.8	1016.5	964.84	913.79	868.4	831.57	801.09	770.97	741.34	716.62	698.06	683.36	669.13	656.24	639.27	615.2	586.33	558.35	530.62	501.04	469.31	436.33	403.44	370.54	339.18	310.3	283.51	257.2	231.4	208.43	189.2	172.7	157.11	142.89	128.58	113.29	97.76	402.53
Iran	1970	1031.76	996.26	963.21	932.41	903.63	876.68	851.32	827.36	804.56	782.73	761.19	739.29	719.04	701.12	683.96	666.73	651.24	627.12	589.68	544.33	501.21	458.31	421.78	395.72	377.41	359.18	341.56	330.16	326.69	328.61	331.6	336.44	339.23	337.58	332.97	329.54	326.72	322.22	315.39	307.04	298.2	288.17	280.09	275.48	272.63	268.99	265.9	258.11	243.03	223.51	204.84	185.75	170.05	160.11	154.06	147.48	141.03	135.45	130.6	126.27	122.42	119.11	114.99	109.38	102.8	96.54	90.44	84.12	77.57	70.95	64.4	57.89	51.96	46.87	42.42	38.11	33.99	30.2	26.71	23.51	106.91
Iraq	1970	430.6	404.96	380.51	357.32	335.5	315.12	296.27	279.05	263.52	249.78	236.83	223.65	215.8	215.58	219.78	224.04	230.58	228.8	213.42	189.83	168.1	145.47	129.71	125.47	128.59	130.42	132.82	133.19	129.41	123.1	117.95	113.21	108.94	105.53	102.67	99.73	96.88	93.93	90.75	87.51	84.46	81.56	79.02	76.97	75.32	73.72	72.15	70.99	70.35	70.03	69.71	69.51	68.84	67.39	65.43	63.51	61.5	59.57	57.83	56.19	54.4	52.52	50.49	48.26	45.87	43.44	41.01	38.39	35.52	32.5	29.51	26.51	23.68	21.12	18.79	16.51	14.36	12.27	10.2	8.22	26.05
Ireland	1970	57.54	60	61.77	62.9	63.49	63.6	63.31	62.7	61.84	60.81	59.53	57.92	56.84	56.65	56.99	57.07	57.08	56.64	55.52	53.89	52.3	50.78	48.7	45.86	42.59	39.37	36.05	33.49	32.16	31.65	31.1	30.68	30.23	29.56	28.8	28.26	27.9	27.55	27.17	26.81	26.53	26.21	26.39	27.3	28.64	29.94	31.37	32.27	32.32	31.83	31.37	30.77	30.52	30.9	31.63	32.18	32.76	32.69	31.6	29.88	28.22	26.45	25.04	24.3	23.96	23.49	22.96	22.41	21.77	21.06	20.37	19.72	18.83	17.59	16.12	14.68	13.2	11.9	10.88	10.07	60.13
Israel	1970	70.19	68.46	66.84	65.36	64.01	62.8	61.73	60.82	60.08	59.5	58.94	58.26	58.22	59.14	60.56	61.79	63.04	63.28	61.97	59.56	57.25	54.97	52.13	48.62	44.76	40.9	36.87	33.93	32.69	32.6	32.44	32.47	32.4	31.99	31.39	31.02	30.79	30.59	30.41	30.26	30.09	29.88	29.81	29.96	30.2	30.43	30.82	30.6	29.44	27.75	26.13	24.32	23.4	23.93	25.34	26.53	27.78	28.35	27.76	26.4	25.15	23.87	22.53	21.22	19.93	18.55	17.09	15.73	14.55	13.49	12.43	11.42	10.4	9.34	8.29	7.29	6.32	5.51	4.93	4.51	25.14
Italy	1970	860.93	891.96	913.4	926.27	931.57	930.33	923.56	912.28	897.51	880.26	860.79	839.33	820.75	807.62	798.63	788.26	775.59	771.28	779.46	794.56	809.47	828.63	831.28	807.34	767.73	731.32	691.77	670.69	679.92	708	732.59	759.3	775.18	771.92	756.66	744.54	732.2	723.69	722.46	725.74	725.57	721.5	721.61	728.46	737.47	746.42	761.65	749.72	695.66	617.63	543.89	462.92	421.98	445.53	509.13	565.26	625.16	662.07	658.44	628.39	603.89	578.9	554.29	533.81	515.47	493.54	469.2	445.23	422.45	400.36	377.81	355.21	332.27	308.79	285.16	261.94	238.96	217.23	197.27	178.67	948.97
Jamaica	1970	63.07	64.32	65.07	65.32	65.11	64.47	63.42	62	60.23	58.14	55.84	53.45	50.57	47.05	43.17	39.33	35.37	32.15	30.11	28.87	27.6	26.46	25.34	24.1	22.81	21.72	20.79	19.91	19.04	18.22	17.49	16.81	16.34	16.15	16.15	16.17	16.23	16.27	16.24	16.15	16.1	16.09	15.96	15.64	15.2	14.78	14.3	13.98	13.92	14.01	14.06	14.13	14.04	13.66	13.11	12.59	12.02	11.6	11.42	11.39	11.3	11.22	10.99	10.54	9.93	9.35	8.76	8.17	7.61	7.08	6.53	5.95	5.48	5.14	4.89	4.64	4.42	4.12	3.67	3.14	15.4
Japan	1970	1819.75	1806.5	1785.94	1759.84	1730.01	1698.23	1666.27	1635.93	1609	1587.27	1568.54	1550.63	1555.2	1591.95	1650.78	1706.73	1758.71	1822.99	1903.18	1988.4	2070.35	2158.14	2193.19	2147.85	2050.89	1958.08	1857.54	1778.2	1739.84	1728.26	1707.56	1682.62	1666.17	1660.23	1660.27	1659.94	1660.7	1651.53	1626.33	1589.45	1552.92	1516.21	1470.43	1412.96	1348.16	1283.56	1218.29	1157.76	1105.63	1060.35	1014.96	968.81	934.67	917.57	911.3	905.14	901.81	890.84	866.13	832.55	801	769.19	738.3	710	683.01	654.56	625.37	594.72	562.04	527.95	494.06	460.56	425.94	389.78	353.06	317.09	281.48	249	221.13	196.71	939.6
Jordan	1970	73.96	69.04	64.58	60.55	56.92	53.66	50.73	48.1	45.74	43.62	41.75	40.14	38.53	36.79	35.02	33.43	31.93	30.77	30.07	29.67	29.31	29.03	28.64	28.03	27.28	26.59	25.93	25.22	24.45	23.63	22.81	21.99	21.16	20.33	19.5	18.68	17.87	17.08	16.31	15.57	14.84	14.13	13.47	12.89	12.37	11.87	11.4	10.92	10.41	9.89	9.4	8.94	8.5	8.09	7.72	7.35	7	6.69	6.43	6.21	6	5.81	5.59	5.33	5.04	4.76	4.48	4.23	4.01	3.81	3.61	3.41	3.2	2.96	2.72	2.48	2.25	2.02	1.79	1.56	6.82
Kazakhstan	1970	273.79	297.11	316.02	330.8	341.71	349.04	353.07	354.07	352.31	348.07	341.6	333.13	323.11	311.87	299.6	286.41	272.64	258.34	243.66	228.98	215.18	202.88	190.46	177.45	165.26	153.53	139.65	138.39	156.21	185.06	212.67	244.09	257.94	243.14	210.7	181.09	148.27	128.96	132.9	150.92	165.18	180.55	185.69	173.57	150.7	130.6	110.53	94.52	85.9	82.4	77.83	72.71	70.94	73.6	79	84.61	91.25	94.7	92.7	87.18	82.28	77.11	72.65	69.78	67.84	65.35	62.76	59.44	55	49.9	44.97	40.01	35.73	32.57	30.17	27.74	25.43	23.25	21.13	19.08	113.56
Kenya	1970	506.89	479.59	454.46	431.37	410.14	390.64	372.71	356.19	340.95	326.82	313.65	301.28	289.59	278.41	267.6	257.27	247.58	236.9	224.46	211.02	198.28	186.18	174.12	162.06	150.43	139.34	128.43	120.47	116.74	115.88	115.17	115.01	114.69	113.56	111.86	110.64	109.82	108.03	104.73	100.46	96.3	92.06	88.04	84.49	81.29	78.01	74.7	71.69	69.08	66.77	64.54	62.41	60.35	58.33	56.35	54.45	52.61	50.84	49.14	47.49	45.85	44.24	42.54	40.68	38.72	36.78	34.83	32.86	30.88	28.89	26.91	24.96	22.97	20.93	18.88	16.88	14.94	13.12	11.47	9.97	42.83
Kiribati	1970	1.57	1.59	1.61	1.63	1.63	1.62	1.61	1.59	1.56	1.53	1.49	1.45	1.4	1.35	1.3	1.24	1.19	1.13	1.07	1.02	0.96	0.91	0.85	0.79	0.72	0.65	0.59	0.54	0.53	0.54	0.54	0.56	0.56	0.55	0.53	0.51	0.5	0.49	0.49	0.49	0.49	0.48	0.49	0.5	0.52	0.53	0.55	0.55	0.51	0.45	0.39	0.33	0.28	0.26	0.25	0.23	0.22	0.21	0.2	0.19	0.19	0.19	0.18	0.17	0.16	0.15	0.14	0.13	0.13	0.12	0.12	0.11	0.11	0.1	0.09	0.09	0.08	0.08	0.07	0.06	0.24
Kuwait	1970	29.88	28.95	27.93	26.84	25.69	24.49	23.27	22.01	20.75	19.5	18.31	17.25	16.08	14.68	13.24	11.91	10.5	9.97	10.78	12.41	13.95	15.64	16.75	16.86	16.32	15.9	15.48	15	14.55	14.09	13.53	12.88	12.31	11.9	11.58	11.22	10.88	10.37	9.59	8.64	7.74	6.85	6.07	5.51	5.1	4.67	4.24	3.95	3.86	3.89	3.94	4.07	3.97	3.49	2.79	2.16	1.49	1.06	1.02	1.22	1.38	1.57	1.67	1.6	1.42	1.29	1.18	1.07	0.96	0.86	0.76	0.63	0.58	0.63	0.74	0.84	0.96	0.98	0.84	0.61	0.68
Kyrgyzstan	1970	77.68	81.4	84.29	86.39	87.74	88.39	88.38	87.75	86.54	84.78	82.57	79.96	76.84	73.21	69.18	65.03	60.82	56.42	51.8	47.16	42.75	38.59	35.02	32.27	30.28	28.45	26.51	26.47	29.11	33.38	37.6	42.38	45.07	44.3	41.35	38.72	35.7	33.93	34.38	36.12	37.36	38.65	38.53	36.12	32.27	28.73	25.19	22.13	20.01	18.58	17.05	15.4	14.62	15.07	16.29	17.53	19.01	19.82	19.47	18.38	17.44	16.43	15.73	15.58	15.74	15.76	15.79	15.43	14.49	13.16	11.89	10.59	9.46	8.67	8.09	7.46	6.85	6.25	5.66	5.09	30.05
Lao	1970	98.4	93.41	88.94	84.95	81.4	78.25	75.45	72.98	70.77	68.81	67.04	65.44	63.94	62.47	61.02	59.65	58.39	56.88	54.94	52.74	50.61	48.5	46.5	44.69	43.01	41.36	39.72	38.25	37	35.9	34.86	33.9	32.94	31.94	30.94	29.99	29.08	28.27	27.6	27.01	26.43	25.89	25.29	24.61	23.87	23.15	22.44	21.73	21.05	20.38	19.7	19.02	18.33	17.64	16.94	16.24	15.55	14.83	14.08	13.3	12.54	11.76	11.04	10.38	9.77	9.17	8.58	7.97	7.31	6.63	5.97	5.33	4.73	4.2	3.73	3.27	2.84	2.44	2.07	1.73	6.14
Latvia	1970	31.42	32.17	32.83	33.4	33.87	34.26	34.57	34.8	34.95	35.03	35.06	35.06	34.93	34.64	34.24	33.85	33.44	33.14	33.05	33.1	33.17	33.32	33.43	33.46	33.48	33.51	33.43	33.86	35.04	36.66	38.18	39.85	40.65	40.07	38.63	37.26	35.65	34.75	35.05	36.05	36.78	37.46	37.5	36.52	34.83	33.29	31.91	30.1	27.72	25.09	22.53	19.76	18.39	19.16	21.29	23.27	25.41	26.89	27.16	26.62	26.25	25.86	25.38	24.88	24.33	23.64	22.89	21.9	20.62	19.14	17.65	16.1	14.73	13.67	12.82	11.93	11.07	10.22	9.38	8.55	49.78
Lebanon	1970	69.27	69.13	68.83	68.38	67.78	67.05	66.19	65.22	64.13	62.93	61.58	60.02	58.56	57.32	56.13	54.85	53.68	51.63	48.25	44.09	40.1	36.05	32.82	30.94	30	29	28.11	27.46	27.04	26.79	26.7	26.74	26.75	26.61	26.37	26.17	25.97	25.72	25.43	25.07	24.67	24.23	23.59	22.67	21.54	20.45	19.41	18.22	16.82	15.35	13.91	12.38	11.53	11.72	12.57	13.34	14.22	14.67	14.32	13.48	12.75	12	11.33	10.86	10.5	10.07	9.63	9.12	8.49	7.79	7.1	6.4	5.84	5.5	5.3	5.09	4.9	4.63	4.21	3.7	18.21
Lesotho	1970	38.18	36.54	35.06	33.74	32.55	31.47	30.5	29.63	28.82	28.07	27.38	26.74	26.07	25.31	24.5	23.71	22.91	22.13	21.41	20.7	19.99	19.34	18.48	17.34	16.03	14.77	13.52	12.51	11.88	11.51	11.14	10.8	10.53	10.31	10.12	9.99	9.91	9.75	9.43	9.01	8.63	8.24	7.96	7.84	7.83	7.8	7.78	7.72	7.59	7.41	7.25	7.08	6.91	6.71	6.5	6.28	6.05	5.84	5.67	5.52	5.36	5.2	5.01	4.76	4.47	4.19	3.91	3.64	3.4	3.18	2.96	2.74	2.52	2.3	2.08	1.86	1.66	1.46	1.28	1.11	4.79
Liberia	1970	56.25	53.02	50.11	47.51	45.18	43.11	41.25	39.6	38.12	36.78	35.58	34.52	33.47	32.37	31.25	30.24	29.34	28.33	27.14	25.86	24.65	23.42	22.55	22.22	22.24	22.23	22.29	22.12	21.56	20.74	20	19.26	18.56	17.93	17.35	16.75	16.15	15.59	15.09	14.62	14.17	13.72	13.3	12.92	12.55	12.2	11.86	11.48	11.02	10.52	10.04	9.55	9.09	8.69	8.32	7.95	7.59	7.21	6.81	6.4	5.99	5.59	5.21	4.85	4.5	4.17	3.84	3.51	3.19	2.88	2.58	2.29	2.02	1.76	1.51	1.28	1.07	0.88	0.71	0.57	1.6
Libya	1970	97.75	91.34	85.4	79.9	74.82	70.15	65.86	61.93	58.36	55.11	52.15	49.43	47.05	45.02	43.26	41.7	40.4	38.97	37.24	35.39	33.71	32.09	30.88	30.27	30.05	29.84	29.72	29.44	28.81	27.98	27.23	26.51	25.82	25.19	24.61	24.01	23.4	22.8	22.19	21.58	20.97	20.34	19.73	19.16	18.59	18.03	17.48	16.82	16	15.08	14.19	13.29	12.49	11.86	11.35	10.83	10.33	9.84	9.38	8.94	8.52	8.12	7.7	7.23	6.73	6.24	5.77	5.34	4.98	4.66	4.35	4.06	3.76	3.45	3.14	2.85	2.57	2.29	2.01	1.72	6.74
Lithuania	1970	50.58	52.22	53.73	55.1	56.31	57.34	58.16	58.77	59.13	59.23	59.18	59.09	58.3	56.54	54.16	51.83	49.41	47.37	46.03	45.19	44.32	43.47	43.03	43.11	43.55	44.06	44.66	45.3	45.89	46.44	47.04	47.68	48.09	48.14	47.95	47.7	47.27	46.99	47.03	47.18	47.14	46.99	46.31	44.85	42.84	40.9	39.09	36.72	33.59	30.11	26.76	23.31	21.24	21.32	22.81	24.18	25.62	27.05	28.25	29.22	30.3	31.5	31.89	31.06	29.42	27.76	25.96	24.25	22.87	21.67	20.33	18.94	17.54	16.13	14.73	13.37	12.02	10.82	9.84	9.02	53.12
Luxembourg	1970	4.44	4.65	4.82	4.96	5.06	5.14	5.19	5.21	5.22	5.21	5.19	5.14	5.1	5.05	5.01	4.97	4.92	4.86	4.79	4.71	4.63	4.56	4.51	4.47	4.46	4.46	4.45	4.46	4.49	4.54	4.59	4.64	4.69	4.72	4.73	4.75	4.75	4.78	4.86	4.96	5.05	5.13	5.14	5.03	4.83	4.64	4.47	4.27	4.05	3.83	3.61	3.38	3.28	3.4	3.66	3.9	4.15	4.33	4.35	4.26	4.19	4.12	4.03	3.94	3.83	3.71	3.57	3.41	3.23	3.03	2.83	2.62	2.41	2.21	2.02	1.83	1.65	1.47	1.32	1.18	6.19
Madagascar	1970	272.67	257.22	243.24	230.62	219.25	209.03	199.83	191.56	184.09	177.33	171.12	165.33	159.99	155.08	150.37	145.97	142.19	136.88	129.1	119.92	111.26	102.61	95.65	91.37	88.95	86.48	84.25	82.41	80.81	79.43	78.35	77.53	76.58	75.28	73.76	72.33	70.98	69.35	67.33	65.04	62.75	60.38	58.18	56.29	54.6	52.88	51.25	49.34	46.96	44.33	41.85	39.41	37.42	36.14	35.35	34.52	33.64	33.14	33.13	33.39	33.61	33.95	33.5	31.81	29.31	26.9	24.42	22.08	20.08	18.3	16.45	14.57	12.87	11.41	10.13	8.92	7.8	6.75	5.74	4.81	17.46
Malawi	1970	200.82	187.03	174.79	163.97	154.44	146.09	138.79	132.42	126.86	121.99	117.86	114.54	110.98	106.68	102.08	97.92	93.78	90.89	89.83	89.86	89.79	90.02	88.97	85.82	81.32	77.1	72.86	68.94	65.68	62.87	59.96	57.04	54.36	51.99	49.87	47.85	45.94	44.16	42.46	40.85	39.37	38.02	36.68	35.31	33.96	32.67	31.34	30.36	29.89	29.72	29.51	29.38	28.75	27.33	25.4	23.58	21.76	20.04	18.53	17.2	15.83	14.42	13.34	12.73	12.44	12.15	11.94	11.52	10.69	9.61	8.63	7.66	6.78	6.04	5.4	4.77	4.16	3.58	3.03	2.52	8.27
Malaysia	1970	313.29	334.01	348.53	357.47	361.44	361.03	356.86	349.53	339.65	327.82	313.9	297.77	283.73	273.87	266.58	258.22	249.62	240.31	229.73	218.37	207.63	197.6	187.01	175.47	163.76	152.46	140.8	133.11	131.4	133.44	135.29	138.16	137.9	132.19	123.15	115.07	106.88	100.58	97.54	96.57	95.21	94.03	92.16	88.95	84.95	81.31	77.68	74.74	72.92	71.77	70.55	69.51	67.82	65.02	61.57	58.24	54.73	52.05	50.75	50.24	49.58	49.15	47.54	44.02	39.35	34.93	30.35	26.86	25.19	24.66	23.97	23.43	22.38	20.36	17.77	15.43	13.13	11.26	10.06	9.31	48
Maldives	1970	4.85	4.61	4.4	4.2	4.01	3.84	3.68	3.52	3.37	3.23	3.09	2.96	2.81	2.61	2.38	2.17	1.97	1.8	1.67	1.58	1.49	1.41	1.37	1.4	1.47	1.55	1.64	1.7	1.72	1.72	1.72	1.72	1.7	1.68	1.64	1.6	1.55	1.5	1.43	1.36	1.28	1.2	1.13	1.09	1.05	1.01	0.98	0.94	0.9	0.85	0.81	0.77	0.74	0.7	0.66	0.63	0.59	0.56	0.52	0.49	0.46	0.43	0.4	0.37	0.34	0.31	0.27	0.25	0.23	0.21	0.2	0.18	0.16	0.15	0.13	0.11	0.1	0.08	0.07	0.06	0.2
Mali	1970	239.82	220.85	204.53	190.63	178.93	169.19	161.21	154.75	149.59	145.52	142.39	140.09	137.92	135.44	132.75	130.5	128.8	125.8	120.72	114.42	108.35	102.04	97.14	94.57	93.46	92.13	91.06	89.05	85.37	80.7	76.43	72.21	68.72	66.42	64.92	63.39	61.96	60.66	59.4	58.22	57.18	56.27	55.36	54.4	53.41	52.44	51.47	50.55	49.71	48.9	48.04	47.15	46.04	44.6	42.91	41.2	39.42	37.59	35.74	33.85	31.91	29.94	27.93	25.87	23.8	21.75	19.74	17.74	15.73	13.75	11.85	10.01	8.39	7.06	5.96	4.93	4.01	3.2	2.52	1.94	4.74
Malta	1970	3.82	4.23	4.63	5	5.34	5.66	5.95	6.21	6.44	6.64	6.82	6.98	7.08	7.12	7.1	7.04	6.9	6.87	7.02	7.24	7.43	7.68	7.53	6.79	5.69	4.65	3.53	2.83	2.83	3.26	3.63	4.03	4.26	4.16	3.84	3.59	3.36	3.19	3.12	3.12	3.1	3.06	3.03	3.01	2.98	2.95	2.95	2.9	2.77	2.59	2.43	2.26	2.16	2.18	2.27	2.35	2.42	2.49	2.55	2.58	2.62	2.67	2.65	2.55	2.39	2.23	2.06	1.92	1.82	1.76	1.69	1.62	1.53	1.42	1.31	1.19	1.08	0.98	0.88	0.8	3.64
Martinique	1970	10.2	9.94	9.72	9.53	9.36	9.21	9.08	8.95	8.82	8.69	8.56	8.43	8.26	8.03	7.74	7.46	7.18	6.86	6.5	6.12	5.75	5.38	5.03	4.69	4.39	4.1	3.81	3.6	3.53	3.53	3.54	3.57	3.58	3.55	3.49	3.45	3.43	3.37	3.28	3.17	3.05	2.93	2.85	2.86	2.91	2.96	3.02	3.01	2.89	2.71	2.53	2.34	2.22	2.22	2.29	2.34	2.4	2.4	2.31	2.15	2	1.85	1.72	1.64	1.58	1.51	1.43	1.36	1.29	1.22	1.15	1.08	1.01	0.93	0.85	0.76	0.68	0.6	0.52	0.45	2.12
Mauritania	1970	46.51	44.22	42.15	40.28	38.58	37.05	35.65	34.37	33.18	32.07	31.04	30.11	29.1	27.9	26.6	25.37	24.19	23.08	22.08	21.17	20.29	19.44	18.68	18.04	17.48	16.95	16.46	15.99	15.5	15.01	14.56	14.14	13.71	13.26	12.82	12.39	11.97	11.57	11.21	10.88	10.55	10.22	9.92	9.61	9.31	9.02	8.73	8.44	8.14	7.84	7.54	7.24	6.94	6.66	6.38	6.11	5.84	5.56	5.29	5.02	4.75	4.49	4.22	3.95	3.69	3.42	3.16	2.9	2.64	2.4	2.15	1.92	1.7	1.48	1.29	1.1	0.92	0.76	0.62	0.5	1.45
Mauritius	1970	19.11	21.62	23.57	25.02	26.01	26.58	26.79	26.68	26.29	25.68	24.85	23.82	22.8	21.9	21.06	20.14	19.18	18.26	17.41	16.61	15.83	15.04	14.39	13.89	13.52	13.15	12.84	12.47	12	11.47	10.98	10.5	10.08	9.74	9.47	9.19	8.92	8.66	8.4	8.14	7.89	7.65	7.4	7.11	6.8	6.5	6.2	5.92	5.68	5.47	5.26	5.06	4.85	4.62	4.38	4.15	3.92	3.71	3.5	3.3	3.11	2.92	2.74	2.56	2.4	2.24	2.09	1.93	1.78	1.63	1.48	1.34	1.21	1.09	0.98	0.87	0.77	0.68	0.58	0.49	2.19
Mayotte	1970	1.63	1.54	1.46	1.38	1.31	1.24	1.17	1.11	1.05	1	0.95	0.9	0.86	0.83	0.8	0.78	0.76	0.74	0.71	0.67	0.64	0.6	0.58	0.56	0.54	0.53	0.52	0.5	0.48	0.45	0.43	0.4	0.38	0.37	0.36	0.34	0.33	0.32	0.31	0.29	0.28	0.26	0.25	0.25	0.24	0.24	0.24	0.23	0.22	0.2	0.19	0.17	0.17	0.18	0.19	0.2	0.22	0.23	0.22	0.2	0.19	0.18	0.17	0.16	0.16	0.16	0.16	0.15	0.15	0.14	0.13	0.12	0.11	0.1	0.09	0.09	0.08	0.07	0.06	0.05	0.24
Mexico	1970	2058.68	1972.54	1893.51	1820.94	1754.21	1692.68	1635.72	1582.71	1533	1485.98	1440.99	1397.4	1354.61	1312.03	1268.98	1227.31	1188.94	1140.56	1076.46	1003.6	933.43	862.17	804.8	769.45	748.65	727.43	709.57	687.58	656.51	620.73	588.83	558.16	534.6	521.67	515.71	509.62	504.83	498.04	486.9	472.99	460.13	447.41	434.67	422.14	409.47	396.76	384.85	369.63	349.35	326.36	304.08	280.99	263.92	256.35	254.82	252.69	251.64	247.5	237.62	224.26	212.08	199.86	189.51	182.35	177.12	171.39	165.82	158.88	149.65	138.98	128.72	118.58	108.73	99.46	90.66	81.94	73.37	65.45	58.39	52.03	279.78
Micronesia	1970	2.38	2.28	2.19	2.11	2.03	1.96	1.9	1.84	1.78	1.73	1.68	1.63	1.59	1.57	1.54	1.52	1.51	1.46	1.36	1.22	1.1	0.97	0.87	0.84	0.83	0.83	0.83	0.82	0.8	0.76	0.74	0.71	0.69	0.67	0.65	0.63	0.61	0.59	0.57	0.56	0.54	0.52	0.5	0.49	0.47	0.46	0.44	0.43	0.41	0.4	0.38	0.37	0.36	0.34	0.33	0.31	0.3	0.29	0.28	0.27	0.25	0.24	0.23	0.22	0.21	0.2	0.18	0.17	0.16	0.15	0.14	0.13	0.12	0.11	0.1	0.09	0.08	0.07	0.06	0.05	0.24
Mongolia	1970	46.1	46.48	46.29	45.59	44.47	42.98	41.2	39.19	37.03	34.78	32.41	29.87	27.77	26.4	25.5	24.58	23.78	22.78	21.42	19.86	18.46	17.1	16.1	15.65	15.57	15.49	15.47	15.43	15.29	15.08	14.94	14.84	14.68	14.43	14.12	13.82	13.51	13.21	12.94	12.68	12.42	12.17	11.91	11.61	11.32	11.02	10.69	10.46	10.39	10.4	10.39	10.44	10.29	9.83	9.19	8.58	7.92	7.5	7.48	7.71	7.88	8.09	8.06	7.63	6.95	6.31	5.66	5.12	4.79	4.61	4.38	4.16	3.9	3.55	3.15	2.78	2.42	2.08	1.77	1.49	5.06
Montenegro	1970	9.96	10.52	10.97	11.32	11.58	11.76	11.88	11.92	11.92	11.86	11.75	11.57	11.44	11.39	11.39	11.35	11.31	11.1	10.64	10.01	9.42	8.81	8.3	7.96	7.74	7.52	7.28	7.16	7.2	7.33	7.47	7.63	7.72	7.69	7.58	7.47	7.35	7.21	7.05	6.87	6.67	6.46	6.2	5.86	5.48	5.11	4.75	4.39	4.03	3.69	3.37	3.04	2.86	2.9	3.09	3.27	3.48	3.63	3.7	3.7	3.71	3.73	3.7	3.6	3.45	3.3	3.14	2.96	2.78	2.6	2.42	2.22	2.04	1.88	1.75	1.62	1.49	1.36	1.22	1.09	5.54
Morocco	1970	603.71	591.44	579.2	566.9	554.45	541.74	528.7	515.22	501.21	486.58	471.26	455.2	438.12	419.86	400.43	381.19	363.29	340.43	310.07	275.86	243.29	210.36	186.64	177.15	177.31	177.24	178.58	180.16	180.3	179.66	180.67	182.89	184	183.1	180.86	178.71	176.16	174.04	172.83	171.93	170.44	168.76	165.15	158.7	150.34	142.03	133.57	124.95	116.42	108.09	99.77	91.47	84.27	78.69	74.36	70.23	66.32	63.47	61.92	61.25	60.75	60.5	59.96	58.77	57.09	55.54	54.09	51.91	48.71	44.84	40.97	36.99	33.19	29.78	26.65	23.5	20.42	17.48	14.7	12.1	40.72
Mozambique	1970	370.09	347.58	327.49	309.63	293.81	279.83	267.5	256.62	247	238.44	230.94	224.5	217.97	210.77	203.27	196.43	190.04	183.94	178.16	172.65	167.36	162.25	157.44	152.96	148.73	144.65	140.76	136.8	132.65	128.41	124.31	120.31	116.47	112.84	109.37	105.97	102.66	99.42	96.24	93.12	90.1	87.14	84.28	81.51	78.82	76.19	73.61	71.08	68.6	66.15	63.75	61.39	59.05	56.7	54.38	52.07	49.8	47.54	45.28	43.04	40.82	38.63	36.44	34.27	32.11	29.98	27.9	25.83	23.76	21.72	19.74	17.82	15.97	14.21	12.53	10.93	9.41	8.02	6.78	5.67	19.67
Myanmar	1970	971.11	927.41	888.35	853.51	822.48	794.84	770.18	748.07	728.11	709.87	692.66	675.77	660.22	646.18	632.37	618.95	607.8	586.97	551.14	506.51	464.02	420.71	387.08	369.2	361.96	353.96	347.25	341.26	334.5	327.63	322.71	319.19	315.95	312.59	309.19	306.07	302.9	300	297.48	294.92	292.17	289.72	284.59	275.42	263.73	252.16	239.89	229.77	223.37	219.24	214.53	210.02	203.97	195.3	185.03	175.21	165.35	156.49	149.33	143.31	137.07	130.88	124.64	118.19	111.61	105.22	99.06	92.55	85.47	78.1	70.94	63.89	57.27	51.3	45.85	40.58	35.55	30.87	26.55	22.59	88.2
Namibia	1970	29.41	28.01	26.72	25.55	24.49	23.51	22.62	21.81	21.06	20.38	19.74	19.16	18.59	18.03	17.47	16.95	16.45	15.93	15.35	14.75	14.17	13.6	13.07	12.6	12.17	11.76	11.36	10.96	10.54	10.11	9.71	9.32	8.98	8.72	8.52	8.32	8.13	7.98	7.86	7.77	7.69	7.62	7.49	7.27	6.98	6.71	6.42	6.17	5.96	5.77	5.58	5.39	5.19	4.99	4.77	4.57	4.37	4.16	3.96	3.77	3.57	3.38	3.2	3.05	2.91	2.77	2.64	2.49	2.32	2.13	1.95	1.77	1.6	1.43	1.28	1.13	0.99	0.86	0.75	0.67	3.06
Nepal	1970	423.91	400.13	379.42	361.53	346.19	333.13	322.1	312.83	305.06	298.52	292.87	287.77	283.35	279.52	275.77	272.4	270.17	263.62	250.31	233.03	216.56	199.41	186.92	182.06	182.13	181.48	181.3	179.88	175.84	170.18	165.35	160.94	156.41	151.76	147.1	142.44	137.68	133.62	130.62	128.31	125.92	123.63	120.98	117.7	113.98	110.39	106.85	103.16	99.3	95.35	91.39	87.38	83.62	80.25	77.15	74.01	70.91	67.78	64.58	61.34	58.16	55.01	51.8	48.46	45.07	41.74	38.47	35.22	31.96	28.74	25.63	22.6	19.84	17.45	15.34	13.35	11.51	9.83	8.29	6.91	24.33
Netherlands	1970	226.55	234.39	240.13	243.98	246.16	246.88	246.34	244.78	242.4	239.42	235.96	232.16	228.64	225.78	223.55	220.81	216.92	216.38	221.07	228.52	235.24	242.9	243.94	234.55	218.6	203.7	188.18	175.96	169.72	167.47	164.39	161.22	159.09	158	157.64	157.8	158.62	158.65	157.15	154.75	152.57	150.08	148.78	149.43	151.12	152.54	154.39	153.69	148.95	141.79	135.01	127.74	122.91	122.17	123.97	125.17	126.43	126.65	124.95	121.97	119.22	116.43	113.36	110.06	106.54	102.79	98.83	94.74	90.57	86.31	81.93	77.49	72.96	68.36	63.72	59.09	54.48	49.93	45.45	41.08	222.84
New_Caledonia	1970	3.54	3.3	3.1	2.93	2.79	2.67	2.57	2.49	2.43	2.38	2.34	2.31	2.28	2.23	2.18	2.13	2.08	2.04	1.99	1.94	1.89	1.84	1.79	1.76	1.73	1.7	1.68	1.64	1.59	1.53	1.47	1.41	1.37	1.35	1.35	1.34	1.34	1.32	1.29	1.25	1.21	1.16	1.13	1.09	1.06	1.03	1	0.97	0.93	0.89	0.86	0.82	0.79	0.77	0.74	0.72	0.7	0.68	0.67	0.67	0.66	0.65	0.63	0.58	0.51	0.45	0.38	0.33	0.29	0.27	0.25	0.23	0.21	0.19	0.17	0.15	0.13	0.11	0.1	0.09	0.39
New_Zealand	1970	58.39	58.91	59.41	59.85	60.23	60.54	60.75	60.85	60.82	60.66	60.4	60.09	59.43	58.28	56.8	55.26	53.57	52.05	50.9	49.95	48.91	47.93	46.56	44.58	42.25	40.02	37.76	35.97	34.93	34.4	33.88	33.5	32.97	32.11	31.08	30.21	29.34	28.98	29.38	30.26	31.07	31.95	32.52	32.56	32.24	31.98	31.74	31.32	30.7	29.94	29.15	28.25	27.57	27.23	27.1	26.89	26.67	26.3	25.71	24.94	24.19	23.42	22.57	21.63	20.62	19.59	18.52	17.5	16.59	15.75	14.89	14.05	13.17	12.21	11.23	10.27	9.32	8.47	7.78	7.19	42.61
Nicaragua	1970	98.66	92.84	87.96	83.92	80.6	77.91	75.73	73.95	72.48	71.2	70.11	69.22	67.88	65.78	63.14	60.64	58.37	55.31	51.12	46.34	41.69	36.88	33.45	32.22	32.41	32.48	32.77	32.66	31.69	30.2	28.98	27.87	26.84	25.97	25.21	24.43	23.65	22.91	22.22	21.56	20.91	20.27	19.63	18.97	18.29	17.63	16.99	16.29	15.52	14.7	13.91	13.11	12.39	11.8	11.28	10.77	10.28	9.79	9.29	8.79	8.32	7.86	7.41	6.98	6.55	6.14	5.74	5.34	4.94	4.56	4.19	3.83	3.48	3.15	2.83	2.52	2.23	1.96	1.73	1.52	6.97
Niger	1970	202.73	190.09	178.77	168.65	159.63	151.62	144.5	138.18	132.55	127.51	123.03	119.09	115.2	111.12	106.96	103.17	99.72	96.08	92.03	87.83	83.79	79.72	76.45	74.36	73	71.62	70.43	68.63	65.74	62.19	58.85	55.55	52.55	50.05	47.91	45.76	43.67	41.68	39.79	37.99	36.3	34.69	33.24	31.99	30.88	29.84	28.86	27.88	26.87	25.84	24.85	23.89	22.94	21.98	21.03	20.08	19.14	18.18	17.18	16.15	15.14	14.15	13.13	12.09	11.03	10	8.99	8.04	7.18	6.39	5.63	4.91	4.23	3.6	3.02	2.48	1.99	1.56	1.2	0.89	1.74
Nigeria	1970	2137.11	2021.83	1917.86	1824.34	1740.37	1665.06	1597.55	1536.94	1482.35	1432.9	1388.77	1350.15	1310.8	1267.69	1223.14	1182.04	1142.83	1108.01	1079.13	1054.36	1030.26	1007.5	983.94	958.19	931.13	905.21	880.07	854.51	828.21	801.59	775.44	749.69	724.52	700.16	676.57	653.48	630.82	609.53	590.02	571.86	554.15	536.96	520.42	504.48	489	473.91	459.18	444.37	429.25	413.93	398.86	384.07	368.82	352.83	336.46	320.28	304.09	288.69	274.51	261.15	247.86	234.89	221.65	207.79	193.66	179.9	166.29	153.47	141.79	130.92	120.28	110.16	99.61	88.16	76.35	65.2	54.52	44.94	36.91	30.12	86.05
Norway	1970	68.7	67.03	65.65	64.54	63.66	62.99	62.49	62.15	61.93	61.79	61.78	61.94	61.9	61.52	60.96	60.38	59.59	59.46	60.4	61.9	63.17	64.54	64.6	62.63	59.35	56.24	53.06	50.1	47.69	45.69	43.63	41.59	40.08	39.32	39.1	39.04	39.17	39.55	40.15	40.95	41.85	42.77	43.99	45.59	47.38	49.11	50.9	51.98	51.97	51.23	50.49	49.59	48.8	48.33	48.01	47.52	46.94	46.21	45.29	44.23	43.13	41.97	40.84	39.77	38.74	37.63	36.47	35.26	34	32.69	31.34	29.97	28.44	26.69	24.8	22.92	21.03	19.15	17.33	15.55	85.45
Oman	1970	30.36	28.76	27.31	25.97	24.75	23.63	22.61	21.66	20.79	19.99	19.25	18.58	17.9	17.15	16.39	15.68	14.99	14.39	13.9	13.5	13.11	12.74	12.37	12	11.61	11.25	10.9	10.53	10.1	9.63	9.19	8.74	8.32	7.94	7.58	7.23	6.9	6.58	6.29	6.03	5.78	5.54	5.33	5.16	5.02	4.89	4.77	4.66	4.56	4.47	4.39	4.31	4.22	4.12	4.01	3.89	3.78	3.66	3.53	3.39	3.25	3.1	2.96	2.81	2.66	2.51	2.35	2.2	2.04	1.87	1.72	1.56	1.4	1.24	1.09	0.94	0.8	0.67	0.56	0.47	1.6
Other_non_specified_areas	1970	353.65	372.44	387.6	399.4	408.07	413.86	417.02	417.8	416.46	413.23	407.65	399.21	391.84	387.21	383.4	378.11	373.41	360.44	335.09	302.33	270.85	238.42	213.35	200.5	195.94	190.61	185.99	182.68	179.95	177.84	177.12	177.67	177.64	176.2	173.94	172.04	169.99	168.76	168.9	169.65	169.93	170.15	168.34	163.46	156.48	149.61	142.64	135.14	127.17	119.04	110.74	102.02	95.17	91.24	89.18	86.94	85.04	82.15	77.43	71.58	66.17	60.9	55.96	51.64	47.76	43.88	40.08	36.55	33.33	30.37	27.58	24.98	22.49	20.06	17.72	15.56	13.54	11.75	10.25	8.98	39.89
Pakistan	1970	2149.02	2062.62	1980.39	1902.01	1827.17	1755.55	1686.83	1620.7	1556.84	1494.94	1436.5	1383.03	1325.1	1258.71	1189.04	1123.71	1059.39	1010.86	985.7	976.33	966.99	960.04	952.71	941.79	928.33	917.3	908.55	893.78	869.62	839.48	810.07	779.96	752.37	729.56	709.9	689.49	669.09	649.07	629.21	609.64	590.64	572.07	554.13	536.89	520.2	503.8	487.76	471.71	455.46	439.14	423.09	407.18	391.58	376.4	361.51	346.78	332.38	317.58	302.04	286.18	270.62	255.14	240.7	227.84	216.04	204.38	193.16	181.56	169.11	156.27	143.96	131.96	120.74	110.6	101.32	92.33	83.75	75.55	67.67	60.16	323.52
Panama	1970	53.56	52.34	51.1	49.85	48.58	47.3	46.01	44.71	43.4	42.09	40.78	39.48	38.17	36.84	35.51	34.19	32.9	31.65	30.46	29.32	28.21	27.12	26.1	25.16	24.29	23.45	22.65	21.85	21.06	20.27	19.52	18.8	18.1	17.42	16.76	16.13	15.52	14.93	14.39	13.87	13.38	12.91	12.46	12.04	11.64	11.26	10.9	10.56	10.24	9.93	9.64	9.35	9.06	8.75	8.44	8.13	7.83	7.52	7.2	6.89	6.58	6.27	5.97	5.68	5.4	5.12	4.85	4.58	4.3	4.02	3.74	3.47	3.21	2.96	2.71	2.47	2.24	2.02	1.81	1.61	8.3
Papua_New_Guinea	1970	92.43	87.7	83.46	79.67	76.29	73.28	70.62	68.25	66.14	64.26	62.56	61.02	59.58	58.2	56.86	55.6	54.47	53.03	51.1	48.86	46.71	44.56	42.65	41.15	39.93	38.69	37.48	36.34	35.23	34.17	33.16	32.21	31.26	30.26	29.24	28.26	27.31	26.39	25.54	24.72	23.92	23.13	22.35	21.56	20.77	20	19.23	18.47	17.71	16.94	16.19	15.44	14.71	13.98	13.27	12.57	11.88	11.2	10.53	9.88	9.23	8.61	7.99	7.4	6.83	6.27	5.73	5.22	4.73	4.28	3.84	3.43	3.03	2.62	2.21	1.83	1.47	1.17	0.98	0.86	4.65
Paraguay	1970	88.55	86.99	85.37	83.7	81.97	80.2	78.37	76.5	74.59	72.63	70.6	68.5	66.42	64.4	62.4	60.35	58.35	55.99	53.09	49.88	46.76	43.66	40.83	38.45	36.4	34.38	32.4	30.76	29.58	28.71	27.94	27.37	26.57	25.34	23.88	22.56	21.24	20.37	20.21	20.49	20.73	21.04	21.05	20.52	19.65	18.86	18.06	17.34	16.76	16.28	15.76	15.23	14.69	14.13	13.57	13.02	12.47	11.94	11.44	10.95	10.46	9.98	9.51	9.04	8.58	8.12	7.68	7.22	6.76	6.29	5.84	5.39	4.95	4.52	4.11	3.71	3.32	2.95	2.6	2.27	10.54
Peru	1970	493.2	479.01	464.66	450.19	435.69	421.21	406.83	392.62	378.63	364.95	351.45	338	325.64	314.8	304.99	295.37	286.25	276.48	265.43	253.74	242.61	231.82	221.83	213.01	205.12	197.46	190.04	183.53	178.13	173.54	169.18	165.15	161.03	156.57	151.9	147.46	143.23	138.74	133.82	128.66	123.63	118.65	113.9	109.51	105.41	101.39	97.5	93.79	90.26	86.92	83.71	80.57	77.82	75.57	73.66	71.77	69.97	67.98	65.63	63.05	60.53	58.07	55.39	52.4	49.22	46.05	42.81	39.87	37.41	35.25	33.07	30.96	28.67	26.04	23.22	20.53	17.93	15.5	13.29	11.29	40.94
Philippines	1970	1300.14	1269.14	1238.73	1208.87	1179.52	1150.67	1122.27	1094.29	1066.71	1039.48	1011.71	982.5	956.16	934.4	914.58	894.25	876.15	846.29	798.19	739.31	682.78	624.95	578.64	551.21	536.34	520.29	505.75	490.52	472.12	452.14	434.41	417.82	402.78	389.77	377.99	366.75	356.87	344.07	326.37	306.03	286.76	267.2	252.55	245.58	243.56	241.21	239.85	236.26	228.38	217.96	208.57	199.25	191.67	186.94	183.97	180.53	177.06	172.71	166.81	159.81	153	146.37	138.67	129.47	119.41	109.43	99.27	90.34	83.44	77.91	72.33	67.02	61.67	56.01	50.25	44.9	39.87	35.19	30.92	27.03	124.69
Poland	1970	560.61	520.57	497.75	489.96	494.96	510.53	534.46	564.53	598.52	634.2	672.14	712.89	740.35	746.76	738.22	729.14	717.29	700.54	679.46	654.58	628	601.92	568.65	525.4	477.68	431.63	383.47	355.37	358.17	381.1	402.59	427.05	445.63	451.81	450.06	451.26	453.03	454.43	456.01	457.12	456.13	452.81	448.76	444.44	438.76	432.78	429.41	413.2	377.58	331.25	287.13	239.84	213.55	220.73	249.15	274.28	301.16	320.11	323.9	317.53	313.64	310.19	303.39	292.78	279.33	264.61	248.48	232.28	216.91	202.03	186.53	170.87	155.26	139.78	124.67	109.95	95.46	82.9	73.07	65.2	319.08
Portugal	1970	156.52	162	166.23	169.3	171.33	172.39	172.59	172.03	170.8	169	166.61	163.61	160.68	158.13	155.73	152.97	150.06	146.6	142.4	137.72	133.2	128.89	124.37	119.56	114.78	110.25	105.72	102.95	102.76	104.31	105.85	107.66	109.33	110.43	111.16	112.1	113.19	113.76	113.54	112.77	111.88	110.71	109.67	108.99	108.42	107.72	107.22	105.46	101.76	96.97	92.34	87.32	84.35	84.68	87.05	89.01	91.12	91.99	90.68	87.94	85.38	82.66	79.96	77.52	75.15	72.51	69.8	66.47	62.25	57.49	52.8	48.03	43.79	40.45	37.75	34.98	32.25	29.73	27.45	25.33	140.04
Puerto_Rico	1970	61.35	62.52	63.65	64.71	65.68	66.53	67.23	67.77	68.12	68.25	68.21	68.03	67.35	66.03	64.22	62.31	60.25	58.08	55.86	53.6	51.27	48.91	46.58	44.32	42.15	40.04	37.97	36.2	34.85	33.81	32.84	31.93	31.2	30.67	30.26	29.94	29.73	29.35	28.66	27.78	26.97	26.13	25.51	25.24	25.18	25.08	25.03	24.75	24.11	23.25	22.42	21.57	20.89	20.51	20.32	20.08	19.84	19.49	18.94	18.27	17.6	16.9	16.26	15.71	15.22	14.7	14.19	13.52	12.59	11.52	10.49	9.47	8.55	7.78	7.14	6.49	5.81	5.37	5.25	5.32	38.17
Qatar	1970	3.76	3.58	3.4	3.21	3.03	2.85	2.68	2.52	2.37	2.23	2.11	2	1.93	1.91	1.93	1.95	1.98	2.04	2.13	2.24	2.34	2.45	2.53	2.56	2.56	2.55	2.54	2.5	2.43	2.33	2.23	2.12	2.01	1.92	1.83	1.73	1.64	1.54	1.44	1.34	1.25	1.15	1.07	1	0.94	0.88	0.83	0.78	0.72	0.66	0.6	0.55	0.5	0.46	0.42	0.38	0.35	0.32	0.3	0.29	0.28	0.27	0.26	0.24	0.22	0.21	0.19	0.17	0.16	0.16	0.15	0.14	0.13	0.12	0.11	0.09	0.08	0.07	0.06	0.05	0.24
Republic_of_Korea	1970	856.32	855.58	859.79	867.63	877.83	889.07	900.06	909.51	916.11	918.58	919.96	923.3	905.56	856.74	788.6	722.08	652.01	596.4	566.01	552.31	536.15	521.53	506.79	489.28	470.97	455.54	440.99	432.4	432.26	437.17	441.69	447.44	447.1	436.66	419.54	403.62	387.83	371.21	354.23	337.3	319.85	301.44	287.04	278.89	274.71	270.22	266.64	260.6	250.14	237.03	224.86	212.71	202.37	195.02	189.59	183.76	177.97	171.75	164.65	156.92	149.52	142.56	134.49	124.7	114	103.56	92.89	84.24	78.74	75.29	71.72	68.61	64.56	58.72	51.84	45.53	39.4	34.04	29.88	26.56	117.02
Republic_of_Moldova	1970	62.45	65.26	68.08	70.85	73.5	75.99	78.25	80.21	81.83	83.04	83.88	84.42	84.04	82.48	79.99	77.39	74.82	71.16	66	60.05	54.29	48.37	44.26	42.96	43.62	44.13	44.69	45.96	47.97	50.38	52.95	55.94	57.46	56.62	54.27	52.11	49.68	48.06	47.9	48.61	48.93	49.07	48.89	48.15	46.97	45.91	45.15	43.28	39.76	35.35	31.07	26.36	23.88	24.95	28.2	31.09	34.35	35.87	34.43	31.13	28.23	25.19	22.89	21.97	21.89	21.52	21.16	20.36	18.83	16.85	15.01	13.19	11.62	10.46	9.58	8.69	7.81	7.05	6.42	5.88	33.25
Reunion	1970	14.54	14.84	15.02	15.09	15.07	14.95	14.76	14.5	14.18	13.82	13.39	12.89	12.44	12.11	11.83	11.51	11.23	10.73	9.91	8.91	7.95	6.98	6.22	5.81	5.64	5.46	5.3	5.2	5.13	5.08	5.08	5.1	5.12	5.11	5.08	5.07	5.07	5.01	4.87	4.67	4.47	4.25	4.09	4.02	4.01	3.99	3.97	3.89	3.7	3.44	3.2	2.95	2.76	2.67	2.64	2.6	2.56	2.5	2.39	2.25	2.12	2	1.87	1.74	1.61	1.48	1.35	1.24	1.14	1.05	0.96	0.88	0.8	0.75	0.7	0.65	0.62	0.57	0.52	0.46	2.46
Romania	1970	538.92	453.61	388.01	340.1	307.85	289.23	282.24	284.82	294.97	310.65	331.79	358.31	378.44	386.27	385.6	386.78	388.42	385.21	375.72	361.87	348.01	334.49	319.04	301.36	283.37	265.64	246.13	238.61	249.37	271.53	292.5	315.51	330.61	331.81	324.07	318.1	311.44	306.75	306.34	308.21	307.85	305.84	302.72	298.19	292.02	286.18	282.58	270.09	244.1	210.89	179.18	144.67	127.33	137.13	163.87	187.92	213.88	230.23	229.45	217.51	208.08	198.74	188.9	179.74	170.9	160.71	149.35	139.31	131.64	125.41	118.85	112.48	105.18	96.24	86.38	76.97	67.75	59.33	52.18	45.98	211.59
Russian_Federation	1970	1709.43	1786.32	1871.44	1962.33	2056.55	2151.64	2245.14	2334.59	2417.53	2491.52	2558.8	2621.63	2654	2644.03	2603.39	2554.22	2490.38	2427.83	2376.17	2326.63	2277.85	2250.56	2154.63	1951.68	1695.72	1452.48	1176.83	1085.86	1284.02	1657.26	2006.92	2396.57	2610.71	2529.7	2266.39	2036.79	1777.85	1644.87	1730.49	1945.38	2119.78	2302.23	2369.11	2246.49	2003.93	1787.73	1572.01	1386.95	1263.4	1185.51	1096.26	994.71	958.54	1016.76	1132.88	1245.56	1372.04	1443	1419.32	1333.99	1259.36	1181.23	1108.92	1054.4	1010.08	957.2	900.56	841.1	777.77	712.71	649.12	586.37	528.99	479.56	436.38	394.32	353.46	318.66	291.48	269.57	1548.85
Rwanda	1970	161.08	150.17	140.92	133.17	126.74	121.47	117.17	113.69	110.84	108.47	106.6	105.24	103.25	100.05	96.07	92.29	88.52	84.75	81.06	77.39	73.73	70.25	66.22	61.34	56.06	51.05	46.08	42.28	40.24	39.43	38.64	38.02	37.74	37.74	37.92	38.24	38.7	38.82	38.35	37.45	36.57	35.67	34.43	32.71	30.67	28.63	26.56	24.52	22.58	20.76	18.95	17.13	15.75	15.04	14.77	14.51	14.35	14.12	13.72	13.2	12.76	12.39	11.92	11.31	10.61	9.92	9.22	8.59	8.1	7.69	7.27	6.87	6.41	5.83	5.19	4.58	3.97	3.44	3.01	2.65	10.94
Saint_Lucia	1970	3.65	3.81	3.91	3.96	3.96	3.92	3.84	3.73	3.59	3.43	3.25	3.06	2.86	2.68	2.51	2.33	2.15	1.99	1.85	1.74	1.64	1.54	1.44	1.34	1.24	1.15	1.06	0.99	0.94	0.89	0.85	0.82	0.8	0.79	0.79	0.8	0.81	0.82	0.82	0.81	0.81	0.8	0.8	0.8	0.8	0.81	0.81	0.8	0.78	0.75	0.72	0.7	0.67	0.65	0.64	0.62	0.6	0.59	0.57	0.56	0.54	0.52	0.51	0.48	0.45	0.42	0.39	0.37	0.35	0.33	0.31	0.3	0.28	0.26	0.25	0.23	0.22	0.2	0.17	0.14	0.6
Saint_Vincent_Grenadines	1970	3.34	3.34	3.33	3.31	3.27	3.22	3.15	3.08	3	2.91	2.81	2.71	2.6	2.5	2.39	2.29	2.17	2.06	1.94	1.82	1.7	1.59	1.47	1.35	1.22	1.1	0.99	0.89	0.84	0.81	0.79	0.78	0.75	0.7	0.63	0.58	0.52	0.49	0.48	0.49	0.49	0.51	0.51	0.5	0.48	0.46	0.45	0.44	0.45	0.47	0.49	0.51	0.52	0.54	0.54	0.55	0.56	0.56	0.56	0.55	0.54	0.53	0.51	0.49	0.47	0.44	0.41	0.39	0.36	0.33	0.3	0.28	0.25	0.22	0.2	0.17	0.14	0.12	0.11	0.1	0.51
Samoa	1970	5.43	5.49	5.5	5.47	5.41	5.31	5.18	5.03	4.86	4.68	4.48	4.25	4.06	3.93	3.84	3.74	3.65	3.48	3.16	2.75	2.37	1.98	1.71	1.63	1.67	1.7	1.75	1.77	1.71	1.62	1.55	1.49	1.43	1.4	1.39	1.36	1.35	1.32	1.26	1.18	1.11	1.04	0.99	0.97	0.96	0.95	0.95	0.93	0.91	0.87	0.84	0.81	0.78	0.74	0.69	0.65	0.61	0.56	0.53	0.51	0.48	0.46	0.44	0.41	0.38	0.35	0.32	0.29	0.28	0.27	0.26	0.25	0.24	0.2	0.16	0.12	0.09	0.06	0.05	0.05	0.3
Sao_Tome_Principe	1970	3.52	3.21	2.95	2.73	2.54	2.38	2.25	2.14	2.06	1.99	1.93	1.89	1.85	1.81	1.77	1.73	1.7	1.65	1.56	1.46	1.35	1.24	1.15	1.09	1.04	1	0.95	0.9	0.84	0.77	0.7	0.64	0.59	0.55	0.52	0.5	0.47	0.46	0.48	0.52	0.55	0.59	0.61	0.61	0.6	0.58	0.57	0.56	0.54	0.52	0.5	0.48	0.46	0.45	0.45	0.45	0.45	0.44	0.41	0.39	0.35	0.33	0.3	0.29	0.28	0.27	0.26	0.25	0.24	0.24	0.23	0.23	0.22	0.2	0.18	0.16	0.14	0.13	0.12	0.12	0.62
Saudi_Arabia	1970	234.63	222.93	211.97	201.7	192.11	183.15	174.79	167.01	159.77	153.05	146.82	141.07	135.69	130.61	125.85	121.43	117.24	113.57	110.52	107.9	105.43	103.21	100.68	97.55	94.07	90.77	87.54	84.5	81.76	79.24	76.73	74.27	71.86	69.49	67.16	64.9	62.7	60.57	58.52	56.52	54.58	52.7	50.84	48.97	47.11	45.31	43.56	41.9	40.35	38.9	37.49	36.13	34.79	33.47	32.18	30.92	29.69	28.51	27.38	26.29	25.21	24.15	23.08	21.99	20.89	19.8	18.73	17.63	16.48	15.31	14.16	13.03	11.91	10.82	9.76	8.73	7.75	6.79	5.87	4.99	19
Senegal	1970	180.87	167.45	155.74	145.58	136.84	129.36	123	117.61	113.04	109.14	105.89	103.28	100.51	97.2	93.56	90.33	87.46	84.27	80.52	76.52	72.72	68.91	65.95	64.27	63.44	62.58	61.88	60.99	59.62	57.98	56.5	55.1	53.67	52.21	50.74	49.27	47.79	46.33	44.91	43.51	42.12	40.75	39.37	37.96	36.56	35.18	33.82	32.49	31.23	30.01	28.81	27.62	26.46	25.32	24.21	23.11	22.04	20.97	19.89	18.81	17.76	16.71	15.68	14.66	13.65	12.66	11.69	10.74	9.79	8.87	7.98	7.12	6.3	5.51	4.77	4.07	3.4	2.81	2.33	1.92	6.09
Serbia	1970	139.9	139.25	138.34	137.28	136.15	135.05	134.07	133.31	132.86	132.81	132.68	132.01	133.74	139.08	146.43	153.08	159.71	163.41	162.5	158.32	154.53	151.2	145.17	135.46	123.85	112.49	100.37	93.45	94.74	101.4	107.48	114.07	119.75	123.15	125.05	127.46	129.9	131.78	133	133.51	133.42	132.72	130.84	127.5	122.92	118.22	113.89	107.01	96.46	83.98	71.97	59.39	51.56	51.2	55.73	59.72	64.1	67.82	69.76	70.44	71.66	73.24	73.33	71.25	67.69	64.03	59.94	56.17	53.21	50.67	47.85	45.05	41.59	37.12	32.11	27.27	22.36	18.53	16.38	15.34	88.63
Seychelles	1970	1.71	1.68	1.65	1.63	1.6	1.58	1.55	1.53	1.5	1.48	1.45	1.41	1.38	1.35	1.31	1.27	1.24	1.18	1.06	0.92	0.78	0.64	0.54	0.51	0.52	0.54	0.55	0.56	0.56	0.54	0.53	0.52	0.52	0.52	0.52	0.52	0.52	0.53	0.52	0.52	0.52	0.51	0.51	0.5	0.49	0.47	0.46	0.45	0.43	0.41	0.39	0.36	0.35	0.35	0.35	0.36	0.37	0.37	0.36	0.34	0.32	0.3	0.28	0.27	0.26	0.25	0.25	0.24	0.23	0.22	0.21	0.2	0.19	0.17	0.16	0.14	0.13	0.11	0.1	0.09	0.5
Sierra_Leone	1970	90.81	84.64	79.26	74.6	70.6	67.18	64.29	61.86	59.83	58.12	56.76	55.73	54.63	53.25	51.75	50.43	49.19	48.14	47.36	46.74	46.12	45.56	44.84	43.86	42.7	41.59	40.49	39.38	38.28	37.19	36.1	35.01	33.98	33.04	32.17	31.31	30.47	29.66	28.87	28.11	27.37	26.64	25.93	25.24	24.56	23.89	23.23	22.55	21.87	21.17	20.48	19.78	19.08	18.38	17.68	16.97	16.26	15.54	14.81	14.07	13.33	12.59	11.84	11.07	10.29	9.51	8.75	8	7.26	6.54	5.84	5.16	4.51	3.91	3.34	2.81	2.3	1.86	1.5	1.19	3.14
Singapore	1970	42.15	44.79	47.26	49.55	51.63	53.48	55.07	56.4	57.43	58.14	58.62	58.94	58.57	57.29	55.38	53.3	50.91	48.81	47.34	46.18	44.9	43.77	41.83	38.61	34.7	30.98	27.08	24.61	24.38	25.57	26.61	27.87	28.4	27.59	25.94	24.56	23.19	22.12	21.61	21.43	21.16	20.91	20.46	19.68	18.7	17.79	16.89	16.14	15.62	15.26	14.87	14.47	14.16	13.97	13.84	13.7	13.6	13.31	12.73	11.96	11.2	10.43	9.7	9.07	8.5	7.91	7.33	6.73	6.09	5.44	4.82	4.21	3.68	3.26	2.92	2.6	2.31	2.03	1.76	1.51	6.39
Slovakia	1970	76.84	76.28	76.25	76.7	77.54	78.71	80.14	81.76	83.5	85.3	87	88.46	90	91.7	93.24	94.54	95.91	95.26	91.64	86.12	80.7	74.96	70.17	67.17	65.36	63.34	61.43	59.65	57.85	56.18	54.77	53.47	52.93	53.45	54.65	55.93	57.49	58.47	58.4	57.7	56.94	55.6	55.63	57.91	61.29	64.4	68.34	68.05	61.14	50.35	40.27	29.32	23.31	25.38	32.52	38.71	45.27	49.7	50.16	48.05	46.61	45.28	43.68	41.97	40.15	38.01	35.54	33.39	31.85	30.64	29.32	28.07	26.27	23.58	20.37	17.31	14.18	11.73	10.32	9.61	50.71
Slovenia	1970	25.42	26.38	27.05	27.45	27.64	27.66	27.54	27.32	27.06	26.79	26.44	25.96	25.9	26.55	27.61	28.54	29.47	30.08	30.18	29.91	29.68	29.52	28.95	27.82	26.36	24.93	23.4	22.44	22.4	22.96	23.44	23.96	24.39	24.58	24.6	24.68	24.76	24.82	24.88	24.9	24.84	24.69	24.39	23.93	23.3	22.69	22.2	21.14	19.21	16.84	14.57	12.16	10.86	11.32	12.91	14.35	15.88	17.02	17.38	17.21	17.18	17.17	16.96	16.51	15.87	15.15	14.34	13.56	12.9	12.29	11.63	10.97	10.18	9.2	8.11	7.06	6	5.1	4.45	3.97	19.69
Solomon_Islands	1970	6.2	5.81	5.47	5.18	4.93	4.73	4.55	4.4	4.28	4.17	4.09	4.02	3.94	3.84	3.71	3.6	3.5	3.39	3.27	3.15	3.03	2.9	2.79	2.73	2.69	2.65	2.63	2.56	2.43	2.25	2.09	1.92	1.81	1.78	1.8	1.82	1.84	1.83	1.74	1.61	1.49	1.37	1.28	1.25	1.25	1.24	1.24	1.22	1.16	1.08	1.01	0.94	0.88	0.84	0.81	0.78	0.76	0.73	0.7	0.66	0.64	0.61	0.58	0.54	0.5	0.46	0.41	0.39	0.4	0.42	0.45	0.48	0.48	0.44	0.36	0.3	0.23	0.18	0.14	0.12	0.37
Somalia	1970	136.75	128.48	121.09	114.52	108.7	103.56	99.04	95.05	91.55	88.44	85.73	83.37	81.08	78.69	76.28	74.07	72.01	69.92	67.73	65.49	63.35	61.34	59.19	56.82	54.36	51.98	49.55	47.65	46.52	45.9	45.25	44.75	43.86	42.28	40.31	38.47	36.64	35.1	34.04	33.29	32.51	31.76	30.97	30.09	29.15	28.26	27.41	26.57	25.74	24.92	24.11	23.3	22.5	21.7	20.89	20.09	19.3	18.49	17.66	16.81	15.97	15.13	14.3	13.48	12.68	11.89	11.1	10.32	9.53	8.74	7.97	7.23	6.5	5.81	5.14	4.51	3.9	3.34	2.83	2.37	8.25
South_Africa	1970	793.77	758.16	726.59	698.66	673.98	652.14	632.77	615.46	599.83	585.47	572.38	560.53	547.66	532.61	516.12	500.44	485.57	469.18	450.49	430.63	411.28	391.78	375.28	363.38	354.58	345.8	337.72	329.11	319.07	308.31	298.31	288.66	279.91	272.47	265.9	259.4	253.16	246.56	239.2	231.39	223.9	216.63	209.37	202.11	194.94	187.85	180.66	174.39	169.48	165.41	161.3	157.48	152.74	146.45	139.21	132.2	125.07	118.69	113.57	109.22	104.76	100.47	95.51	89.41	82.65	76.17	69.73	63.95	59.24	55.26	51.3	47.51	43.78	40	36.25	32.74	29.46	26.3	23.27	20.39	100.02
South_Sudan	1970	153.04	142.61	133.3	125.02	117.68	111.19	105.46	100.4	95.92	91.93	88.51	85.76	82.69	78.85	74.69	70.95	67.3	64.86	64.21	64.7	65.14	65.79	65.88	64.93	63.29	61.84	60.44	58.86	57.06	55.11	53.11	51.04	49.09	47.4	45.88	44.33	42.79	41.25	39.66	38.07	36.52	35.01	33.57	32.25	31	29.78	28.6	27.44	26.28	25.13	24.02	22.94	21.91	20.94	20.03	19.13	18.26	17.38	16.46	15.52	14.61	13.72	12.85	11.99	11.16	10.34	9.55	8.77	8	7.26	6.54	5.85	5.21	4.63	4.11	3.62	3.16	2.73	2.31	1.92	6.52
Spain	1970	636.59	643.38	648.57	652.17	654.18	654.6	653.43	650.67	646.32	640.38	633.6	626.69	616.01	600.08	581.1	562.09	541.65	526.73	520.85	520.56	519.29	518.78	514.68	504.31	490.06	477.73	467.05	455.51	442.73	430.18	418.13	404.65	401.59	414.31	436.62	457.54	479.92	493.96	493.87	484.4	475.99	466.48	457.33	450.31	444.13	436.58	429.16	417.63	400.01	379.09	358.76	337.24	323.07	320.6	325.51	329.33	334	335.19	329.98	320.63	312.08	303.06	294.81	288.33	282.56	275.86	269.09	259.03	244.09	226.08	208.32	190.08	173.66	160.53	149.59	138.3	127.17	116.37	105.75	95.39	517.16
Sri_Lanka	1970	378.03	367.05	358.06	350.79	344.93	340.2	336.31	332.96	329.85	326.71	323.91	321.86	316.83	307.16	294.61	282.35	269.41	258.83	252.32	248.29	243.68	239.42	233.22	223.72	212.27	201.48	190.73	181.5	174.77	169.75	164.67	159.88	155.26	150.61	146.04	141.85	137.89	134.4	131.53	129.05	126.63	124.34	121.73	118.55	114.97	111.48	108.05	104.42	100.52	96.48	92.43	88.33	84.52	81.19	78.18	75.16	72.19	69.15	65.94	62.63	59.4	56.19	53.14	50.31	47.62	44.97	42.42	39.69	36.65	33.46	30.39	27.36	24.65	22.4	20.49	18.63	16.89	15.19	13.47	11.77	63.37
State_Palestine	1970	49.68	48.48	47.03	45.34	43.48	41.47	39.37	37.21	35.03	32.88	30.74	28.59	26.77	25.43	24.44	23.48	22.58	21.84	21.3	20.87	20.51	20.26	19.83	19.1	18.19	17.33	16.48	15.73	15.19	14.76	14.32	13.88	13.39	12.79	12.12	11.49	10.88	10.28	9.72	9.19	8.68	8.16	7.72	7.4	7.14	6.9	6.69	6.44	6.12	5.77	5.44	5.12	4.84	4.6	4.41	4.21	4.02	3.86	3.73	3.63	3.52	3.44	3.32	3.16	2.96	2.78	2.59	2.43	2.29	2.17	2.05	1.93	1.82	1.71	1.62	1.53	1.45	1.34	1.19	1.02	4.23
Sudan	1970	430.72	407.72	386.54	367.08	349.2	332.8	317.76	303.96	291.28	279.62	268.9	259.08	249.74	240.65	231.87	223.67	216	208.5	201.04	193.7	186.7	180.03	173.46	166.9	160.43	154.22	148.2	142.61	137.57	132.95	128.49	124.24	120.1	116.01	112	108.17	104.5	100.94	97.46	94.07	90.78	87.6	84.51	81.55	78.69	75.9	73.2	70.5	67.77	65.03	62.37	59.76	57.27	54.94	52.72	50.54	48.4	46.3	44.26	42.26	40.29	38.38	36.41	34.34	32.22	30.14	28.11	26.14	24.26	22.46	20.69	18.97	17.35	15.87	14.49	13.18	11.93	10.7	9.45	8.21	35.92
Suriname	1970	12.21	12.53	12.74	12.86	12.9	12.85	12.73	12.54	12.29	11.97	11.61	11.2	10.74	10.24	9.7	9.15	8.6	8.03	7.44	6.86	6.29	5.74	5.26	4.89	4.61	4.35	4.1	3.93	3.86	3.85	3.86	3.9	3.91	3.86	3.78	3.71	3.64	3.57	3.49	3.4	3.3	3.19	3.09	3	2.91	2.83	2.75	2.64	2.48	2.31	2.13	1.96	1.83	1.79	1.79	1.79	1.8	1.78	1.71	1.62	1.54	1.46	1.39	1.33	1.28	1.23	1.17	1.12	1.07	1.02	0.97	0.92	0.87	0.8	0.73	0.66	0.58	0.52	0.45	0.39	1.9
Swaziland	1970	19.06	17.96	16.99	16.12	15.34	14.65	14.04	13.5	13.02	12.58	12.19	11.83	11.48	11.1	10.71	10.34	9.99	9.6	9.18	8.73	8.3	7.88	7.46	7.01	6.57	6.15	5.73	5.4	5.21	5.11	5.01	4.93	4.84	4.72	4.59	4.48	4.38	4.27	4.13	3.99	3.86	3.72	3.59	3.49	3.39	3.29	3.2	3.1	3.01	2.92	2.83	2.74	2.65	2.55	2.43	2.32	2.21	2.1	1.99	1.89	1.78	1.68	1.58	1.48	1.38	1.28	1.19	1.1	1.01	0.92	0.84	0.76	0.69	0.62	0.56	0.5	0.44	0.39	0.34	0.29	1.18
Sweden	1970	114.97	116.42	117.1	117.13	116.61	115.66	114.37	112.87	111.27	109.66	108.1	106.64	105.69	105.47	105.91	106.33	106.39	108.42	113.35	119.89	125.97	132.16	135.93	135.84	133.07	130.46	127.79	123.89	118.59	112.46	106.23	99.7	94.61	91.88	90.82	89.76	88.99	88.8	89.16	90	91.12	92.3	94.25	97.2	100.67	104.1	107.82	109.89	109.33	107.1	105.01	102.58	101	101.01	101.95	102.43	102.71	102.59	101.83	100.58	99.23	97.8	95.79	93.05	89.78	86.36	82.72	79.09	75.63	72.24	68.7	65.08	61.36	57.51	53.58	49.67	45.77	41.95	38.24	34.64	187.05
Switzerland	1970	97.21	100.21	102.16	103.18	103.38	102.91	101.88	100.43	98.67	96.73	94.65	92.45	90.74	89.84	89.58	89.28	88.82	89.53	91.92	95.3	98.5	101.8	104.01	104.42	103.55	102.79	102.01	100.48	98.02	94.98	91.84	88.42	85.78	84.46	83.99	83.39	82.89	82.17	80.98	79.55	78.19	76.71	75.78	75.73	76.15	76.53	77.27	76.55	73.47	69.05	64.92	60.46	58	58.8	61.62	64.05	66.6	68.15	67.88	66.41	65.14	63.8	62.28	60.65	58.89	56.9	54.74	52.43	49.95	47.36	44.68	41.95	39.19	36.42	33.67	30.93	28.2	25.57	23.05	20.66	107.68
Syrian_Arab_Republic	1970	261.98	250.98	240.74	231.21	222.35	214.09	206.39	199.19	192.43	186.08	179.92	173.77	168.29	163.71	159.56	155.46	151.91	146.12	136.76	125.3	114.39	103.36	94.37	88.7	85.32	81.85	78.74	75.86	72.88	69.99	67.57	65.42	63.94	63.31	63.22	63.19	63.38	62.94	61.42	59.2	57.11	54.97	52.95	51.21	49.63	47.96	46.29	44.45	42.33	40.06	37.85	35.65	33.71	32.16	30.89	29.63	28.41	27.25	26.1	24.97	23.91	22.91	21.9	20.85	19.8	18.77	17.77	16.78	15.82	14.89	13.96	13.05	12.15	11.26	10.39	9.53	8.72	7.87	6.98	6.07	26.6
Tajikistan	1970	94.94	99.1	101.75	103.03	103.06	101.98	99.93	97.05	93.46	89.29	84.59	79.4	74.32	69.69	65.34	60.9	56.55	52.15	47.64	43.2	39.1	35.25	32.28	30.5	29.65	28.95	28.3	28.74	30.65	33.42	36.23	39.4	41.15	40.54	38.42	36.48	34.26	32.71	32.42	32.85	32.95	33.07	32.3	30.13	27.1	24.27	21.45	19.02	17.29	16.08	14.84	13.55	12.91	13.15	13.97	14.81	15.82	16.42	16.25	15.59	15.04	14.46	13.99	13.76	13.64	13.43	13.2	12.76	12.01	11.06	10.13	9.2	8.28	7.41	6.6	5.78	4.95	4.29	3.89	3.65	22.42
Macedonia	1970	42.76	41.5	40.47	39.62	38.96	38.47	38.13	37.91	37.82	37.82	37.84	37.8	38	38.58	39.3	39.94	40.67	40.55	39.15	36.92	34.8	32.61	30.67	29.24	28.18	27.03	25.81	25.02	24.8	24.96	25.13	25.39	25.42	25.04	24.38	23.79	23.22	22.61	21.97	21.32	20.6	19.82	19.12	18.6	18.15	17.7	17.4	16.64	15.16	13.3	11.54	9.66	8.64	8.97	10.15	11.19	12.34	12.98	12.73	11.89	11.18	10.47	9.78	9.19	8.67	8.08	7.45	6.85	6.3	5.78	5.28	4.78	4.33	3.92	3.55	3.21	2.88	2.59	2.33	2.1	11.92
Thailand	1970	1336.15	1299.93	1263.48	1226.86	1190.13	1153.37	1116.66	1080.05	1043.63	1007.45	971.71	936.58	901.58	866.56	831.91	798.13	765.05	733.98	705.58	679.31	654.31	631.24	607.95	583.44	559.04	536.08	513.1	497.02	491.05	491.38	491.41	492.93	489.42	477.11	459.16	442.4	425.34	409.37	395.81	383.62	370.74	357.95	343.68	327.09	309.23	291.96	274.81	259.61	247.44	237.45	227.58	218.11	209.47	201.61	194.37	187.59	181.26	174.94	168.36	161.64	155.16	148.91	142.35	135.27	127.89	120.59	113.26	106.23	99.68	93.43	87.24	81.29	74.94	67.9	60.54	53.5	46.59	40.56	35.82	32.02	177.63
Timor_Leste	1970	21.03	20.25	19.51	18.83	18.19	17.6	17.04	16.52	16.04	15.58	15.15	14.76	14.37	13.98	13.6	13.23	12.86	12.54	12.3	12.09	11.89	11.72	11.44	11.01	10.48	9.97	9.45	9.02	8.73	8.53	8.33	8.13	7.92	7.65	7.36	7.09	6.82	6.59	6.42	6.3	6.17	6.06	5.91	5.68	5.41	5.14	4.88	4.65	4.5	4.38	4.26	4.15	4	3.77	3.5	3.24	2.99	2.76	2.58	2.43	2.28	2.13	2	1.91	1.85	1.79	1.74	1.65	1.51	1.34	1.18	1.02	0.88	0.75	0.64	0.53	0.42	0.34	0.3	0.27	1.43
Togo	1970	87.86	82.69	78	73.75	69.91	66.44	63.32	60.51	57.97	55.68	53.62	51.79	50.04	48.29	46.59	45.03	43.59	42.2	40.82	39.47	38.18	36.96	35.77	34.61	33.48	32.38	31.33	30.3	29.28	28.29	27.32	26.39	25.5	24.66	23.86	23.08	22.34	21.62	20.93	20.26	19.62	19	18.4	17.81	17.24	16.69	16.14	15.62	15.11	14.61	14.12	13.64	13.17	12.7	12.24	11.79	11.34	10.86	10.33	9.78	9.22	8.67	8.14	7.62	7.12	6.62	6.13	5.66	5.21	4.78	4.36	3.96	3.58	3.2	2.84	2.49	2.17	1.86	1.59	1.34	4.65
Tonga	1970	2.91	3	3.05	3.07	3.06	3.01	2.95	2.86	2.76	2.65	2.52	2.38	2.25	2.13	2.01	1.9	1.78	1.67	1.59	1.53	1.47	1.41	1.36	1.29	1.22	1.16	1.1	1.06	1.03	1.01	1	0.99	0.97	0.94	0.91	0.88	0.84	0.82	0.8	0.78	0.76	0.74	0.73	0.7	0.69	0.66	0.64	0.62	0.59	0.56	0.53	0.5	0.47	0.43	0.4	0.38	0.34	0.32	0.3	0.28	0.27	0.25	0.24	0.23	0.23	0.22	0.21	0.21	0.2	0.18	0.17	0.16	0.14	0.13	0.11	0.1	0.08	0.07	0.06	0.06	0.31
Trinidad_and_Tobago	1970	19.57	22.48	24.77	26.52	27.76	28.54	28.92	28.95	28.68	28.15	27.38	26.37	25.4	24.61	23.93	23.12	22.25	21.32	20.3	19.24	18.18	17.13	16.16	15.32	14.59	13.87	13.19	12.55	11.94	11.38	10.86	10.38	9.97	9.66	9.42	9.2	9.02	8.87	8.73	8.62	8.53	8.45	8.37	8.27	8.18	8.08	7.99	7.87	7.69	7.46	7.24	7.01	6.8	6.65	6.54	6.41	6.28	6.11	5.85	5.55	5.25	4.94	4.66	4.43	4.24	4.04	3.84	3.62	3.35	3.06	2.78	2.51	2.25	2.01	1.79	1.58	1.37	1.18	1.02	0.88	4.57
Tunisia	1970	168.83	169.83	169.8	168.86	167.09	164.58	161.43	157.73	153.58	149.06	144	138.23	133.18	129.49	126.44	123.15	120.37	114.95	105.43	93.56	82.32	70.78	62.47	59.36	59.68	59.74	60.28	60.38	59.23	57.39	56.14	55.13	54.55	54.6	55.01	55.34	55.74	55.55	54.4	52.6	50.86	49.08	47.26	45.51	43.79	42.02	40.22	38.51	36.94	35.49	34.06	32.61	31.45	30.72	30.24	29.75	29.31	28.66	27.67	26.44	25.25	24.09	22.8	21.36	19.84	18.3	16.73	15.34	14.25	13.34	12.44	11.59	10.65	9.55	8.35	7.24	6.15	5.23	4.55	4.05	18.44
Turkey	1970	1185.01	1141.04	1101.75	1066.64	1035.27	1007.15	981.83	958.84	937.7	917.95	898.86	879.7	861.31	843.75	825.78	808	792.62	765.83	721.58	667.13	615	561.71	520.3	498.19	489.08	479.22	471.38	463.36	452.67	441	431.54	422.5	417.91	419.72	425.03	429.57	434.84	433.38	421.24	401.95	383.28	364	344.53	325.97	308.05	289.89	272.28	254.54	236.43	218.97	202.27	184.97	175.52	177.73	187.18	196.03	206.26	211.07	206.4	195.52	185.99	176.55	166.68	156.97	147.4	137.08	125.85	116.6	110.57	106.46	102.12	98.45	92.25	81.85	69.03	56.99	44.84	35.4	30.32	28.12	134.32
Turkmenistan	1970	67.47	69.96	71.61	72.5	72.7	72.25	71.24	69.72	67.77	65.44	62.78	59.83	56.78	53.75	50.74	47.65	44.55	41.46	38.43	35.5	32.75	30.2	27.93	26.01	24.46	23.04	21.57	21.23	22.51	24.76	26.98	29.52	30.85	30.16	28.19	26.42	24.45	23.17	23.14	23.83	24.26	24.72	24.43	22.93	20.67	18.6	16.53	14.78	13.6	12.83	12.01	11.12	10.75	11.11	11.91	12.71	13.63	14.11	13.82	13.02	12.32	11.57	10.92	10.49	10.2	9.82	9.42	8.91	8.21	7.41	6.63	5.86	5.18	4.66	4.25	3.84	3.44	3.11	2.86	2.68	15.89
Uganda	1970	408.72	385.3	363.97	344.6	327.02	311.11	296.71	283.69	271.89	261.17	251.42	242.51	234.18	226.21	218.55	211.44	204.98	197.85	189.48	180.44	171.77	163.12	155.58	149.72	144.96	140.35	136.38	131.27	124.12	115.95	108.33	100.52	95.45	94.61	96.42	97.95	99.95	100.27	97.61	93.05	88.98	84.93	81.2	78.21	75.67	72.93	70.11	67.28	64.39	61.48	58.64	55.86	53.16	50.56	48.06	45.61	43.21	40.93	38.79	36.77	34.8	32.88	31.02	29.19	27.39	25.65	23.97	22.29	20.58	18.88	17.23	15.65	14.12	12.67	11.29	9.97	8.71	7.57	6.57	5.69	24.57
Ukraine	1970	630.79	663.22	691.82	716.84	738.56	757.25	773.18	786.6	797.81	807.05	812.87	813.81	818.8	831.57	847.21	859.37	872.13	866.74	834.1	784.18	738.57	696.02	653.99	614.4	580.23	544.71	499.77	499.78	568.11	676.11	779.82	897.75	952.77	905.17	794.89	695.21	583.78	525.27	556.78	642.88	713.94	787.35	824.7	800.96	737.63	683.96	633.39	580.22	527.62	478.06	426.36	368.24	342.52	366.33	420.83	471.57	527.2	560.87	556.29	526.78	502.07	476.37	451.96	433	416.93	397.47	376.4	353.65	328.75	302.74	277.03	251.18	228.17	209.54	194.05	178.68	163.82	150.15	137.67	126.07	686.31
United_Arab_Emirates	1970	8.79	7.99	7.29	6.67	6.12	5.66	5.27	4.94	4.67	4.46	4.3	4.21	4.13	4.05	3.98	3.95	3.94	4.02	4.24	4.55	4.84	5.12	5.39	5.64	5.85	6.05	6.25	6.28	6.05	5.65	5.25	4.8	4.43	4.19	4.04	3.86	3.66	3.47	3.27	3.06	2.86	2.67	2.49	2.31	2.14	1.97	1.81	1.66	1.53	1.41	1.3	1.2	1.1	1	0.9	0.8	0.71	0.63	0.58	0.54	0.5	0.47	0.43	0.39	0.33	0.29	0.24	0.21	0.2	0.21	0.21	0.22	0.22	0.21	0.19	0.17	0.16	0.14	0.13	0.11	0.44
United_Kingdom	1970	856.58	910.18	947.35	969.88	979.54	978.11	967.38	949.13	925.15	897.2	865.83	831.58	802.45	782.73	770.46	756.39	738.77	737.08	758.93	794.25	827.82	865.7	880.88	859.32	814.56	773.76	731.05	697.81	682.29	678.38	671.75	665.36	659.48	652.84	646.41	642.28	639.85	639.88	642.88	648.26	653.48	657.34	666.25	682.58	702.39	721.66	743.94	750.52	732.54	699.75	668.91	634.5	615.6	622.73	645.87	664.73	683.64	694.81	692.4	680.66	669.8	657.95	643.71	627.46	609.16	588.92	567.32	542.7	514.47	483.86	452.74	420.72	390.49	363.56	338.91	314.02	289.42	265.5	242.18	219.55	1255.12
United_Republic_Tanzania	1970	577.41	544.4	514.53	487.56	463.24	441.33	421.59	403.77	387.62	372.91	359.7	348.09	336.21	323.17	309.7	297.19	285.13	274.7	266.55	259.89	253.42	247.52	240.68	232.04	222.36	213.21	204.25	195.96	188.75	182.31	175.91	169.68	163.65	157.77	152.06	146.58	141.31	136.18	131.17	126.28	121.55	116.98	112.53	108.19	103.96	99.86	95.86	92	88.25	84.62	81.09	77.65	74.27	70.95	67.69	64.51	61.4	58.37	55.41	52.52	49.7	46.94	44.22	41.53	38.88	36.3	33.79	31.32	28.9	26.52	24.23	22.02	19.89	17.84	15.88	14.02	12.25	10.62	9.13	7.77	30.3
United_States_America	1970	3234.04	3397	3546.96	3683.45	3806	3914.16	4007.45	4085.4	4147.56	4193.44	4224.93	4243.9	4238.18	4202.61	4143.77	4074.98	3995.58	3906.21	3809.18	3705.7	3595.88	3481.18	3365.56	3251.56	3139.52	3028.66	2920.7	2816.86	2718.17	2626.14	2540.86	2461.91	2398.79	2356.13	2330.27	2309.91	2293.67	2296.3	2322.83	2364.86	2407.63	2452.52	2490.62	2515.48	2529.21	2542.82	2557.04	2550.02	2512.88	2455.63	2396.53	2331.23	2273.55	2232	2199.94	2161.3	2118.14	2074.8	2031.45	1986.39	1940.3	1896.09	1835.68	1751.13	1651.98	1554.26	1453.01	1367.37	1307.94	1265.2	1219.09	1173.66	1123.92	1065.36	1001.04	939.21	879.04	815.84	748.34	678.54	3819.4
United_States_Virgin_Islands	1970	1.92	1.82	1.73	1.66	1.6	1.56	1.53	1.5	1.48	1.46	1.45	1.45	1.42	1.33	1.22	1.11	1	0.95	0.98	1.07	1.15	1.24	1.3	1.32	1.31	1.3	1.28	1.27	1.26	1.25	1.24	1.23	1.19	1.11	1	0.9	0.79	0.71	0.67	0.67	0.66	0.65	0.64	0.62	0.6	0.59	0.58	0.56	0.54	0.52	0.49	0.46	0.44	0.42	0.41	0.39	0.38	0.36	0.34	0.32	0.3	0.28	0.26	0.24	0.22	0.2	0.19	0.18	0.16	0.15	0.14	0.13	0.12	0.11	0.1	0.1	0.09	0.09	0.08	0.07	0.44
Uruguay	1970	52.03	52.83	53.4	53.77	53.95	53.96	53.81	53.5	53.07	52.51	51.86	51.15	50.31	49.32	48.24	47.14	45.98	45.02	44.39	43.99	43.56	43.2	42.71	41.95	41.06	40.26	39.47	38.9	38.65	38.63	38.59	38.58	38.62	38.69	38.78	38.87	38.94	38.97	38.92	38.8	38.63	38.43	38.04	37.39	36.56	35.72	34.9	33.93	32.76	31.5	30.23	28.84	27.94	27.8	28.12	28.36	28.69	28.54	27.61	26.18	24.84	23.44	22.25	21.44	20.86	20.2	19.53	18.74	17.76	16.67	15.61	14.56	13.54	12.62	11.74	10.87	10.02	9.18	8.34	7.51	43.58
Uzbekistan	1970	366.44	378.26	386.59	391.62	393.53	392.53	388.79	382.51	373.87	363.07	350.51	336.59	320.44	301.81	281.53	261.08	240.61	220.39	200.86	182.37	164.79	148.08	134.9	126.54	122.04	118.16	114.34	115.62	123.78	135.99	148.33	162.46	169.76	165.8	154.75	144.63	133.22	125.76	125.48	129.36	131.68	134.22	132.44	123.72	110.67	98.68	86.79	76.59	69.47	64.68	59.69	54.5	52.22	53.97	58.32	62.78	67.93	71.45	71.96	70.51	69.44	68.19	67.12	66.61	66.28	65.51	64.6	62.45	58.51	53.42	48.38	43.19	38.37	34.31	30.82	27.22	23.6	20.59	18.44	16.88	99.6
Vanuatu	1970	3.11	3.03	2.94	2.87	2.79	2.72	2.65	2.58	2.51	2.43	2.36	2.3	2.22	2.13	2.03	1.93	1.84	1.75	1.67	1.6	1.53	1.45	1.4	1.36	1.34	1.32	1.3	1.28	1.24	1.2	1.16	1.11	1.07	1.04	1	0.96	0.93	0.89	0.86	0.83	0.8	0.77	0.74	0.71	0.67	0.64	0.61	0.58	0.56	0.54	0.52	0.5	0.48	0.46	0.43	0.4	0.37	0.35	0.33	0.31	0.29	0.28	0.26	0.25	0.24	0.23	0.22	0.21	0.2	0.19	0.18	0.17	0.16	0.14	0.13	0.12	0.1	0.09	0.08	0.07	0.27
Venezuela	1970	395.38	403.64	407.33	406.92	402.88	395.7	385.83	373.76	359.95	344.88	328.56	310.99	294.98	281.91	270.87	259.47	248.09	237.63	228.28	219.79	211.73	204.2	196.77	189.19	181.65	174.55	167.8	161.48	155.65	150.24	145.06	140.13	135.44	130.97	126.7	122.63	118.74	114.98	111.32	107.74	104.29	100.95	97.67	94.44	91.26	88.13	85.06	82.01	78.95	75.9	72.89	69.91	66.91	63.86	60.78	57.76	54.77	51.82	48.92	46.09	43.3	40.57	37.94	35.45	33.07	30.76	28.53	26.37	24.27	22.24	20.3	18.44	16.69	15.05	13.52	12.08	10.72	9.46	8.32	7.29	37.24
Vietnam	1970	1467.76	1439.35	1412.16	1385.75	1359.71	1333.59	1306.98	1279.45	1250.58	1219.93	1187.89	1154.84	1116.32	1070.28	1018.71	967.56	917.91	861.77	796.49	726.99	659.97	593.02	540.39	509.53	494.01	479.55	468.5	460.44	453.55	448.36	446.12	445.29	448.27	455.94	465.94	476.06	488.02	490.73	478.85	457.72	437.56	415.74	398.91	391.21	389.09	385.31	381.85	375.17	362.92	347.43	332.83	317.69	306.29	300.98	299.38	297.14	295.61	290.75	280.26	266.34	253.01	238.85	227.93	222.49	220.2	216.96	214.16	207.3	193.95	176.51	159.84	142.91	127.78	115.94	106.33	96.4	86.71	77.4	68.31	59.6	287.99
Western_Sahara	1970	3.05	2.82	2.61	2.43	2.28	2.14	2.02	1.92	1.83	1.76	1.71	1.66	1.62	1.57	1.52	1.48	1.45	1.43	1.43	1.45	1.47	1.5	1.52	1.53	1.54	1.54	1.55	1.54	1.5	1.44	1.38	1.31	1.25	1.19	1.13	1.07	1.01	0.95	0.9	0.85	0.8	0.76	0.71	0.67	0.62	0.58	0.54	0.51	0.48	0.45	0.43	0.41	0.39	0.37	0.35	0.33	0.31	0.3	0.28	0.27	0.25	0.24	0.23	0.22	0.2	0.19	0.18	0.17	0.16	0.15	0.14	0.13	0.12	0.11	0.09	0.08	0.07	0.06	0.05	0.04	0.11
Yemen	1970	267.5	247.23	229.4	213.82	200.3	188.66	178.69	170.2	163.01	156.92	151.95	148.11	144.17	139.53	134.62	130.26	126.04	122.91	121.34	120.65	119.92	119.53	117.53	112.91	106.65	100.71	94.68	89.39	85.44	82.4	79.21	76.05	73.09	70.28	67.62	65.14	62.83	60.63	58.51	56.46	54.53	52.7	50.94	49.26	47.65	46.09	44.59	43.12	41.67	40.22	38.82	37.45	36.09	34.73	33.38	32.05	30.73	29.42	28.11	26.82	25.54	24.28	23	21.71	20.41	19.13	17.87	16.64	15.47	14.35	13.25	12.18	11.12	10.02	8.92	7.88	6.86	5.95	5.17	4.49	19.36
Zambia	1970	185.98	175.06	165.04	155.87	147.5	139.85	132.87	126.51	120.7	115.39	110.56	106.22	102.04	97.86	93.78	90.01	86.48	83.26	80.41	77.83	75.39	73.13	70.78	68.18	65.46	62.89	60.4	58.09	56.05	54.21	52.4	50.67	48.97	47.26	45.57	43.94	42.38	40.87	39.41	38	36.63	35.29	34.01	32.8	31.63	30.49	29.4	28.31	27.21	26.11	25.04	24	22.99	22.03	21.1	20.19	19.3	18.41	17.52	16.63	15.76	14.91	14.06	13.22	12.4	11.58	10.78	10	9.24	8.49	7.77	7.08	6.39	5.69	4.99	4.32	3.68	3.12	2.69	2.35	10.47
Zimbabwe	1970	221.3	211.75	202.67	194.05	185.85	178.07	170.68	163.67	157.02	150.7	144.58	138.52	133.1	128.54	124.46	120.58	117.32	112.41	104.8	95.71	87.13	78.32	72.11	69.99	70.5	70.76	71.46	71.09	68.63	64.9	61.72	58.69	56.04	54.07	52.55	50.95	49.34	47.88	46.6	45.43	44.35	43.41	42.17	40.42	38.4	36.45	34.41	32.94	32.37	32.34	32.22	32.22	31.66	30.15	28.06	26.11	24.13	22.45	21.3	20.5	19.63	18.77	17.93	17.09	16.25	15.46	14.71	13.93	13.08	12.2	11.34	10.49	9.67	8.86	8.07	7.31	6.57	5.85	5.15	4.48	19.47
