Workshop_1_Demo	Total	Male	Female
1970			
 0-4	2348.748200	1176.532375	1172.215825
 5-9	1347.410803	681.227131	666.183672
 10-14 	873.698810	440.685068	433.013742
 15-19 	1981.832015	1001.629240	980.202775
 20-24 	2026.347547	1022.051734	1004.295813
 25-29 	1780.147151	889.250628	890.896523
 30-34 	1508.879844	750.780667	758.099177
 35-39 	1303.077420	659.914499	643.162921
 40-44 	1096.602700	564.403420	532.199280
 45-49 	910.231644	453.231864	456.999780
 50-54 	778.314216	378.603493	399.710723
 55-59 	611.106990	291.632565	319.474425
 60-64 	479.561904	215.528020	264.033885
 65-69 	327.371807	139.083606	188.288201
 70-74 	219.917591	87.803963	132.113627
 75-79 	132.339807	48.691889	83.647918
 80+ 	99.733635	32.313813	67.419822
Total	17825.322084	8833.363975	8991.958109
1971			
 0-4	94334.825680	51721.545349	42613.280331
 5-9	7732.394007	4571.228309	3161.165698
 10-14 	5347.985307	3287.374666	2060.610641
 15-19 	7531.870983	4176.520532	3355.350451
 20-24 	9179.200799	5046.683406	4132.517393
 25-29 	9489.010752	4997.114476	4491.896277
 30-34 	9552.427068	5072.916770	4479.510298
 35-39 	10470.820891	5830.959158	4639.861733
 40-44 	11839.343248	7095.653589	4743.689659
 45-49 	13266.738798	7904.534368	5362.204430
 50-54 	16294.808284	9717.638907	6577.169376
 55-59 	17857.734006	10297.492207	7560.241799
 60-64 	20395.598037	11467.684721	8927.913316
 65-69 	20173.564882	10820.771468	9352.793414
 70-74 	18802.430235	9432.466864	9369.963371
 75-79 	15736.793891	7125.374624	8611.419267
 80+ 	20014.965439	7331.513622	12683.451816
Total	308020.512306	165897.473034	142123.039272
1972			
 0-4	94614.918237	52060.162793	42554.755445
 5-9	7733.077613	4587.307723	3145.769890
 10-14 	5330.377920	3292.068276	2038.309644
 15-19 	7575.046075	4224.946550	3350.099525
 20-24 	9321.633846	5164.497818	4157.136028
 25-29 	9493.034756	5047.737462	4445.297294
 30-34 	9615.108780	5142.563032	4472.545749
 35-39 	10478.138889	5843.083442	4635.055447
 40-44 	11931.880368	7155.852270	4776.028098
 45-49 	13392.002344	8045.839609	5346.162735
 50-54 	16265.663814	9725.616816	6540.046998
 55-59 	18095.572131	10458.045818	7637.526313
 60-64 	20412.068141	11559.819786	8852.248355
 65-69 	20546.274829	11025.134349	9521.140480
 70-74 	18664.676666	9334.882246	9329.794420
 75-79 	15651.234481	7066.471051	8584.763429
 80+ 	20023.389076	7305.139615	12718.249460
Total	309144.097964	167039.168655	142104.929309
1973			
 0-4	94825.001016	52340.627849	42484.373166
 5-9	7749.191028	4613.401814	3135.789214
 10-14 	5311.924400	3298.182075	2013.742325
 15-19 	7599.352692	4264.866300	3334.486392
 20-24 	9480.583609	5292.245094	4188.338515
 25-29 	9497.348305	5100.265940	4397.082365
 30-34 	9688.414985	5224.404587	4464.010398
 35-39 	10484.494669	5859.352778	4625.141891
 40-44 	12020.499776	7207.697911	4812.801865
 45-49 	13553.801637	8212.464998	5341.336639
 50-54 	16220.208419	9733.895709	6486.312710
 55-59 	18362.815965	10627.507782	7735.308183
 60-64 	20407.985098	11650.802229	8757.182868
 65-69 	20968.176731	11263.669452	9704.507279
 70-74 	18585.522262	9273.615975	9311.906286
 75-79 	15580.137487	7016.769770	8563.367717
 80+ 	20043.796809	7276.619794	12767.177016
Total	310379.254887	168256.390057	142122.864830
1974			
 0-4	94810.557096	52489.592962	42320.964133
 5-9	7765.807311	4638.828889	3126.978422
 10-14 	5299.655860	3308.203417	1991.452442
 15-19 	7611.008521	4299.259252	3311.749269
 20-24 	9623.876809	5411.942779	4211.934030
 25-29 	9529.989654	5166.468758	4363.520896
 30-34 	9751.007299	5303.723357	4447.283942
 35-39 	10503.527722	5887.766578	4615.761144
 40-44 	12100.017919	7253.593839	4846.424080
 45-49 	13722.116952	8372.523059	5349.593892
 50-54 	16217.802827	9780.149410	6437.653417
 55-59 	18588.779968	10773.505523	7815.274445
 60-64 	20467.559464	11769.963110	8697.596354
 65-69 	21333.662289	11485.284916	9848.377373
 70-74 	18629.238188	9282.094004	9347.144184
 75-79 	15515.167937	6966.093130	8549.074808
 80+ 	20069.421798	7246.563766	12822.858032
Total	311539.197614	169435.556749	142103.640865
1975			
 0-4	94480.283194	52472.189134	42008.094060
 5-9	7738.003549	4634.098961	3103.904588
 10-14 	5291.846433	3320.606615	1971.239818
 15-19 	7601.888741	4324.146773	3277.741968
 20-24 	9716.171277	5503.801204	4212.370073
 25-29 	9586.521996	5242.848858	4343.673138
 30-34 	9774.862021	5362.006360	4412.855661
 35-39 	10524.909650	5922.498620	4602.411029
 40-44 	12148.920685	7283.510772	4865.409913
 45-49 	13861.854371	8496.017275	5365.837096
 50-54 	16274.013781	9873.650633	6400.363148
 55-59 	18721.013738	10871.857996	7849.155743
 60-64 	20616.280708	11921.047950	8695.232757
 65-69 	21579.179761	11659.562973	9919.616788
 70-74 	18804.866426	9363.636605	9441.229821
 75-79 	15450.055888	6910.004305	8540.051583
 80+ 	20090.607975	7212.043004	12878.564971
Total	312261.280194	170373.528039	141887.752155
1976			
 0-4	93785.166989	52236.687272	41548.479718
 5-9	7686.088276	4628.035951	3058.052324
 10-14 	5279.866348	3330.484916	1949.381432
 15-19 	7561.381745	4332.947203	3228.434542
 20-24 	9754.092941	5565.085501	4189.007440
 25-29 	9650.053141	5320.766914	4329.286227
 30-34 	9750.516788	5393.962526	4356.554262
 35-39 	10534.904231	5955.759838	4579.144392
 40-44 	12154.602264	7288.117696	4866.484567
 45-49 	13966.040051	8580.492318	5385.547733
 50-54 	16366.431826	9999.721881	6366.709945
 55-59 	18762.004363	10922.983509	7839.020854
 60-64 	20825.196023	12089.208697	8735.987326
 65-69 	21716.583286	11793.596255	9922.987031
 70-74 	19082.180453	9500.033634	9582.146819
 75-79 	15383.003440	6851.741064	8531.262376
 80+ 	20111.453177	7174.628153	12936.825024
Total	312369.565343	170964.253330	141405.312013
1977			
 0-4	92777.807890	51818.326150	40959.481740
 5-9	7599.758762	4601.606312	2998.152450
 10-14 	5259.132877	3333.483142	1925.649735
 15-19 	7481.621605	4321.816818	3159.804787
 20-24 	9729.009710	5592.041074	4136.968636
 25-29 	9715.448376	5399.032882	4316.415494
 30-34 	9671.131348	5395.962040	4275.169308
 35-39 	10533.761408	5988.869324	4544.892083
 40-44 	12108.986830	7262.926513	4846.060317
 45-49 	14031.243868	8624.296970	5406.946898
 50-54 	16488.800743	10156.177912	6332.622831
 55-59 	18703.054187	10921.581078	7781.473109
 60-64 	21091.108618	12272.491845	8818.616773
 65-69 	21737.697177	11887.517460	9850.179717
 70-74 	19457.854455	9687.244773	9770.609682
 75-79 	15305.236819	6790.840992	8514.395827
 80+ 	20144.177423	7140.696784	13003.480638
Total	311835.832096	171194.912069	140640.920027
1978			
 0-4	91368.986048	51151.541737	40217.444311
 5-9	7448.988611	4535.696244	2913.292367
 10-14 	5211.669875	3318.642689	1893.027186
 15-19 	7351.916896	4282.970674	3068.946222
 20-24 	9621.703858	5574.608397	4047.095461
 25-29 	9737.123339	5453.768811	4283.354528
 30-34 	9536.356612	5366.198586	4170.158026
 35-39 	10487.277173	6000.842181	4486.434992
 40-44 	12001.301499	7202.137145	4799.164354
 45-49 	14030.255100	8615.816359	5414.438741
 50-54 	16594.999368	10303.612954	6291.386414
 55-59 	18569.399496	10886.247073	7683.152423
 60-64 	21336.311212	12433.432625	8902.878587
 65-69 	21687.616000	11955.841281	9731.774719
 70-74 	19838.976865	9883.363177	9955.613688
 75-79 	15252.813154	6747.679949	8505.133205
 80+ 	20179.238516	7106.346131	13072.892384
Total	310254.933622	170818.746015	139436.187607
1979			
 0-4	89571.776343	50240.999096	39330.777247
 5-9	7235.269843	4431.636046	2803.633797
 10-14 	5131.591789	3280.805087	1850.786702
 15-19 	7182.166166	4220.374538	2961.791628
 20-24 	9437.718092	5515.095794	3922.622298
 25-29 	9685.587113	5468.140473	4217.446639
 30-34 	9379.524281	5322.013296	4057.510985
 35-39 	10379.285976	5979.885040	4399.400936
 40-44 	11853.835867	7121.600850	4732.235018
 45-49 	13961.812058	8563.253212	5398.558846
 50-54 	16651.447120	10405.501688	6245.945431
 55-59 	18432.764398	10863.586617	7569.177781
 60-64 	21482.132580	12538.293328	8943.839252
 65-69 	21660.294916	12031.583573	9628.711342
 70-74 	20127.896164	10047.853229	10080.042935
 75-79 	15282.387027	6750.160459	8532.226568
 80+ 	20210.505792	7068.388653	13142.117139
Total	307665.995523	169849.170978	137816.824545
1980			
 0-4	87589.772847	49213.281410	38376.491437
 5-9	7002.844272	4317.566828	2685.277444
 10-14 	5015.579565	3217.128291	1798.451274
 15-19 	7005.045655	4150.681986	2854.363669
 20-24 	9215.354469	5435.419652	3779.934817
 25-29 	9577.617738	5451.929622	4125.688116
 30-34 	9248.726318	5290.399350	3958.326968
 35-39 	10233.671544	5938.908885	4294.762658
 40-44 	11711.343427	7051.122513	4660.220914
 45-49 	13857.838234	8493.311040	5364.527194
 50-54 	16668.374983	10461.548658	6206.826325
 55-59 	18361.639373	10895.241949	7466.397424
 60-64 	21517.820101	12589.499081	8928.321020
 65-69 	21728.936341	12143.856753	9585.079588
 70-74 	20303.380524	10175.758539	10127.621985
 75-79 	15425.961573	6813.065903	8612.895671
 80+ 	20252.730934	7033.857375	13218.873559
Total	304716.637898	168672.577834	136044.060064
1981			
 0-4	85577.617642	48162.089559	37415.528083
 5-9	6758.805646	4190.090498	2568.715148
 10-14 	4894.595211	3154.603152	1739.992059
 15-19 	6839.464730	4085.865303	2753.599427
 20-24 	8984.535623	5350.264451	3634.271172
 25-29 	9448.697035	5423.905227	4024.791808
 30-34 	9161.134717	5282.188356	3878.946361
 35-39 	10079.545764	5894.131599	4185.414165
 40-44 	11599.028046	7006.712943	4592.315103
 45-49 	13745.062654	8421.990999	5323.071655
 50-54 	16679.432970	10495.473835	6183.959134
 55-59 	18367.336233	10986.324160	7381.012073
 60-64 	21486.971091	12610.751415	8876.219676
 65-69 	21897.177625	12295.145450	9602.032176
 70-74 	20408.062326	10288.689041	10119.373284
 75-79 	15675.654220	6929.495802	8746.158418
 80+ 	20324.983344	7012.004045	13312.979299
Total	301928.104876	167589.725833	134338.379043
1982			
 0-4	83647.772648	47160.661707	36487.110941
 5-9	6525.899011	4067.583159	2458.315852
 10-14 	4781.906075	3097.488022	1684.418054
 15-19 	6702.650184	4035.038605	2667.611579
 20-24 	8766.953207	5270.398858	3496.554349
 25-29 	9319.648093	5393.739556	3925.908537
 30-34 	9131.192604	5304.534426	3826.658178
 35-39 	9929.561552	5851.601836	4077.959716
 40-44 	11538.954111	7001.272947	4537.681164
 45-49 	13639.996852	8358.111179	5281.885673
 50-54 	16706.835111	10520.649871	6186.185240
 55-59 	18467.068557	11147.080107	7319.988449
 60-64 	21406.437621	12609.138962	8797.298659
 65-69 	22185.691557	12493.043415	9692.648141
 70-74 	20454.588864	10394.109231	10060.479634
 75-79 	16039.443832	7097.626739	8941.817093
 80+ 	20435.073626	7005.153218	13429.920409
Total	299679.673506	166807.231838	132872.441668
1983			
 0-4	81688.735289	46149.662842	35539.072447
 5-9	6305.632639	3953.358233	2352.274406
 10-14 	4667.794391	3040.980147	1626.814244
 15-19 	6586.390952	3993.959179	2592.431773
 20-24 	8557.964850	5193.628775	3364.336075
 25-29 	9179.819859	5356.266120	3823.553738
 30-34 	9123.419392	5338.453039	3784.966353
 35-39 	9789.954303	5813.867126	3976.087177
 40-44 	11502.899204	7016.599381	4486.299823
 45-49 	13541.321578	8302.871700	5238.449878
 50-54 	16729.850349	10530.701729	6199.148620
 55-59 	18621.114783	11342.035604	7279.079179
 60-64 	21315.993601	12613.222783	8702.770818
 65-69 	22524.024045	12705.583473	9818.440572
 70-74 	20496.345622	10508.581950	9987.763672
 75-79 	16445.614955	7288.805181	9156.809774
 80+ 	20605.473874	7023.579237	13581.894637
Total	297682.349687	166172.156501	131510.193186
1984			
 0-4	79568.558229	45047.918059	34520.640171
 5-9	6085.385617	3838.301212	2247.084405
 10-14 	4544.239141	2979.315734	1564.923408
 15-19 	6467.629851	3949.169008	2518.460843
 20-24 	8347.148139	5112.207568	3234.940571
 25-29 	9009.885482	5299.960941	3709.924541
 30-34 	9086.688200	5353.189021	3733.499179
 35-39 	9666.670433	5781.329858	3885.340575
 40-44 	11443.770139	7019.265408	4424.504731
 45-49 	13442.724833	8252.191073	5190.533759
 50-54 	16716.898707	10513.701955	6203.196752
 55-59 	18765.067814	11513.650860	7251.416954
 60-64 	21269.839748	12658.428666	8611.411082
 65-69 	22805.655199	12885.494462	9920.160737
 70-74 	20605.452120	10650.483869	9954.968251
 75-79 	16800.811953	7467.894955	9332.916998
 80+ 	20871.793786	7079.393646	13792.400140
Total	295498.219392	165401.896294	130096.323098
1985			
 0-4	77348.867296	43879.281363	33469.585934
 5-9	5877.192979	3729.031527	2148.161452
 10-14 	4431.305956	2926.569129	1504.736827
 15-19 	6335.015423	3890.211877	2444.803546
 20-24 	8150.635666	5033.568537	3117.067129
 25-29 	8819.194056	5227.990184	3591.203872
 30-34 	9009.713085	5340.655054	3669.058032
 35-39 	9579.049381	5763.647778	3815.401603
 40-44 	11356.002838	7000.507572	4355.495265
 45-49 	13356.569679	8210.993403	5145.576277
 50-54 	16666.700740	10471.276029	6195.424711
 55-59 	18877.291686	11635.107618	7242.184068
 60-64 	21315.363521	12770.105846	8545.257675
 65-69 	22990.887326	13016.261096	9974.626230
 70-74 	20827.392811	10829.527104	9997.865707
 75-79 	17069.558433	7621.367278	9448.191154
 80+ 	21256.858079	7178.011371	14078.846708
Total	293267.598956	164524.112766	128743.486190
1986			
 0-4	75120.335703	42691.768850	32428.566852
 5-9	5685.951650	3627.561843	2058.389807
 10-14 	4318.496070	2867.791271	1450.704799
 15-19 	6207.462569	3835.526430	2371.936139
 20-24 	7979.769641	4962.294448	3017.475193
 25-29 	8623.280900	5146.505249	3476.775651
 30-34 	8911.068193	5308.309930	3602.758263
 35-39 	9531.759186	5761.431938	3770.327248
 40-44 	11250.441466	6964.763486	4285.677981
 45-49 	13292.294384	8182.727405	5109.566980
 50-54 	16588.449492	10405.725626	6182.723866
 55-59 	18971.722803	11715.169643	7256.553160
 60-64 	21445.462852	12939.124926	8506.337927
 65-69 	23110.350046	13113.214911	9997.135135
 70-74 	21152.598654	11041.144625	10111.454028
 75-79 	17279.810517	7760.972996	9518.837521
 80+ 	21752.851459	7314.581999	14438.269459
Total	291222.105588	163638.615577	127583.490012
1987			
 0-4	72989.615886	41540.727751	31448.888135
 5-9	5516.714360	3536.111186	1980.603173
 10-14 	4212.738280	2811.520548	1401.217732
 15-19 	6091.004337	3785.879736	2305.124601
 20-24 	7847.276209	4907.466074	2939.810134
 25-29 	8440.335893	5064.739802	3375.596091
 30-34 	8811.539341	5266.544523	3544.994819
 35-39 	9542.147155	5784.812374	3757.334781
 40-44 	11140.729387	6919.526990	4221.202397
 45-49 	13275.372914	8183.849496	5091.523418
 50-54 	16504.381019	10331.785917	6172.595102
 55-59 	19072.612278	11769.198006	7303.414271
 60-64 	21672.346757	13172.819507	8499.527250
 65-69 	23175.602559	13181.056083	9994.546476
 70-74 	21599.216356	11293.831359	10305.384997
 75-79 	17444.566675	7896.382315	9548.184360
 80+ 	22357.130907	7486.463090	14870.667817
Total	289693.330313	162932.714759	126760.615553
1988			
 0-4	70878.617471	40383.588638	30495.028833
 5-9	5363.945908	3452.517841	1911.428067
 10-14 	4117.874608	2759.605640	1358.268968
 15-19 	5981.880668	3738.543722	2243.336946
 20-24 	7759.120495	4875.068609	2884.051886
 25-29 	8286.336887	4997.000583	3289.336304
 30-34 	8721.661703	5226.314266	3495.347437
 35-39 	9599.786800	5832.788391	3766.998409
 40-44 	11063.090080	6890.607413	4172.482667
 45-49 	13314.992722	8223.562570	5091.430152
 50-54 	16465.086255	10289.494751	6175.591505
 55-59 	19207.415008	11829.046608	7378.368401
 60-64 	21985.388604	13458.380668	8527.007935
 65-69 	23242.670042	13259.051483	9983.618559
 70-74 	22106.763288	11563.759823	10543.003465
 75-79 	17618.194040	8043.631695	9574.562345
 80+ 	23036.677436	7685.747485	15350.929951
Total	288749.502008	162508.710176	126240.791832
1989			
 0-4	68725.473840	39191.721901	29533.751939
 5-9	5217.049059	3370.570719	1846.478340
 10-14 	4031.329647	2713.236380	1318.093267
 15-19 	5881.194350	3697.386165	2183.808185
 20-24 	7704.468374	4859.930133	2844.538241
 25-29 	8176.996596	4955.277361	3221.719235
 30-34 	8647.220476	5196.660094	3450.560382
 35-39 	9678.988130	5894.907122	3784.081008
 40-44 	11059.021573	6907.873472	4151.148102
 45-49 	13399.600725	8297.789276	5101.811450
 50-54 	16509.094687	10311.811849	6197.282837
 55-59 	19380.168255	11914.162854	7466.005401
 60-64 	22347.790695	13759.406187	8588.384508
 65-69 	23394.996184	13405.295529	9989.700656
 70-74 	22584.129249	11817.732306	10766.396943
 75-79 	17874.366130	8222.671509	9651.694621
 80+ 	23732.601945	7899.946675	15832.655270
Total	288344.489918	162416.379520	125928.110398
1990			
 0-4	66767.135210	38091.022660	28676.112550
 5-9	5075.986243	3291.023629	1784.962614
 10-14 	3956.753830	2672.927026	1283.826805
 15-19 	5811.181301	3676.744473	2134.436828
 20-24 	7669.970449	4848.204009	2821.766440
 25-29 	8144.835891	4953.054173	3191.781719
 30-34 	8622.054804	5192.814605	3429.240199
 35-39 	9793.198773	5972.293204	3820.905570
 40-44 	11170.910917	6992.723290	4178.187627
 45-49 	13547.217847	8414.571208	5132.646639
 50-54 	16703.128108	10444.386755	6258.741352
 55-59 	19652.916869	12073.930906	7578.985963
 60-64 	22811.484314	14103.484752	8707.999562
 65-69 	23763.085214	13709.313453	10053.771761
 70-74 	23042.960220	12085.080624	10957.879596
 75-79 	18275.208090	8462.586690	9812.621400
 80+ 	24427.176281	8134.710231	16292.466050
Total	289235.204457	163118.871740	126116.332717
1991			
 0-4	65264.421194	37224.792087	28039.629107
 5-9	4941.239670	3213.327331	1727.912338
 10-14 	3893.946513	2639.114736	1254.831777
 15-19 	5752.820120	3652.236931	2100.583189
 20-24 	7687.222587	4864.590692	2822.631895
 25-29 	8217.230125	5001.027265	3216.202859
 30-34 	8674.739672	5226.709765	3448.029907
 35-39 	9983.266985	6083.300605	3899.966380
 40-44 	11421.207497	7150.811393	4270.396104
 45-49 	13780.881434	8579.842163	5201.039272
 50-54 	17076.270381	10698.987522	6377.282859
 55-59 	20068.799032	12331.067985	7737.731046
 60-64 	23433.992260	14531.354791	8902.637470
 65-69 	24374.059194	14189.734926	10184.324269
 70-74 	23539.737085	12401.867311	11137.869774
 75-79 	18820.001817	8771.339204	10048.662613
 80+ 	25137.422962	8401.394451	16736.028511
Total	292067.258515	164961.499185	127105.759329
1992			
 0-4	64441.987092	36711.642244	27730.344847
 5-9	4809.316213	3135.243381	1674.072831
 10-14 	3838.036956	2608.887526	1229.149431
 15-19 	5707.362931	3630.063177	2077.299754
 20-24 	7770.699345	4907.366869	2863.332475
 25-29 	8426.377375	5111.456425	3314.920951
 30-34 	8836.286742	5313.358842	3522.927900
 35-39 	10289.622354	6248.502532	4041.119822
 40-44 	11841.956531	7396.006435	4445.950096
 45-49 	14104.349702	8783.686130	5320.663571
 50-54 	17619.062636	11053.170891	6565.891746
 55-59 	20587.037551	12643.001101	7944.036450
 60-64 	24169.167445	14999.085303	9170.082141
 65-69 	25164.965212	14796.911664	10368.053548
 70-74 	24032.765024	12731.485610	11301.279414
 75-79 	19495.750760	9133.123344	10362.627415
 80+ 	25859.549031	8691.916559	17167.632473
Total	296994.292714	167894.907932	129099.384782
1993			
 0-4	64423.383586	36600.850954	27822.532632
 5-9	4686.479907	3059.108260	1627.371647
 10-14 	3791.296198	2581.724612	1209.571586
 15-19 	5694.539190	3617.214568	2077.324622
 20-24 	7951.933450	4983.129438	2968.804012
 25-29 	8845.958553	5311.793243	3534.165310
 30-34 	9183.834108	5486.466718	3697.367390
 35-39 	10808.400767	6511.229405	4297.171362
 40-44 	12492.092380	7746.321666	4745.770714
 45-49 	14609.382936	9057.649958	5551.732978
 50-54 	18352.724782	11489.725638	6862.999145
 55-59 	21243.759594	13008.250518	8235.509076
 60-64 	25002.614609	15484.172781	9518.441828
 65-69 	26074.897266	15462.873566	10612.023700
 70-74 	24540.957822	13078.220556	11462.737266
 75-79 	20223.377735	9509.810145	10713.567590
 80+ 	26565.851596	8992.846304	17573.005293
Total	304491.483710	171981.388268	132510.095443
1994			
 0-4	65110.718691	36834.942695	28275.775996
 5-9	4572.057809	2983.809684	1588.248125
 10-14 	3749.651693	2555.728619	1193.923074
 15-19 	5723.219775	3617.124469	2106.095306
 20-24 	8272.000257	5110.513335	3161.486922
 25-29 	9566.704127	5637.595724	3929.108403
 30-34 	9825.139007	5796.480007	4028.659000
 35-39 	11680.286129	6936.108307	4744.177822
 40-44 	13458.188422	8230.446372	5227.742050
 45-49 	15454.584439	9466.571554	5988.012885
 50-54 	19333.708710	12006.616956	7327.091755
 55-59 	22116.742983	13450.943406	8665.799577
 60-64 	25927.866954	15974.142032	9953.724922
 65-69 	27013.235593	16096.319239	10916.916354
 70-74 	25075.764940	13443.596769	11632.168171
 75-79 	20855.981890	9842.784952	11013.196938
 80+ 	27174.992670	9284.363790	17890.628880
Total	314910.844729	177268.088230	137642.756499
1995			
 0-4	66322.223624	37325.077109	28997.146515
 5-9	4461.938406	2909.728631	1552.209774
 10-14 	3703.629391	2525.895697	1177.733694
 15-19 	5785.175334	3627.016438	2158.158896
 20-24 	8775.782029	5310.401445	3465.380583
 25-29 	10680.333013	6118.485811	4561.847202
 30-34 	10897.687720	6309.957907	4587.729813
 35-39 	13080.346289	7608.001355	5472.344934
 40-44 	14855.315107	8899.155813	5956.159294
 45-49 	16778.765427	10071.642597	6707.122830
 50-54 	20588.036733	12593.417357	7994.619375
 55-59 	23227.238201	13971.092696	9256.145506
 60-64 	26921.532011	16454.586772	10466.945239
 65-69 	27923.161931	16645.064751	11278.097180
 70-74 	25619.087032	13821.308190	11797.778842
 75-79 	21262.243835	10088.445545	11173.798290
 80+ 	27519.286648	9533.407789	17985.878859
Total	328401.780917	183812.684642	144589.096275
1996			
 0-4	67937.895830	38035.112748	29902.783082
 5-9	4359.636140	2838.408181	1521.227959
 10-14 	3644.339616	2489.836531	1154.503085
 15-19 	5865.371934	3641.127299	2224.244635
 20-24 	9446.171282	5553.575930	3892.595351
 25-29 	12341.207542	6837.614916	5503.592626
 30-34 	12575.185367	7109.804485	5465.380881
 35-39 	15221.512742	8626.046928	6595.465813
 40-44 	16885.450528	9843.338173	7042.112355
 45-49 	18761.720336	10952.144759	7809.575577
 50-54 	22222.766773	13296.272114	8926.494659
 55-59 	24623.088692	14588.072291	10035.016402
 60-64 	28001.946419	16935.353835	11066.592584
 65-69 	28830.035521	17128.134241	11701.901279
 70-74 	26156.428926	14203.241981	11953.186945
 75-79 	21454.162281	10252.889053	11201.273229
 80+ 	27544.638290	9725.033327	17819.604963
Total	345871.556744	192056.006848	153815.549896
1997			
 0-4	69818.416976	38917.934596	30900.482380
 5-9	4286.184289	2784.178910	1502.005379
 10-14 	3569.733203	2444.799204	1124.933999
 15-19 	5938.961534	3651.924048	2287.037485
 20-24 	10249.124416	5833.002160	4416.122256
 25-29 	14672.831381	7833.820685	6839.010696
 30-34 	15042.975531	8281.140727	6761.834804
 35-39 	18293.620095	10079.113728	8214.506367
 40-44 	19743.577523	11146.963171	8596.614352
 45-49 	21619.113791	12203.445103	9415.668688
 50-54 	24364.376824	14173.993626	10190.383198
 55-59 	26411.834899	15359.384767	11052.450132
 60-64 	29228.623385	17455.764966	11772.858419
 65-69 	29798.430871	17592.127918	12206.302952
 70-74 	26743.458338	14620.980992	12122.477346
 75-79 	21505.405458	10358.389222	11147.016236
 80+ 	27428.903733	9898.254400	17530.649333
Total	368715.574566	202635.219284	166080.355281
1998			
 0-4	71534.028125	39817.257732	31716.770393
 5-9	4231.318844	2746.598389	1484.720455
 10-14 	3451.105540	2380.075831	1071.029710
 15-19 	5935.191885	3635.437842	2299.754044
 20-24 	11080.646019	6107.818093	4972.827926
 25-29 	17678.510273	9091.405574	8587.104699
 30-34 	18425.765030	9876.147820	8549.617210
 35-39 	22369.151156	12014.155203	10354.995953
 40-44 	23455.829554	12832.371007	10623.458547
 45-49 	25335.931758	13826.883710	11509.048048
 50-54 	26971.176635	15226.613885	11744.562750
 55-59 	28472.711399	16245.102938	12227.608461
 60-64 	30533.760937	18015.851588	12517.909349
 65-69 	30798.255358	18065.958879	12732.296479
 70-74 	27400.374782	15090.018629	12310.356153
 75-79 	21593.005416	10502.314938	11090.690478
 80+ 	27359.506633	10095.856224	17263.650409
Total	396626.276676	215569.872116	181056.404561
1999			
 0-4	73043.473983	40710.988047	32332.485936
 5-9	4232.760712	2742.850070	1489.910642
 10-14 	3303.586832	2302.939658	1000.647174
 15-19 	5845.945178	3589.832455	2256.112723
 20-24 	11887.673141	6354.630949	5533.042192
 25-29 	21372.580661	10586.976736	10785.603925
 30-34 	22845.581535	11915.365476	10930.216058
 35-39 	27517.662107	14466.640209	13051.021898
 40-44 	28010.312830	14904.803567	13105.509263
 45-49 	29814.970364	15784.865828	14030.104536
 50-54 	30035.966041	16471.853565	13564.112476
 55-59 	30698.518629	17199.704627	13498.814001
 60-64 	31933.876993	18643.333960	13290.543033
 65-69 	31873.244035	18598.482561	13274.761474
 70-74 	28236.975493	15640.630371	12596.345122
 75-79 	22042.247592	10824.441124	11217.806468
 80+ 	27630.449801	10392.401950	17238.047852
Total	430325.818099	231130.742198	199195.075901
2000			
 0-4	74759.565671	41747.900232	33011.665439
 5-9	4356.159963	2803.076110	1553.083854
 10-14 	3176.183079	2235.363643	940.819436
 15-19 	5725.913498	3538.518272	2187.395226
 20-24 	12682.229806	6586.154478	6096.075329
 25-29 	25812.364294	12320.437522	13491.926772
 30-34 	28318.409771	14342.515703	13975.894069
 35-39 	33794.932356	17444.487793	16350.444563
 40-44 	33381.477321	17355.180710	16026.296611
 45-49 	34974.720529	18035.774550	16938.945979
 50-54 	33623.372479	17946.772941	15676.599538
 55-59 	33113.062468	18220.899585	14892.162883
 60-64 	33555.419964	19385.226839	14170.193125
 65-69 	33142.595639	19232.380775	13910.214864
 70-74 	29405.378822	16312.586386	13092.792436
 75-79 	23125.259484	11437.054474	11688.205010
 80+ 	28585.069541	10878.069446	17707.000095
Total	471532.105603	249822.398121	221709.707482
2001			
 0-4	76896.291433	42981.265592	33915.025841
 5-9	4641.130861	2945.490832	1695.640029
 10-14 	3117.485711	2202.364331	915.121380
 15-19 	5630.864245	3505.005770	2125.858475
 20-24 	13451.589755	6809.943905	6641.645849
 25-29 	30792.730077	14140.793637	16651.936439
 30-34 	34777.107810	17135.045753	17642.062057
 35-39 	41094.894568	20885.913438	20208.981130
 40-44 	39348.068796	20101.842488	19246.226307
 45-49 	40615.468756	20503.052818	20112.415938
 50-54 	37639.787434	19619.679577	18020.107857
 55-59 	35693.008594	19294.406646	16398.601948
 60-64 	35480.223168	20264.464376	15215.758792
 65-69 	34671.884026	19966.300863	14705.583163
 70-74 	30984.442129	17129.207417	13855.234713
 75-79 	24829.112694	12315.775643	12513.337051
 80+ 	30459.942147	11632.728841	18827.213306
Total	520124.021915	271433.267331	248690.754585
2002			
 0-4	79595.860888	44438.715694	35157.145194
 5-9	5099.962759	3175.960913	1924.001846
 10-14 	3173.138752	2227.726780	945.411972
 15-19 	5610.075793	3509.164060	2100.911733
 20-24 	14179.385337	7036.664970	7142.720366
 25-29 	35986.283261	15950.046476	20036.236785
 30-34 	41967.872141	20139.559260	21828.312881
 35-39 	49219.533679	24678.073595	24541.460085
 40-44 	45648.176052	23035.986495	22612.189557
 45-49 	46523.748564	23087.075993	23436.672570
 50-54 	42041.520865	21476.158462	20565.362403
 55-59 	38393.538353	20383.784496	18009.753857
 60-64 	37799.281265	21306.784136	16492.497129
 65-69 	36494.320106	20782.490207	15711.829899
 70-74 	32987.656072	18075.418005	14912.238067
 75-79 	26991.770241	13362.477006	13629.293235
 80+ 	33318.816493	12667.794396	20651.022097
Total	575030.945486	295333.876530	279697.068956
2003			
 0-4	82449.805973	45973.968901	36475.837072
 5-9	5729.801210	3502.687963	2227.113247
 10-14 	3381.524720	2338.482387	1043.042334
 15-19 	5708.864800	3582.275254	2126.589545
 20-24 	14863.852882	7299.574371	7564.278512
 25-29 	41040.398887	17662.821028	23377.577859
 30-34 	49417.874983	23171.947874	26245.927109
 35-39 	57839.837486	28655.980044	29183.857442
 40-44 	51998.092936	26041.772580	25956.320356
 45-49 	52460.460209	25699.455684	26761.004525
 50-54 	46700.716710	23480.258468	23220.458242
 55-59 	41236.555586	21524.870830	19711.684755
 60-64 	40509.786162	22517.587226	17992.198936
 65-69 	38627.183864	21699.032789	16928.151075
 70-74 	35350.279390	19132.380816	16217.898573
 75-79 	29405.908439	14474.914126	14930.994313
 80+ 	37183.017766	14004.742553	23178.275213
Total	633903.985677	320762.761884	313141.223793
2004			
 0-4	84980.714794	47402.119576	37578.595217
 5-9	6470.794721	3899.866012	2570.928709
 10-14 	3737.502988	2534.287201	1203.215786
 15-19 	5896.643864	3708.957578	2187.686285
 20-24 	15432.635710	7579.670756	7852.964953
 25-29 	45276.658626	19087.493925	26189.164701
 30-34 	56165.596986	25878.750424	30286.846563
 35-39 	65935.312575	32354.135657	33581.176918
 40-44 	57648.572924	28795.556749	28853.016175
 45-49 	57624.943278	28037.039797	29587.903481
 50-54 	50920.135232	25364.818589	25555.316643
 55-59 	43933.362306	22648.280599	21285.081708
 60-64 	43245.907662	23753.846181	19492.061481
 65-69 	40877.355694	22663.981781	18213.373913
 70-74 	37832.981089	20221.066210	17611.914879
 75-79 	31839.154443	15559.354343	16279.800100
 80+ 	42013.776794	15673.086446	26340.690348
Total	689832.056842	345162.323836	344669.733006
2005			
 0-4	86625.512237	48397.233579	38228.278658
 5-9	7221.191743	4309.673190	2911.518553
 10-14 	4202.642482	2790.052772	1412.589710
 15-19 	6124.676744	3857.910262	2266.766483
 20-24 	15779.608600	7828.123798	7951.484802
 25-29 	47451.253692	19906.053247	27545.200445
 30-34 	60382.985963	27717.595307	32665.390656
 35-39 	71240.140730	34863.741390	36376.399340
 40-44 	61083.990242	30701.569652	30382.420590
 45-49 	60396.624915	29530.700840	30865.924075
 50-54 	53330.733765	26644.730903	26686.002862
 55-59 	45760.538199	23535.409611	22225.128589
 60-64 	45369.176394	24772.297339	20596.879055
 65-69 	42915.560896	23560.633228	19354.927669
 70-74 	40135.659781	21220.036978	18915.622803
 75-79 	34151.726955	16567.670008	17584.056947
 80+ 	47760.444749	17678.438655	30082.006094
Total	729932.487359	363881.863937	366050.623422
2006			
 0-4	86544.406730	48488.507169	38055.899561
 5-9	7809.062214	4637.080604	3171.981610
 10-14 	4686.095856	3051.569165	1634.526692
 15-19 	6339.032750	3992.011125	2347.021624
 20-24 	15906.517406	8000.619774	7905.897633
 25-29 	48214.016468	20250.630618	27963.385850
 30-34 	62733.426689	28718.744719	34014.681970
 35-39 	74701.651791	36558.988749	38142.663042
 40-44 	63187.312932	31972.880352	31214.432580
 45-49 	61648.160009	30365.814036	31282.345973
 50-54 	54600.329412	27427.197056	27173.132356
 55-59 	47065.952143	24226.923108	22839.029035
 60-64 	46930.964695	25525.589947	21405.374748
 65-69 	44737.496931	24364.389884	20373.107047
 70-74 	42108.400739	22040.170134	20068.230605
 75-79 	36287.411835	17483.367096	18804.044739
 80+ 	54065.671581	19892.256654	34173.414928
Total	757565.919155	376996.740756	380569.178399
2007			
 0-4	83949.239695	47225.283444	36723.956251
 5-9	8242.193637	4877.249585	3364.944052
 10-14 	5132.699917	3283.629009	1849.070909
 15-19 	6473.821704	4072.512033	2401.309671
 20-24 	15721.313768	8028.163774	7693.149994
 25-29 	46735.989186	19879.278941	26856.710246
 30-34 	61820.242630	28472.913702	33347.328928
 35-39 	74681.959603	36768.139569	37913.820034
 40-44 	62690.659463	32109.870356	30580.789107
 45-49 	60143.262025	30087.390181	30055.871843
 50-54 	53812.828465	27373.121906	26439.706559
 55-59 	47269.758756	24527.060511	22742.698245
 60-64 	47411.098814	25814.642256	21596.456558
 65-69 	46053.455887	24978.940068	21074.515820
 70-74 	43419.265581	22543.438425	20875.827156
 75-79 	38021.831587	18224.933676	19796.897910
 80+ 	60179.351265	22035.999283	38143.351981
Total	761758.974018	380302.582325	381456.391693
2008			
 0-4	80095.110086	45203.592183	34891.517904
 5-9	8436.931771	4974.416453	3462.515318
 10-14 	5479.870802	3448.918657	2030.952145
 15-19 	6513.808810	4085.901701	2427.907110
 20-24 	15285.502260	7886.863450	7398.638810
 25-29 	45044.648723	19341.227606	25703.421118
 30-34 	60728.890481	28036.450219	32692.440262
 35-39 	74613.153978	36809.205696	37803.948283
 40-44 	62393.390225	32204.361828	30189.028397
 45-49 	58631.682592	29683.605022	28948.077570
 50-54 	52879.052224	27107.609805	25771.442419
 55-59 	47375.674038	24708.233219	22667.440819
 60-64 	47456.967269	25835.392829	21621.574440
 65-69 	47093.165438	25456.594239	21636.571199
 70-74 	44202.332337	22778.511830	21423.820507
 75-79 	39351.412870	18775.196058	20576.216812
 80+ 	65407.679254	23833.491433	41574.187820
Total	760989.256421	380169.575858	380819.680563
2009			
 0-4	74302.096348	42079.702650	32222.393697
 5-9	9007.087375	5238.908440	3768.178935
 10-14 	6083.599519	3731.838004	2351.761515
 15-19 	6578.393090	4091.702010	2486.691080
 20-24 	14823.624283	7649.249160	7174.375123
 25-29 	45746.653362	19397.505341	26349.148021
 30-34 	63999.765241	28988.479911	35011.285330
 35-39 	79744.745105	38733.968478	41010.776627
 40-44 	66371.222250	33906.188772	32465.033478
 45-49 	60954.234576	30664.411449	30289.823127
 50-54 	54632.714468	27680.301725	26952.412743
 55-59 	48973.924261	25286.505054	23687.419207
 60-64 	48252.397945	26023.550734	22228.847211
 65-69 	48389.070371	25961.742691	22427.327680
 70-74 	44913.971827	22930.667956	21983.303871
 75-79 	40403.307334	19153.624101	21249.683233
 80+ 	69286.184966	25080.179335	44206.005631
Total	782463.001953	386598.520535	395864.481418
2010			
 0-4	65452.249316	37331.654664	28120.594652
 5-9	8752.527684	5073.557038	3678.970646
 10-14 	6284.633886	3809.271765	2475.362121
 15-19 	6715.088746	4127.902662	2587.186084
 20-24 	14276.118772	7343.615980	6932.502792
 25-29 	45685.520788	19210.987669	26474.533119
 30-34 	66732.923916	29755.981970	36976.941946
 35-39 	84133.205744	40439.784619	43693.421125
 40-44 	69458.548513	35248.397931	34210.150582
 45-49 	62419.197307	31466.093997	30953.103310
 50-54 	55722.459131	28078.651173	27643.807958
 55-59 	50103.014597	25697.732151	24405.282446
 60-64 	48869.139004	26183.396718	22685.742286
 65-69 	49339.945873	26308.698544	23031.247329
 70-74 	45331.987019	22943.840848	22388.146171
 75-79 	40793.181003	19202.261885	21590.919118
 80+ 	70941.164091	25464.847072	45476.317019
Total	791010.901025	387686.677503	403324.223522
2011			
 0-4	61285.361527	34898.953448	26386.408080
 5-9	8448.436421	4867.815735	3580.620686
 10-14 	6468.515674	3879.631238	2588.884436
 15-19 	6764.530331	4138.625272	2625.905059
 20-24 	13458.757385	6973.931788	6484.825597
 25-29 	40279.722232	17503.394702	22776.327531
 30-34 	59897.958136	27364.380685	32533.577451
 35-39 	76486.212258	37546.610231	38939.602027
 40-44 	63148.291045	32927.121446	30221.169600
 45-49 	55767.503590	29202.284323	26565.219267
 50-54 	50689.930341	26379.452007	24310.478334
 55-59 	47520.961804	24913.119477	22607.842328
 60-64 	47539.658035	25805.825154	21733.832881
 65-69 	48937.448993	26204.798491	22732.650502
 70-74 	45196.811401	22794.995614	22401.815787
 75-79 	40438.968899	18915.523073	21523.445826
 80+ 	70987.240065	25223.158055	45764.082010
Total	743316.322824	369539.628848	373776.693976
2012			
 0-4	58210.165279	33055.467502	25154.697777
 5-9	8101.948570	4626.991547	3474.957023
 10-14 	6681.113586	3971.514523	2709.599063
 15-19 	6532.225971	4038.556156	2493.669814
 20-24 	12273.623896	6545.709995	5727.913901
 25-29 	30014.482537	14305.077201	15709.405336
 30-34 	43316.956194	21508.760698	21808.195496
 35-39 	55236.364742	29302.522726	25933.842015
 40-44 	46344.467600	26127.471334	20216.996265
 45-49 	41682.028952	23663.177301	18018.851651
 50-54 	40401.010624	22571.882437	17829.128187
 55-59 	41720.079572	22947.889630	18772.189942
 60-64 	44642.056808	24957.004146	19685.052662
 65-69 	47396.405708	25693.101265	21703.304443
 70-74 	44893.870055	22666.212616	22227.657439
 75-79 	39805.228091	18501.316168	21303.911923
 80+ 	70970.140610	24917.845348	46052.295262
Total	638222.172847	329400.502201	308821.670646
2013			
 0-4	52279.543995	29927.068694	22352.475301
 5-9	6893.814453	3960.178178	2933.636275
 10-14 	6117.252133	3675.929667	2441.322467
 15-19 	6250.273964	3901.531271	2348.742694
 20-24 	11040.257658	6121.136353	4919.121305
 25-29 	22281.042776	11625.177094	10655.865682
 30-34 	30954.931886	16649.644419	14305.287467
 35-39 	38335.134154	22102.316471	16232.817683
 40-44 	33251.083729	20219.023256	13032.060474
 45-49 	32055.662245	19404.850439	12650.811806
 50-54 	33697.199623	19800.231740	13896.967883
 55-59 	38007.020382	21531.084843	16475.935540
 60-64 	43152.876457	24537.146852	18615.729605
 65-69 	46548.163064	25374.513812	21173.649252
 70-74 	45307.483539	22846.792882	22460.690657
 75-79 	39560.455604	18211.406122	21349.049483
 80+ 	71317.387704	24723.761238	46593.626465
Total	557049.586683	294611.791691	262437.794992
2014			
 0-4	52359.811371	29816.261792	22543.549578
 5-9	6347.746550	3617.598125	2730.148425
 10-14 	6253.725621	3730.901657	2522.823965
 15-19 	6132.214249	3819.272441	2312.941808
 20-24 	10092.777433	5722.520926	4370.256508
 25-29 	18491.482861	9811.668535	8679.814326
 30-34 	25425.084043	13721.630916	11703.453127
 35-39 	31057.596693	17655.960735	13401.635958
 40-44 	27779.801304	16719.848747	11059.952557
 45-49 	28030.916393	17015.241091	11015.675302
 50-54 	30858.118974	18308.180352	12549.938621
 55-59 	36546.469980	20758.659629	15787.810350
 60-64 	43002.234227	24485.051719	18517.182508
 65-69 	46506.266578	25303.298866	21202.967712
 70-74 	46253.946098	23223.154559	23030.791539
 75-79 	39743.332575	18085.757424	21657.575151
 80+ 	71967.045119	24630.023551	47337.021568
Total	526848.568170	276425.028939	250423.539231
2015			
 0-4	50994.687499	28974.062389	22020.625110
 5-9	5792.923708	3283.945268	2508.978441
 10-14 	6323.477340	3747.397467	2576.079873
 15-19 	6502.560290	3970.249733	2532.310557
 20-24 	9532.975535	5394.707549	4138.267986
 25-29 	17920.852155	9145.499970	8775.352185
 30-34 	25171.888411	12970.347112	12201.541299
 35-39 	32518.389602	17350.983825	15167.405777
 40-44 	29039.109184	16675.627807	12363.481377
 45-49 	28929.852495	16971.916063	11957.936432
 50-54 	31171.749974	18244.483209	12927.266764
 55-59 	36948.483656	20752.152860	16196.330796
 60-64 	43930.584036	24837.783114	19092.800922
 65-69 	47276.876798	25590.677380	21686.199418
 70-74 	47560.029334	23751.277224	23808.752110
 75-79 	40391.341688	18181.977560	22209.364128
 80+ 	72836.796325	24611.315433	48225.480893
Total	532842.584749	274454.409553	258388.175196
2016			
 0-4	49149.868148	27921.442277	21228.425871
 5-9	5236.734126	2962.189272	2274.544853
 10-14 	6315.176860	3718.661137	2596.515723
 15-19 	6788.223831	4111.408084	2676.815747
 20-24 	9299.931959	5226.676622	4073.255337
 25-29 	18489.047908	9126.959061	9362.088847
 30-34 	27112.267095	13506.393407	13605.873688
 35-39 	36930.741887	18997.316233	17933.425654
 40-44 	32889.865457	18308.915687	14580.949770
 45-49 	31655.222246	18241.025526	13414.196720
 50-54 	32647.548531	18984.624547	13662.923984
 55-59 	37852.624619	21129.919535	16722.705084
 60-64 	45135.813328	25371.523113	19764.290215
 65-69 	48419.687827	26111.145774	22308.542053
 70-74 	48846.666464	24299.676108	24546.990355
 75-79 	41379.193225	18472.893348	22906.299877
 80+ 	73835.046779	24631.719555	49203.327223
Total	551983.654021	281122.485646	270861.168375
2017			
 0-4	48000.517509	27205.120233	20795.397276
 5-9	4824.436122	2712.788103	2111.648019
 10-14 	6144.259934	3600.858149	2543.401785
 15-19 	6815.580143	4136.985869	2678.594274
 20-24 	8905.568273	5034.088505	3871.479769
 25-29 	17422.465465	8569.103465	8853.362000
 30-34 	26327.105527	12997.062285	13330.043242
 35-39 	36374.732800	18571.686079	17803.046720
 40-44 	33232.563135	18369.698584	14862.864551
 45-49 	31523.718153	18275.343836	13248.374317
 50-54 	32328.969535	19045.192566	13283.776970
 55-59 	37321.764861	21033.555504	16288.209357
 60-64 	45386.574111	25563.643766	19822.930345
 65-69 	49269.633971	26582.728937	22686.905034
 70-74 	49612.841296	24643.876791	24968.964505
 75-79 	42486.512082	18873.437273	23613.074809
 80+ 	74856.741187	24642.464522	50214.276665
Total	550833.990472	279857.639443	270976.351029
2018			
 0-4	46650.294476	26366.646801	20283.647675
 5-9	4595.636947	2571.460344	2024.176603
 10-14 	5802.259824	3389.059363	2413.200461
 15-19 	6757.075160	4113.492702	2643.582458
 20-24 	8357.236516	4804.864111	3552.372405
 25-29 	15710.053864	7812.414558	7897.639306
 30-34 	24117.272572	11936.517835	12180.754737
 35-39 	33907.431361	17350.632325	16556.799036
 40-44 	32187.843589	17805.187958	14382.655631
 45-49 	30597.628191	17913.682810	12683.945381
 50-54 	31599.390622	18916.091942	12683.298680
 55-59 	36392.474206	20802.882534	15589.591672
 60-64 	45290.631509	25613.214817	19677.416692
 65-69 	50104.311871	27080.819053	23023.492818
 70-74 	50164.601524	24900.503405	25264.098118
 75-79 	43766.896785	19383.334991	24383.561794
 80+ 	75989.268575	24684.983127	51304.285448
Total	541990.321921	275445.791433	266544.530487
2019			
 0-4	45267.191744	25509.955354	19757.236390
 5-9	4526.416009	2518.846713	2007.569296
 10-14 	5317.039448	3100.111420	2216.928027
 15-19 	6740.006518	4102.981309	2637.025209
 20-24 	7894.880998	4614.901040	3279.979958
 25-29 	14311.705395	7197.090324	7114.615071
 30-34 	22195.988964	11006.098741	11189.890223
 35-39 	32062.684171	16417.725185	15644.958986
 40-44 	31670.336471	17495.109910	14175.226561
 45-49 	30307.050692	17839.254847	12467.795846
 50-54 	31366.017855	18984.171346	12381.846509
 55-59 	35757.324772	20710.362998	15046.961774
 60-64 	45232.955381	25675.009550	19557.945831
 65-69 	50999.702639	27606.810017	23392.892622
 70-74 	50797.046997	25203.486497	25593.560499
 75-79 	45158.260180	19955.737400	25202.522780
 80+ 	77353.385071	24817.022524	52536.362547
Total	536957.998279	272754.676742	264203.321537
2020			
 0-4	43990.256458	24714.992491	19275.263967
 5-9	4433.454590	2479.505322	1953.949268
 10-14 	4797.516036	2789.663234	2007.852802
 15-19 	6798.219405	4116.972925	2681.246480
 20-24 	7590.223324	4491.471150	3098.752175
 25-29 	13328.404894	6743.406072	6584.998822
 30-34 	20769.185829	10266.166308	10503.019521
 35-39 	31052.821466	15817.800963	15235.020503
 40-44 	31824.884351	17472.557554	14352.326797
 45-49 	30729.548976	18095.969161	12633.579815
 50-54 	31508.939597	19168.184686	12340.754911
 55-59 	35467.010951	20777.504159	14689.506792
 60-64 	45203.158857	25756.187471	19446.971386
 65-69 	51854.693376	28099.951046	23754.742330
 70-74 	51631.831878	25613.800889	26018.030990
 75-79 	46531.784049	20525.067440	26006.716609
 80+ 	79039.898037	25079.146757	53960.751280
Total	536551.832069	272008.346985	264543.485084
2021			
 0-4	42677.272182	23909.946377	18767.325806
 5-9	4377.943109	2473.112418	1904.830692
 10-14 	4300.059904	2495.375062	1804.684842
 15-19 	6828.204248	4106.848061	2721.356187
 20-24 	7426.927065	4426.483080	3000.443985
 25-29 	12607.753105	6400.431209	6207.321896
 30-34 	19632.958124	9650.511807	9982.446316
 35-39 	30328.888336	15332.030670	14996.857666
 40-44 	32214.384883	17547.894574	14666.490310
 45-49 	31456.717250	18449.119801	13007.597449
 50-54 	31906.602549	19482.502079	12424.100470
 55-59 	35411.555195	20964.443518	14447.111678
 60-64 	45096.151333	25828.102389	19268.048944
 65-69 	52618.150789	28541.958558	24076.192231
 70-74 	52664.716810	26134.364525	26530.352286
 75-79 	47788.670207	21050.049850	26738.620357
 80+ 	81097.878594	25488.112230	55609.766365
Total	538434.831964	272281.288551	266153.543413
2022			
 0-4	41391.160848	23124.882093	18266.278755
 5-9	4289.232925	2446.641730	1842.591195
 10-14 	3950.253139	2286.327222	1663.925917
 15-19 	6535.233327	3924.120603	2611.112724
 20-24 	7358.503968	4401.504283	2956.999685
 25-29 	12006.842664	6115.694807	5891.147857
 30-34 	18557.946991	9075.857372	9482.089619
 35-39 	29462.926883	14782.301198	14680.625684
 40-44 	32443.718390	17546.250419	14897.467971
 45-49 	32204.801871	18794.291798	13410.510073
 50-54 	32414.492888	19833.932081	12580.560807
 55-59 	35514.866989	21235.515627	14279.351363
 60-64 	44848.115424	25871.707048	18976.408376
 65-69 	53240.942953	28912.094390	24328.848563
 70-74 	53910.610908	26775.479137	27135.131771
 75-79 	48845.150111	21494.619040	27350.531071
 80+ 	83545.314999	26045.960076	57499.354922
Total	540520.118797	272667.181806	267852.936991
2023			
 0-4	40162.105105	22374.055102	17788.050003
 5-9	4135.057035	2383.438907	1751.618128
 10-14 	3803.812577	2191.412912	1612.399664
 15-19 	6047.323811	3642.668206	2404.655605
 20-24 	7353.797488	4398.497257	2955.300231
 25-29 	11545.449456	5895.285210	5650.164245
 30-34 	17608.067228	8574.012209	9034.055018
 35-39 	28537.648320	14210.298019	14327.350301
 40-44 	32545.054701	17483.688246	15061.366455
 45-49 	33000.476481	19149.346475	13851.130006
 50-54 	33024.405680	20219.847059	12804.558621
 55-59 	35807.811548	21597.579256	14210.232293
 60-64 	44532.013519	25921.622089	18610.391429
 65-69 	53715.943709	29214.890215	24501.053494
 70-74 	55282.593502	27491.971592	27790.621910
 75-79 	49775.354080	21893.579809	27881.774271
 80+ 	86332.270232	26730.774906	59601.495326
Total	543209.192926	273372.971954	269836.220972
2024			
 0-4	38991.200251	21658.264006	17332.936244
 5-9	3978.617590	2318.798922	1659.818667
 10-14 	3783.726385	2165.957056	1617.769329
 15-19 	5485.598540	3330.086635	2155.511905
 20-24 	7379.463154	4401.633397	2977.829757
 25-29 	11227.387855	5739.986705	5487.401150
 30-34 	16774.685795	8143.851540	8630.834255
 35-39 	27523.587854	13611.404320	13912.183534
 40-44 	32480.823269	17348.491169	15132.332100
 45-49 	33775.981409	19490.309122	14285.672287
 50-54 	33721.334587	20645.995660	13075.338927
 55-59 	36235.317642	22012.226650	14223.090992
 60-64 	44245.526189	26022.142913	18223.383276
 65-69 	54030.763715	29460.789720	24569.973995
 70-74 	56613.420268	28198.521952	28414.898316
 75-79 	50734.502635	22319.339061	28415.163573
 80+ 	89337.365949	27497.317369	61840.048580
Total	546319.310162	274365.119330	271954.190832
2025			
 0-4	37872.468631	20972.670867	16899.797764
 5-9	3883.967046	2271.469162	1612.497884
 10-14 	3747.902434	2151.585272	1596.317162
 15-19 	5035.044278	3081.823206	1953.221072
 20-24 	7396.384618	4389.268224	3007.116394
 25-29 	11055.352938	5652.656573	5402.696366
 30-34 	16044.248016	7775.118952	8269.129064
 35-39 	26433.392945	12992.507900	13440.885045
 40-44 	32215.479859	17120.249037	15095.230823
 45-49 	34473.852436	19788.724350	14685.128086
 50-54 	34579.421294	21173.247179	13406.174115
 55-59 	36668.955861	22386.962704	14281.993157
 60-64 	44077.641273	26208.758315	17868.882958
 65-69 	54173.243190	29659.631816	24513.611373
 70-74 	57788.514739	28833.886227	28954.628513
 75-79 	51841.956481	22825.857817	29016.098665
 80+ 	92443.684323	28303.673682	64140.010641
Total	549731.504621	275588.083995	274143.420626
2026			
 0-4	37147.382194	20477.441171	16669.941023
 5-9	3749.132318	2192.340233	1556.792085
 10-14 	3745.748712	2164.475693	1581.273019
 15-19 	4644.403712	2868.844625	1775.559086
 20-24 	7379.219674	4352.244782	3026.974892
 25-29 	11004.578655	5618.170082	5386.408573
 30-34 	15404.182431	7459.595232	7944.587199
 35-39 	25295.239071	12372.758393	12922.480678
 40-44 	31727.984364	16790.114659	14937.869706
 45-49 	35025.533823	20016.004637	15009.529185
 50-54 	35485.316568	21678.656378	13806.660190
 55-59 	37193.387763	22827.333933	14366.053830
 60-64 	44069.556136	26494.758246	17574.797890
 65-69 	54128.344248	29814.677149	24313.667099
 70-74 	58808.217586	29397.188180	29411.029406
 75-79 	53121.012838	23423.064697	29697.948141
 80+ 	95579.953297	29125.967040	66453.986257
Total	553509.202529	277073.640100	276435.562429
2027			
 0-4	36182.512902	19864.312852	16318.200050
 5-9	3608.412753	2101.938432	1506.474321
 10-14 	3696.287644	2151.399069	1544.888574
 15-19 	4479.981767	2770.025393	1709.956374
 20-24 	7279.782109	4269.487824	3010.294285
 25-29 	11033.369548	5616.454021	5416.915526
 30-34 	14830.533228	7182.918447	7647.614782
 35-39 	24139.652931	11766.065742	12373.587189
 40-44 	31005.024657	16351.584489	14653.440168
 45-49 	35357.242898	20137.095815	15220.147083
 50-54 	36400.284094	22178.101139	14222.182955
 55-59 	37813.831081	23302.129823	14511.701258
 60-64 	44250.520429	26887.574461	17362.945968
 65-69 	53899.736309	29933.829466	23965.906843
 70-74 	59661.767133	29884.012617	29777.754516
 75-79 	54606.687755	24126.503250	30480.184505
 80+ 	98700.610414	29947.905026	68752.705388
Total	556946.246292	278471.339658	278474.906634
2028			
 0-4	35022.965623	19170.977681	15851.987942
 5-9	3455.120930	2006.990358	1448.130572
 10-14 	3567.746912	2095.431117	1472.315795
 15-19 	4489.082617	2754.268773	1734.813844
 20-24 	7075.136225	4136.929941	2938.206284
 25-29 	11090.541062	5625.986431	5464.554631
 30-34 	14320.884150	6941.982631	7378.901519
 35-39 	22993.328619	11188.213720	11805.114899
 40-44 	30051.111370	15810.014263	14241.097106
 45-49 	35431.700811	20133.877111	15297.823700
 50-54 	37302.583322	22667.660690	14634.922632
 55-59 	38497.893126	23794.877386	14703.015740
 60-64 	44638.944717	27387.477161	17251.467557
 65-69 	53564.320406	30052.566597	23511.753810
 70-74 	60332.470982	30295.420215	30037.050767
 75-79 	56210.010340	24894.002861	31316.007479
 80+ 	101842.792341	30787.203024	71055.589317
Total	559886.639144	279743.886593	280142.752551
2029			
 0-4	34167.725287	18634.891152	15532.834135
 5-9	3301.644592	1909.581695	1392.062897
 10-14 	3448.177627	2045.104423	1403.073204
 15-19 	4465.817769	2722.185230	1743.632540
 20-24 	6785.034084	3965.864580	2819.169504
 25-29 	11153.905492	5630.262148	5523.643344
 30-34 	13947.982491	6764.299455	7183.683036
 35-39 	21984.388388	10688.857522	11295.530865
 40-44 	28987.407807	15217.547848	13769.859959
 45-49 	35332.862695	20040.066355	15292.796340
 50-54 	38203.888422	23152.704217	15051.184205
 55-59 	39287.741453	24335.913919	14951.827533
 60-64 	45196.134688	27957.558500	17238.576187
 65-69 	53260.278685	30228.095471	23032.183214
 70-74 	60814.649033	30644.686523	30169.962510
 75-79 	57772.591087	25651.565803	32121.025284
 80+ 	105137.207875	31692.490305	73444.717570
Total	563247.437425	281281.676778	281965.760647
2030			
 0-4	32824.284743	17867.193473	14957.091269
 5-9	3167.033002	1814.757832	1352.275170
 10-14 	3381.349443	2010.907171	1370.442272
 15-19 	4496.820268	2713.035387	1783.784881
 20-24 	6477.328689	3790.117251	2687.211438
 25-29 	11167.767854	5606.404157	5561.363697
 30-34 	13711.189313	6647.433229	7063.756084
 35-39 	21081.871468	10249.217001	10832.654467
 40-44 	27840.433320	14592.012802	13248.420518
 45-49 	35032.990092	19841.174938	15191.815154
 50-54 	39056.258636	23610.450631	15445.808005
 55-59 	40291.163777	25010.700032	15280.463745
 60-64 	45766.718791	28483.932745	17282.786046
 65-69 	53098.919031	30504.316968	22594.602063
 70-74 	61089.434866	30942.396265	30147.038601
 75-79 	59176.697805	26345.508652	32831.189154
 80+ 	108688.663119	32701.847033	75986.816086
Total	566348.924680	282731.404452	283617.520229
2031			
 0-4	31793.842858	17267.267744	14526.575114
 5-9	3013.858142	1716.779346	1297.078797
 10-14 	3273.976980	1947.468865	1326.508115
 15-19 	4662.352893	2767.758349	1894.594544
 20-24 	6191.142940	3629.677400	2561.465540
 25-29 	11079.639038	5534.379745	5545.259293
 30-34 	13571.169925	6575.036375	6996.133550
 35-39 	20243.430322	9847.440179	10395.990143
 40-44 	26636.253716	13948.163856	12688.089861
 45-49 	34507.559934	19522.849458	14984.710475
 50-54 	39788.347955	24007.655621	15780.692334
 55-59 	41378.032058	25676.107840	15701.924218
 60-64 	46449.251660	29092.124664	17357.126997
 65-69 	53134.278516	30900.191600	22234.086916
 70-74 	61139.038615	31194.416852	29944.621762
 75-79 	60420.027285	26975.841894	33444.185391
 80+ 	112501.549289	33816.565288	78684.984001
Total	569783.747532	284419.724649	285364.022882
2032			
 0-4	31049.995770	16802.724122	14247.271649
 5-9	2885.491602	1634.038252	1251.453350
 10-14 	3142.204265	1869.138182	1273.066084
 15-19 	4649.458708	2734.144539	1915.314169
 20-24 	5971.728499	3500.742608	2470.985891
 25-29 	10876.213283	5408.386687	5467.826596
 30-34 	13520.845710	6540.467930	6980.377780
 35-39 	19508.688546	9492.358870	10016.329676
 40-44 	25476.344086	13332.706081	12143.638005
 45-49 	33809.028033	19106.480655	14702.547378
 50-54 	40362.576091	24321.194399	16041.381692
 55-59 	42531.152898	26362.546399	16168.606499
 60-64 	47264.019411	29751.833369	17512.186042
 65-69 	53414.077409	31429.950661	21984.126748
 70-74 	60971.714090	31412.408969	29559.305120
 75-79 	61491.353648	27540.579075	33950.774573
 80+ 	116539.227768	35030.472076	81508.755691
Total	573464.119412	286270.169867	287193.949545
2033			
 0-4	30259.650726	16308.812978	13950.837748
 5-9	2783.340059	1564.827906	1218.512153
 10-14 	3001.134596	1784.644967	1216.489630
 15-19 	4499.778560	2636.051648	1863.726913
 20-24 	5848.565992	3415.317073	2433.248919
 25-29 	10533.983613	5222.489671	5311.493942
 30-34 	13508.050929	6520.574075	6987.476854
 35-39 	18879.730930	9187.151283	9692.579648
 40-44 	24397.266836	12767.567942	11629.698893
 45-49 	32950.637671	18601.274448	14349.363223
 50-54 	40740.251634	24527.985410	16212.266223
 55-59 	43737.493619	27071.514081	16665.979538
 60-64 	48181.263587	30449.185931	17732.077656
 65-69 	53959.475563	32095.193350	21864.282213
 70-74 	60675.651434	31634.378187	29041.273247
 75-79 	62365.340327	28039.246734	34326.093593
 80+ 	120733.508041	36318.826042	84414.681999
Total	577055.126282	288145.039046	288910.087236
2034			
 0-4	29514.215126	15840.019504	13674.195622
 5-9	2658.087833	1490.059512	1168.028322
 10-14 	2874.976914	1706.108947	1168.867966
 15-19 	4348.587976	2537.854685	1810.733291
 20-24 	5743.706704	3340.765274	2402.941430
 25-29 	10109.252220	5001.315788	5107.936432
 30-34 	13481.711199	6489.912567	6991.798632
 35-39 	18398.783435	8948.767910	9450.015525
 40-44 	23428.664277	12264.986432	11163.677845
 45-49 	31963.612460	18022.139779	13941.472681
 50-54 	40919.195891	24622.414668	16296.781223
 55-59 	44970.720594	27791.870606	17178.849988
 60-64 	49237.693308	31215.003839	18022.689470
 65-69 	54704.670354	32843.033461	21861.636892
 70-74 	60400.179241	31915.646911	28484.532330
 75-79 	63024.685005	28479.771765	34544.913240
 80+ 	124977.214683	37638.688751	87338.525932
Total	580755.964312	290148.365039	290607.599273
2035			
 0-4	28776.361784	15377.880833	13398.480951
 5-9	2546.570772	1432.906230	1113.664542
 10-14 	2746.588752	1622.911678	1123.677074
 15-19 	4269.257821	2476.284034	1792.973787
 20-24 	5608.675281	3247.105049	2361.570232
 25-29 	9754.160083	4801.280755	4952.879329
 30-34 	13517.939348	6464.040224	7053.899124
 35-39 	18255.416250	8840.370079	9415.046171
 40-44 	22727.352757	11876.097036	10851.255721
 45-49 	31042.038079	17448.561861	13593.476218
 50-54 	40977.886726	24625.039285	16352.847441
 55-59 	46237.453545	28519.684995	17717.768550
 60-64 	50611.364465	32175.934271	18435.430193
 65-69 	55483.813186	33542.088980	21941.724206
 70-74 	60293.764975	32308.022823	27985.742152
 75-79 	63462.798551	28874.261227	34588.537324
 80+ 	129185.071600	38955.346776	90229.724824
Total	585496.509539	292587.813361	292908.696177
2036			
 0-4	28650.645361	15313.417116	13337.228245
 5-9	2494.100702	1420.846868	1073.253833
 10-14 	2655.262689	1567.226392	1088.036297
 15-19 	4216.976449	2446.187120	1770.789328
 20-24 	5578.019745	3224.823549	2353.196196
 25-29 	9552.832064	4705.631442	4847.200623
 30-34 	13592.399191	6490.097434	7102.301757
 35-39 	18412.404463	8914.137286	9498.267176
 40-44 	22332.097011	11695.034895	10637.062116
 45-49 	30400.952043	17086.160664	13314.791379
 50-54 	41267.144073	24810.672470	16456.471603
 55-59 	47943.621379	29546.168834	18397.452545
 60-64 	52681.346810	33499.114688	19182.232122
 65-69 	56998.355301	34690.360533	22307.994768
 70-74 	61012.642079	33128.011792	27884.630286
 75-79 	64232.406108	29455.866751	34776.539357
 80+ 	134008.710892	40426.072193	93582.638698
Total	596029.922699	298419.835585	297610.087113
2037			
 0-4	28542.180007	15257.598145	13284.581862
 5-9	2435.576001	1403.843737	1031.732264
 10-14 	2589.927436	1527.086966	1062.840470
 15-19 	4098.235648	2386.270037	1711.965611
 20-24 	5524.418577	3192.065049	2332.353528
 25-29 	9404.752385	4638.945744	4765.806641
 30-34 	13503.080131	6448.353992	7054.726139
 35-39 	18611.617406	9016.749531	9594.867875
 40-44 	21947.403373	11527.348103	10420.055270
 45-49 	29711.614435	16713.608838	12998.005597
 50-54 	41297.961853	24852.586217	16445.375637
 55-59 	49499.818756	30498.660827	19001.157929
 60-64 	54870.492815	34877.603651	19992.889164
 65-69 	58671.704774	35906.573976	22765.130798
 70-74 	61992.810693	34087.159992	27905.650701
 75-79 	64723.921659	29991.873104	34732.048555
 80+ 	138709.610607	41871.710194	96837.900412
Total	606135.127101	304198.038165	301937.088935
2038			
 0-4	28437.778680	15203.753220	13234.025459
 5-9	2379.438867	1386.030078	993.408789
 10-14 	2540.537169	1497.849698	1042.687470
 15-19 	3947.178659	2312.543000	1634.635659
 20-24 	5438.468828	3145.104423	2293.364404
 25-29 	9349.947273	4615.320491	4734.626782
 30-34 	13280.292226	6350.289227	6930.002999
 35-39 	18829.238222	9132.985970	9696.252252
 40-44 	21625.812266	11393.709785	10232.102481
 45-49 	29060.677967	16373.053930	12687.624037
 50-54 	41100.808571	24761.610417	16339.198154
 55-59 	50862.606155	31345.734477	19516.871678
 60-64 	57187.246249	36324.397137	20862.849112
 65-69 	60483.511445	37177.834014	23305.677431
 70-74 	63273.695543	35192.441593	28081.253949
 75-79 	65031.734427	30519.002461	34512.731966
 80+ 	143215.417415	43277.776775	99937.640640
Total	616044.383065	310009.431925	306034.951140
2039			
 0-4	28330.223615	15148.071687	13182.151928
 5-9	2350.984045	1379.224884	971.759162
 10-14 	2462.733407	1458.239920	1004.493487
 15-19 	3820.400003	2252.452501	1567.947502
 20-24 	5360.845595	3101.198540	2259.647055
 25-29 	9300.741404	4599.379213	4701.362192
 30-34 	12985.818569	6221.740206	6764.078363
 35-39 	18996.418173	9229.917043	9766.501130
 40-44 	21410.881394	11315.971744	10094.909650
 45-49 	28475.547413	16079.148554	12396.398858
 50-54 	40689.722689	24545.558399	16144.164290
 55-59 	52002.392135	32065.363525	19937.028610
 60-64 	59604.159110	37829.676702	21774.482408
 65-69 	62486.231319	38544.450644	23941.780675
 70-74 	64784.315336	36387.704177	28396.611159
 75-79 	65312.772466	31089.950203	34222.822263
 80+ 	147389.636166	44618.933602	102770.702564
Total	625763.824733	315866.978388	309896.846345
2040			
 0-4	28277.456989	15117.801902	13159.655087
 5-9	2323.705724	1368.040506	955.665219
 10-14 	2402.673049	1434.667636	968.005413
 15-19 	3675.419563	2184.771428	1490.648134
 20-24 	5315.972071	3075.815219	2240.156851
 25-29 	9220.590536	4567.142825	4653.447711
 30-34 	12700.062382	6099.067227	6600.995155
 35-39 	19074.112111	9287.071498	9787.040613
 40-44 	21346.979941	11314.834485	10032.145455
 45-49 	27973.233985	15836.766762	12136.467223
 50-54 	40126.374678	24240.256634	15886.118044
 55-59 	52891.111757	32636.800642	20254.311115
 60-64 	62078.669847	39371.104674	22707.565173
 65-69 	64878.374433	40151.446026	24726.928407
 70-74 	66308.787924	37515.665267	28793.122657
 75-79 	65720.715134	31753.414591	33967.300543
 80+ 	151110.039113	45879.789825	105230.249288
Total	635424.275819	321834.457786	313589.818033
2041			
 0-4	28455.536955	15193.550264	13261.986691
 5-9	2289.890109	1350.137062	939.753047
 10-14 	2360.516025	1423.458351	937.057674
 15-19 	3541.803750	2123.899501	1417.904248
 20-24 	5264.575115	3049.951869	2214.623245
 25-29 	9144.408809	4533.961804	4610.447004
 30-34 	12462.009079	6000.177251	6461.831829
 35-39 	19012.074195	9279.630072	9732.444124
 40-44 	21436.150440	11392.897275	10043.253166
 45-49 	27539.843936	15635.784741	11904.059196
 50-54 	39479.821870	23889.202404	15590.619466
 55-59 	53501.843953	33041.183730	20460.660223
 60-64 	64532.767219	40906.919307	23625.847912
 65-69 	67497.869022	41798.913204	25698.955818
 70-74 	68002.184133	38770.667157	29231.516976
 75-79 	66350.048232	32536.974511	33813.073721
 80+ 	154338.581241	47069.354989	107269.226252
Total	645209.924804	327996.661897	317213.262908
2042			
 0-4	28225.717289	15068.179257	13157.538032
 5-9	2263.061092	1331.404461	931.656631
 10-14 	2308.806219	1406.086080	902.720139
 15-19 	3476.755733	2095.959428	1380.796306
 20-24 	5204.509458	3021.432258	2183.077200
 25-29 	9040.598503	4487.950146	4552.648357
 30-34 	12269.992989	5924.859128	6345.133861
 35-39 	18798.296788	9200.796567	9597.500222
 40-44 	21629.334759	11527.409953	10101.924806
 45-49 	27156.738191	15463.941165	11692.797026
 50-54 	38813.861165	23533.283279	15280.577885
 55-59 	53826.982991	33272.370553	20554.612438
 60-64 	66860.875192	42376.473068	24484.402123
 65-69 	70311.591160	43535.766776	26775.824384
 70-74 	69898.747202	40107.187746	29791.559455
 75-79 	67273.640875	33460.103153	33813.537722
 80+ 	157103.172896	48207.948732	108895.224164
Total	654462.683991	334021.149791	320441.534201
2043			
 0-4	28022.599595	14965.606051	13056.993543
 5-9	2226.284372	1309.251220	917.033152
 10-14 	2258.341518	1387.873289	870.468229
 15-19 	3428.095114	2074.452226	1353.642888
 20-24 	5142.180640	2992.837707	2149.342933
 25-29 	8902.124210	4425.963106	4476.161104
 30-34 	12136.435553	5878.031238	6258.404316
 35-39 	18465.221151	9065.084209	9400.136942
 40-44 	21864.994402	11685.580772	10179.413630
 45-49 	26853.744082	15334.868774	11518.875308
 50-54 	38196.389995	23213.077557	14983.312437
 55-59 	53867.934523	33329.444453	20538.490070
 60-64 	68977.721164	43724.148011	25253.573153
 65-69 	73329.030257	45378.712507	27950.317750
 70-74 	71974.234911	41510.724925	30463.509986
 75-79 	68530.236807	34527.455837	34002.780970
 80+ 	159476.212077	49321.983107	110154.228970
Total	663651.780437	340125.095980	323526.684458
2044			
 0-4	27813.306414	14862.400441	12950.905973
 5-9	2202.144273	1289.485521	912.658752
 10-14 	2234.151403	1380.740338	853.411064
 15-19 	3350.500140	2037.702661	1312.797479
 20-24 	5091.930198	2970.614397	2121.315801
 25-29 	8772.420004	4367.736488	4404.683515
 30-34 	12003.733860	5833.286014	6170.447847
 35-39 	18094.747679	8907.719326	9187.028353
 40-44 	22070.150131	11827.993381	10242.156750
 45-49 	26689.466073	15280.479852	11408.986221
 50-54 	37663.691681	22949.330670	14714.361012
 55-59 	53633.178890	33218.246870	20414.932019
 60-64 	70828.891422	44911.522824	25917.368598
 65-69 	76519.102939	47316.867352	29202.235588
 70-74 	74293.210883	43025.933840	31267.277043
 75-79 	70040.842025	35680.647148	34360.194876
 80+ 	161582.567001	50447.573799	111134.993201
Total	672884.038942	346308.280914	326575.758029
2045			
 0-4	27591.834871	14754.957330	12836.877541
 5-9	2183.619644	1272.075183	911.544461
 10-14 	2209.342004	1369.670472	839.671532
 15-19 	3344.027781	2033.556894	1310.470887
 20-24 	5041.853176	2949.992397	2091.860779
 25-29 	8658.360272	4321.339037	4337.021236
 30-34 	11835.720195	5768.695493	6067.024703
 35-39 	17738.450518	8757.451395	8980.999124
 40-44 	22161.367308	11912.292569	10249.074738
 45-49 	26686.213913	15315.728808	11370.485104
 50-54 	37207.114436	22736.003569	14471.110867
 55-59 	53176.032656	32975.159948	20200.872708
 60-64 	72352.571958	45899.140231	26453.431726
 65-69 	79822.495761	49318.944667	30503.551094
 70-74 	77075.394637	44804.966245	32270.428392
 75-79 	71568.780758	36757.476467	34811.304290
 80+ 	163572.796768	51625.397962	111947.398806
Total	682225.975754	352572.851482	329653.124272
2046			
 0-4	27479.452544	14701.255394	12778.197150
 5-9	2158.780132	1252.173836	906.606296
 10-14 	2178.270530	1353.475817	824.794713
 15-19 	3342.917441	2030.127547	1312.789894
 20-24 	4993.526285	2930.999392	2062.526894
 25-29 	8534.623829	4272.399663	4262.224166
 30-34 	11653.174139	5695.310230	5957.863909
 35-39 	17434.669430	8633.182670	8801.486760
 40-44 	22089.511727	11910.756042	10178.755684
 45-49 	26860.919371	15450.932221	11409.987150
 50-54 	36815.099344	22561.700868	14253.398476
 55-59 	52588.547138	32659.117578	19929.429560
 60-64 	73506.797420	46657.472926	26849.324494
 65-69 	83140.849846	51332.283910	31808.565936
 70-74 	80161.398698	46640.249697	33521.149001
 75-79 	73273.930990	37965.533714	35308.397277
 80+ 	165588.190956	52892.491541	112695.699416
Total	691800.655872	358939.461547	332861.194325
2047			
 0-4	27423.197913	14672.203997	12750.993917
 5-9	2145.465939	1240.167776	905.298163
 10-14 	2139.477181	1332.186750	807.290431
 15-19 	3290.766540	2001.938306	1288.828234
 20-24 	4959.391798	2917.886262	2041.505536
 25-29 	8407.849979	4222.710160	4185.139819
 30-34 	11455.407589	5613.181714	5842.225875
 35-39 	17183.498348	8533.890515	8649.607833
 40-44 	21883.854430	11835.281174	10048.573256
 45-49 	27188.670433	15672.275350	11516.395083
 50-54 	36487.710329	22420.871936	14066.838394
 55-59 	51969.713062	32331.291503	19638.421558
 60-64 	74284.094130	47178.336844	27105.757286
 65-69 	86342.166192	53281.834540	33060.331652
 70-74 	83508.645620	48589.131427	34919.514193
 75-79 	75212.154874	39258.917582	35953.237293
 80+ 	167748.072779	54277.490294	113470.582486
Total	701630.132434	365379.595239	336250.537195
2048			
 0-4	27360.687472	14638.250895	12722.436577
 5-9	2130.274063	1229.932068	900.341995
 10-14 	2104.471426	1311.625756	792.845669
 15-19 	3229.578511	1969.802258	1259.776253
 20-24 	4928.675717	2905.655782	2023.019935
 25-29 	8283.912078	4175.179303	4108.732775
 30-34 	11245.478878	5524.012610	5721.466269
 35-39 	16983.588567	8460.204730	8523.383837
 40-44 	21578.745748	11704.402296	9874.343452
 45-49 	27589.978501	15935.710740	11654.267761
 50-54 	36258.085775	22332.186991	13925.898784
 55-59 	51403.061393	32042.997151	19360.064242
 60-64 	74674.978416	47455.229803	27219.748613
 65-69 	89307.229696	55093.661236	34213.568460
 70-74 	87132.372157	50672.692929	36459.679228
 75-79 	77358.192344	40623.821093	36734.371250
 80+ 	170145.393836	55795.509515	114349.884320
Total	711714.705087	371870.872932	339843.832155
2049			
 0-4	27297.231986	14603.931465	12693.300522
 5-9	2107.018620	1220.233082	886.785538
 10-14 	2079.042292	1294.116517	784.925776
 15-19 	3184.798647	1945.903204	1238.895443
 20-24 	4877.283946	2882.713561	1994.570386
 25-29 	8173.742332	4134.730308	4039.012024
 30-34 	11056.928357	5445.062210	5611.866147
 35-39 	16767.701164	8380.690365	8387.010799
 40-44 	21251.984606	11558.796946	9693.187660
 45-49 	27960.935967	16182.455789	11778.480178
 50-54 	36196.409129	22339.674983	13856.734146
 55-59 	50928.692494	31817.218293	19111.474201
 60-64 	74678.199705	47490.057234	27188.142471
 65-69 	91952.691425	56713.490046	35239.201378
 70-74 	90996.164258	52878.919258	38117.245000
 75-79 	79778.020306	42101.525875	37676.494432
 80+ 	172772.494203	57408.043159	115364.451044
Total	722059.341045	378397.562004	343661.779042
2050			
 0-4	27225.520463	14565.766230	12659.754233
 5-9	2084.159647	1215.398424	868.761223
 10-14 	2059.995485	1277.874130	782.121355
 15-19 	3144.808058	1925.283724	1219.524334
 20-24 	4826.690120	2857.745295	1968.944825
 25-29 	8067.203817	4097.440957	3969.762860
 30-34 	10898.441910	5383.581786	5514.860123
 35-39 	16508.042704	8275.800621	8232.242083
 40-44 	20960.307396	11431.008479	9529.298917
 45-49 	28206.118283	16358.181450	11847.936833
 50-54 	36351.209740	22474.337365	13876.872374
 55-59 	50542.885558	31648.466231	18894.419328
 60-64 	74365.131572	47331.407821	27033.723751
 65-69 	94192.683538	58089.120217	36103.563321
 70-74 	95031.253645	55172.213810	39859.039835
 75-79 	82693.092332	43830.803704	38862.288628
 80+ 	175431.993656	58971.456300	116460.537357
Total	732589.536048	384905.886164	347683.649884
