Workshop_1_Demo		Total	Male	Female
1970		
 0-4	3743037.500000	1880495.500000	1862542.000000
 5-9	3167831.000000	1601916.250000	1565914.500000
 10-14 	2794506.500000	1410245.000000	1384261.500000
 15-19 	2417446.500000	1220873.250000	1196573.500000
 20-24 	1970298.250000	995239.750000	975058.625000
 25-29 	1686052.875000	844954.562500	841098.312500
 30-34 	1446453.500000	720068.187500	726385.250000
 35-39 	1259935.875000	635697.125000	624238.750000
 40-44 	1075778.875000	553364.312500	522414.500000
 45-49 	896831.562500	449196.937500	447634.625000
 50-54 	768872.250000	373870.000000	395002.250000
 55-59 	612012.375000	292364.406250	319647.968750
 60-64 	479692.000000	216284.125000	263407.843750
 65-69 	332013.937500	140621.140625	191392.796875
 70-74 	219327.171875	86956.085938	132371.093750
 75-79 	132456.062500	48375.382813	84080.679688
 80+ 	100519.226563	32390.390625	68128.835938
Total	23103066.000000	11502912.000000	11600153.000000
1971			
 0-4	3743037.500000	1880495.500000	1862542.000000
 5-9	3167831.000000	1601916.250000	1565914.500000
 10-14 	2794506.500000	1410245.000000	1384261.500000
 15-19 	2417446.500000	1220873.250000	1196573.500000
 20-24 	1970298.250000	995239.750000	975058.625000
 25-29 	1686052.875000	844954.562500	841098.312500
 30-34 	1446453.500000	720068.187500	726385.250000
 35-39 	1259935.875000	635697.125000	624238.750000
 40-44 	1075778.875000	553364.312500	522414.500000
 45-49 	896831.562500	449196.937500	447634.625000
 50-54 	768872.250000	373870.000000	395002.250000
 55-59 	612012.375000	292364.406250	319647.968750
 60-64 	479692.000000	216284.125000	263407.843750
 65-69 	332013.937500	140621.140625	191392.796875
 70-74 	219327.171875	86956.085938	132371.093750
 75-79 	132456.062500	48375.382813	84080.679688
 80+ 	100519.226563	32390.390625	68128.835938
Total	23103066.000000	11502912.000000	11600153.000000
1972			
 0-4	3833732.500000	1924664.500000	1909068.000000
 5-9	3258625.250000	1646016.125000	1612609.125000
 10-14 	2857455.500000	1442503.750000	1414951.625000
 15-19 	2495228.500000	1259456.875000	1235771.625000
 20-24 	2054644.250000	1038825.062500	1015819.250000
 25-29 	1730079.000000	869935.000000	860144.000000
 30-34 	1492238.375000	744135.312500	748103.125000
 35-39 	1289678.750000	648442.625000	641236.000000
 40-44 	1105815.875000	567163.187500	538652.625000
 45-49 	919458.687500	463909.718750	455548.968750
 50-54 	778267.125000	378549.687500	399717.468750
 55-59 	628281.500000	299929.687500	328351.781250
 60-64 	484759.093750	219797.687500	264961.375000
 65-69 	341813.937500	144408.078125	197405.843750
 70-74 	219905.953125	86630.562500	133275.390625
 75-79 	132940.406250	48256.070313	84684.328125
 80+ 	101123.171875	32380.292969	68742.875000
Total	23724048.000000	11815004.000000	11909043.000000
1973			
 0-4	3918769.500000	1966869.125000	1951900.500000
 5-9	3358166.500000	1693538.500000	1664628.000000
 10-14 	2920693.000000	1474993.750000	1445699.250000
 15-19 	2569246.000000	1295929.000000	1273317.000000
 20-24 	2144468.000000	1084623.750000	1059844.125000
 25-29 	1775036.625000	895219.125000	879817.500000
 30-34 	1540255.875000	769877.250000	770378.625000
 35-39 	1319742.875000	661543.875000	658199.062500
 40-44 	1136235.000000	580197.000000	556038.000000
 45-49 	944601.250000	479900.875000	464700.375000
 50-54 	787098.375000	383327.812500	403770.562500
 55-59 	645676.125000	307654.625000	338021.500000
 60-64 	489510.093750	223360.484375	266149.625000
 65-69 	352307.250000	148552.171875	203755.062500
 70-74 	221233.250000	86650.703125	134582.546875
 75-79 	133546.187500	48178.953125	85367.234375
 80+ 	101781.132813	32353.474609	69427.656250
Total	24358368.000000	12132770.000000	12225597.000000
1974			
 0-4	3998200.250000	2007649.000000	1990551.375000
 5-9	3461758.000000	1741735.750000	1720022.250000
 10-14 	2987857.250000	1509159.750000	1478697.500000
 15-19 	2639383.000000	1330562.875000	1308820.250000
 20-24 	2232355.250000	1128914.375000	1103440.875000
 25-29 	1825844.750000	922874.500000	902970.125000
 30-34 	1586863.000000	795073.000000	791789.937500
 35-39 	1351457.625000	675855.562500	675602.062500
 40-44 	1165891.625000	592440.937500	573450.687500
 45-49 	970632.312500	495355.812500	475276.500000
 50-54 	797932.937500	389677.687500	408255.250000
 55-59 	661497.937500	314574.531250	346923.375000
 60-64 	496061.968750	227494.156250	268567.812500
 65-69 	361646.437500	152403.859375	209242.578125
 70-74 	224089.968750	87337.273438	136752.687500
 75-79 	134186.093750	48069.019531	86117.078125
 80+ 	102455.375000	32313.384766	70141.992188
Total	24998114.000000	12451491.000000	12546622.000000
1975			
 0-4	4080777.500000	2052740.750000	2028036.500000
 5-9	3556282.500000	1782820.500000	1773461.875000
 10-14 	3061569.250000	1546018.375000	1515550.750000
 15-19 	2705523.500000	1363448.875000	1342074.500000
 20-24 	2312821.000000	1168837.250000	1143983.875000
 25-29 	1883993.375000	953214.625000	930778.812500
 30-34 	1628847.250000	817643.875000	811203.375000
 35-39 	1384680.000000	691267.500000	693412.562500
 40-44 	1193562.250000	603539.875000	590022.437500
 45-49 	996161.687500	508949.750000	487211.937500
 50-54 	811959.375000	398173.968750	413785.437500
 55-59 	674212.187500	320152.156250	354060.062500
 60-64 	505335.218750	232329.218750	273006.000000
 65-69 	368952.906250	155655.109375	213297.796875
 70-74 	228670.656250	88741.031250	139929.625000
 75-79 	134858.343750	47911.757813	86946.585938
 80+ 	103120.234375	32247.046875	70873.187500
Total	25631328.000000	12763692.000000	12867635.000000
1976			
 0-4	4158311.000000	2091552.125000	2066758.750000
 5-9	3647878.000000	1826562.250000	1821315.750000
 10-14 	3142921.750000	1586066.500000	1556855.250000
 15-19 	2769047.500000	1395355.250000	1373692.250000
 20-24 	2389175.500000	1206306.125000	1182869.250000
 25-29 	1950973.000000	987361.375000	963611.625000
 30-34 	1668484.500000	839028.375000	829456.000000
 35-39 	1420794.125000	708709.500000	712084.625000
 40-44 	1220277.000000	614101.687500	606175.312500
 45-49 	1022174.000000	521460.437500	500713.531250
 50-54 	829061.125000	408749.875000	420311.250000
 55-59 	684728.000000	324847.281250	359880.687500
 60-64 	517012.437500	237801.500000	279210.937500
 65-69 	374807.875000	158583.968750	216223.921875
 70-74 	234735.046875	90747.054688	143988.000000
 75-79 	135652.078125	47784.628906	87867.453125
 80+ 	103871.492188	32194.593750	71676.898438
Total	26269904.000000	13077212.000000	13192691.000000
1977			
 0-4	4228545.500000	2126710.750000	2101835.000000
 5-9	3738125.750000	1870244.875000	1867880.875000
 10-14 	3232728.750000	1629585.625000	1603143.250000
 15-19 	2830585.000000	1426622.750000	1403962.250000
 20-24 	2462574.750000	1241916.750000	1220658.125000
 25-29 	2027919.500000	1025986.000000	1001933.500000
 30-34 	1705591.875000	859207.562500	846384.312500
 35-39 	1460768.625000	728758.250000	732010.375000
 40-44 	1246119.000000	624192.750000	621926.187500
 45-49 	1049121.500000	533164.312500	515957.218750
 50-54 	849281.125000	421485.687500	427795.437500
 55-59 	693177.500000	328702.718750	364474.750000
 60-64 	531232.437500	243961.625000	287270.843750
 65-69 	379261.281250	161271.906250	217989.359375
 70-74 	242312.812500	93326.867188	148985.937500
 75-79 	136529.453125	47694.812500	88834.640625
 80+ 	104781.304688	32183.478516	72597.828125
Total	26918656.000000	13395017.000000	13523640.000000
1978			
 0-4	4296107.500000	2160632.500000	2135475.000000
 5-9	3823135.250000	1912187.000000	1910948.125000
 10-14 	3331277.500000	1676524.750000	1654752.625000
 15-19 	2892979.000000	1458478.250000	1434500.625000
 20-24 	2533551.750000	1276258.750000	1257293.000000
 25-29 	2111573.250000	1067626.750000	1043946.375000
 30-34 	1744563.125000	880301.187500	864262.000000
 35-39 	1503528.000000	750824.625000	752703.312500
 40-44 	1272711.250000	634908.875000	637802.312500
 45-49 	1076792.500000	544377.937500	532414.625000
 50-54 	872060.687500	435530.437500	436530.250000
 55-59 	701353.687500	332790.937500	368562.718750
 60-64 	546585.875000	250344.250000	296241.656250
 65-69 	383654.312500	164099.921875	219554.406250
 70-74 	250462.875000	96177.789063	154285.093750
 75-79 	137958.421875	47836.800781	90121.617188
 80+ 	105828.289063	32202.421875	73625.867188
Total	27584124.000000	13721103.000000	13863019.000000
1979			
 0-4	4364675.000000	2195245.000000	2169430.500000
 5-9	3903373.250000	1953148.250000	1950224.875000
 10-14 	3434093.250000	1724246.000000	1709847.250000
 15-19 	2959958.500000	1492423.375000	1467535.000000
 20-24 	2602552.750000	1309955.875000	1292597.000000
 25-29 	2195889.750000	1109423.125000	1086466.625000
 30-34 	1791601.000000	905232.437500	886368.500000
 35-39 	1546737.875000	773551.000000	773186.937500
 40-44 	1302184.125000	647635.687500	654548.375000
 45-49 	1104679.000000	555464.250000	549214.687500
 50-54 	896358.437500	449528.281250	446830.156250
 55-59 	711785.625000	338565.593750	373220.062500
 60-64 	560963.000000	256284.812500	304678.218750
 65-69 	389801.937500	167523.703125	222278.234375
 70-74 	257953.203125	98938.531250	159014.671875
 75-79 	140485.375000	48416.718750	92068.664063
 80+ 	106980.765625	32235.019531	74745.742188
Total	28270074.000000	14057818.000000	14212255.000000
1980			
 0-4	4437335.000000	2232239.250000	2205095.750000
 5-9	3988162.500000	1999146.000000	1989016.250000
 10-14 	3528590.500000	1765254.000000	1763336.625000
 15-19 	3035117.000000	1530102.250000	1505014.875000
 20-24 	2671993.000000	1344782.000000	1327211.125000
 25-29 	2279612.750000	1151332.750000	1128280.000000
 30-34 	1852562.250000	937259.750000	915302.437500
 35-39 	1590879.000000	797365.937500	793513.125000
 40-44 	1336953.125000	664011.812500	672941.312500
 45-49 	1133314.250000	567255.562500	566058.625000
 50-54 	922031.875000	463055.562500	458976.312500
 55-59 	726221.750000	347010.500000	379211.281250
 60-64 	573499.187500	261655.046875	311844.156250
 65-69 	398706.000000	171816.671875	226889.312500
 70-74 	264326.593750	101529.953125	162796.625000
 75-79 	144321.625000	49522.882813	94798.742188
 80+ 	108297.195313	32316.826172	75980.367188
Total	28991924.000000	14415657.000000	14576267.000000
1981			
 0-4	4513533.500000	2271178.250000	2242355.500000
 5-9	4069141.250000	2039656.750000	2029484.500000
 10-14 	3620353.000000	1808951.875000	1811401.250000
 15-19 	3118115.000000	1571098.625000	1547016.375000
 20-24 	2740076.000000	1379412.000000	1360664.000000
 25-29 	2361591.000000	1192302.625000	1169288.375000
 30-34 	1924676.250000	974639.187500	950037.062500
 35-39 	1634854.250000	821427.125000	813427.125000
 40-44 	1376053.625000	683357.750000	692695.937500
 45-49 	1162160.375000	579281.687500	582878.750000
 50-54 	949007.375000	476142.062500	472865.343750
 55-59 	743939.000000	357635.156250	386303.875000
 60-64 	584588.312500	266570.187500	318018.093750
 65-69 	409862.718750	176763.421875	233099.281250
 70-74 	269872.062500	104041.117188	165830.953125
 75-79 	149234.796875	51027.632813	98207.164063
 80+ 	109807.375000	32456.757813	77350.617188
Total	29736866.000000	14785942.000000	14950924.000000
1982			
 0-4	4590283.000000	2310420.750000	2279862.500000
 5-9	4143923.750000	2077235.750000	2066687.750000
 10-14 	3710902.500000	1852636.250000	1858266.250000
 15-19 	3209374.500000	1615447.875000	1593926.750000
 20-24 	2806389.750000	1413519.625000	1392870.125000
 25-29 	2441551.500000	1231999.625000	1209552.000000
 30-34 	2007778.000000	1017180.187500	990597.937500
 35-39 	1677498.000000	845060.562500	832437.500000
 40-44 	1419733.750000	705763.937500	713969.875000
 45-49 	1190833.500000	591291.875000	599541.625000
 50-54 	977394.500000	488830.500000	488564.062500
 55-59 	764760.000000	370366.906250	394393.093750
 60-64 	594207.500000	270977.750000	323229.718750
 65-69 	423273.187500	182337.343750	240935.843750
 70-74 	274562.375000	106489.195313	168073.187500
 75-79 	155207.703125	52889.988281	102317.718750
 80+ 	111499.789063	32656.630859	78843.156250
Total	30499174.000000	15165105.000000	15334069.000000
1983			
 0-4	4663651.000000	2347887.750000	2315763.000000
 5-9	4216328.000000	2113879.500000	2102448.250000
 10-14 	3796134.750000	1894525.375000	1901609.500000
 15-19 	3308405.000000	1662588.250000	1645816.750000
 20-24 	2871864.500000	1446998.500000	1424866.125000
 25-29 	2517469.000000	1269191.375000	1248277.625000
 30-34 	2096381.250000	1061803.125000	1034578.000000
 35-39 	1721223.125000	868974.500000	852248.625000
 40-44 	1465500.875000	729624.750000	735876.125000
 45-49 	1219712.875000	603502.375000	616210.562500
 50-54 	1006148.500000	500814.937500	505333.562500
 55-59 	787706.562500	384099.156250	403607.375000
 60-64 	603588.875000	275562.468750	328026.437500
 65-69 	437644.093750	188085.640625	249558.437500
 70-74 	279293.187500	109065.156250	170228.031250
 75-79 	161577.812500	54907.769531	106670.046875
 80+ 	113589.250000	32982.863281	80606.382813
Total	31266218.000000	15544494.000000	15721725.000000
1984			
 0-4	4731069.000000	2382273.000000	2348796.250000
 5-9	4289144.500000	2151009.000000	2138135.250000
 10-14 	3876324.500000	1935309.375000	1941015.250000
 15-19 	3410166.750000	1709502.875000	1700664.000000
 20-24 	2938643.250000	1480208.250000	1458435.000000
 25-29 	2587598.500000	1302867.250000	1284731.250000
 30-34 	2182588.750000	1104219.625000	1078369.000000
 35-39 	1770482.750000	894794.625000	875688.187500
 40-44 	1509782.125000	752659.250000	757122.875000
 45-49 	1249687.625000	616407.125000	633280.500000
 50-54 	1033938.812500	511832.125000	522106.687500
 55-59 	811375.625000	397272.750000	414102.906250
 60-64 	614605.625000	281325.562500	333280.062500
 65-69 	451146.906250	193424.406250	257722.484375
 70-74 	285344.000000	112023.531250	173320.453125
 75-79 	167500.812500	56855.332031	110645.484375
 80+ 	116331.437500	33506.164063	82825.273438
Total	32025730.000000	15915490.000000	16110241.000000
1985			
 0-4	4789067.500000	2411503.000000	2377564.750000
 5-9	4362591.500000	2188365.500000	2174225.750000
 10-14 	3958728.750000	1979923.750000	1978805.000000
 15-19 	3501708.500000	1748489.750000	1753218.750000
 20-24 	3008444.500000	1513736.625000	1494707.750000
 25-29 	2650513.250000	1332672.500000	1317840.750000
 30-34 	2260726.750000	1141956.625000	1118770.250000
 35-39 	1827288.250000	923484.875000	903803.437500
 40-44 	1550371.875000	773381.312500	776990.562500
 45-49 	1280832.500000	629958.562500	650874.000000
 50-54 	1059474.875000	521376.718750	538098.187500
 55-59 	834630.812500	408762.562500	425868.250000
 60-64 	628223.687500	288719.781250	339503.937500
 65-69 	462712.062500	198024.718750	264687.343750
 70-74 	293232.125000	115393.437500	177838.687500
 75-79 	172510.312500	58606.570313	113903.750000
 80+ 	119772.046875	34234.843750	85537.203125
Total	32760830.000000	16268591.000000	16492239.000000
1986			
 0-4	4837512.000000	2436072.750000	2401439.000000
 5-9	4437712.000000	2226626.000000	2211086.250000
 10-14 	4036351.250000	2018610.875000	2017740.500000
 15-19 	3588951.250000	1789188.000000	1799763.375000
 20-24 	3083262.500000	1548091.500000	1535171.000000
 25-29 	2707811.000000	1358426.750000	1349384.000000
 30-34 	2332854.250000	1175048.750000	1157805.625000
 35-39 	1891553.500000	954436.500000	937117.000000
 40-44 	1587706.000000	791978.812500	795727.250000
 45-49 	1313431.000000	644381.750000	669049.250000
 50-54 	1083075.250000	529631.312500	553443.937500
 55-59 	857753.062500	418890.156250	438862.906250
 60-64 	643997.125000	297414.312500	346582.781250
 65-69 	472978.906250	202186.343750	270792.562500
 70-74 	302780.375000	119180.164063	183600.203125
 75-79 	176955.906250	60305.582031	116650.312500
 80+ 	123828.140625	35145.425781	88682.718750
Total	33478514.000000	16605615.000000	16872898.000000
1987			
 0-4	4875790.000000	2455686.750000	2420103.500000
 5-9	4512640.500000	2264781.250000	2247859.250000
 10-14 	4107392.250000	2054205.375000	2053186.875000
 15-19 	3674674.000000	1829817.375000	1844856.750000
 20-24 	3165526.750000	1585383.875000	1580142.875000
 25-29 	2761729.500000	1382220.500000	1379509.000000
 30-34 	2400856.500000	1205044.500000	1195812.250000
 35-39 	1964877.000000	989026.937500	975850.062500
 40-44 	1622331.625000	809088.750000	813242.875000
 45-49 	1349235.500000	660822.750000	688412.812500
 50-54 	1105422.875000	537107.500000	568315.375000
 55-59 	881392.125000	428115.187500	453276.937500
 60-64 	661923.062500	307496.625000	354426.437500
 65-69 	481946.062500	205871.875000	276074.187500
 70-74 	314004.000000	123381.906250	190622.093750
 75-79 	180841.343750	61980.726563	118860.625000
 80+ 	128475.593750	36217.457031	92258.140625
Total	34189060.000000	16936250.000000	17252810.000000
1988			
 0-4	4902180.000000	2469377.500000	2432802.500000
 5-9	4584716.000000	2301437.750000	2283278.500000
 10-14 	4176796.500000	2089217.750000	2087579.000000
 15-19 	3757228.500000	1869904.000000	1887324.375000
 20-24 	3259625.750000	1628588.250000	1631037.375000
 25-29 	2818760.500000	1408760.250000	1410000.250000
 30-34 	2467723.750000	1234996.625000	1232727.000000
 35-39 	2045947.250000	1027731.062500	1018216.250000
 40-44 	1660867.125000	828371.750000	832495.375000
 45-49 	1390340.500000	680753.250000	709587.187500
 50-54 	1130979.250000	546783.250000	584196.000000
 55-59 	907452.000000	438231.968750	469220.000000
 60-64 	682377.812500	319022.437500	363355.406250
 65-69 	490850.500000	209812.343750	281038.187500
 70-74 	326003.500000	127741.343750	198262.156250
 75-79 	184815.937500	63766.386719	121049.554688
 80+ 	133464.140625	37420.542969	96043.601563
Total	34920128.000000	17281916.000000	17638212.000000
1989			
 0-4	4914556.000000	2476024.000000	2438532.000000
 5-9	4651906.500000	2335553.250000	2316353.500000
 10-14 	4248258.500000	2125439.750000	2122818.500000
 15-19 	3837508.500000	1910909.375000	1926599.250000
 20-24 	3362268.750000	1676380.375000	1685888.375000
 25-29 	2884160.000000	1440823.500000	1443336.250000
 30-34 	2534476.250000	1265927.250000	1268549.000000
 35-39 	2129367.500000	1068174.500000	1061192.875000
 40-44 	1709238.750000	853370.687500	855868.062500
 45-49 	1434557.500000	703411.562500	731146.000000
 50-54 	1160972.750000	559654.937500	601317.812500
 55-59 	934420.625000	448817.968750	485602.718750
 60-64 	704348.062500	330687.687500	373660.375000
 65-69 	501425.187500	214946.062500	286479.125000
 70-74 	337468.750000	131920.000000	205548.781250
 75-79 	189788.843750	65838.382813	123950.460938
 80+ 	138429.125000	38677.507813	99751.625000
Total	35673152.000000	17646556.000000	18026594.000000
1990			
 0-4	4916560.500000	2477236.000000	2439324.500000
 5-9	4713445.500000	2367045.000000	2346400.500000
 10-14 	4324325.000000	2164209.000000	2160115.750000
 15-19 	3925876.750000	1958258.250000	1967618.625000
 20-24 	3468362.000000	1722001.750000	1746360.250000
 25-29 	2971724.500000	1481771.250000	1489953.125000
 30-34 	2612427.000000	1301074.125000	1311352.875000
 35-39 	2219970.250000	1110065.125000	1109905.125000
 40-44 	1775911.750000	886211.812500	889699.875000
 45-49 	1485598.000000	729907.625000	755690.375000
 50-54 	1203107.750000	580016.875000	623090.875000
 55-59 	968599.562500	463902.187500	504697.375000
 60-64 	732298.875000	344894.218750	387404.687500
 65-69 	517724.468750	223692.375000	294032.093750
 70-74 	349112.468750	136746.328125	212366.140625
 75-79 	196585.750000	68583.023438	128002.734375
 80+ 	143415.906250	40108.003906	103307.906250
Total	36525044.000000	18055722.000000	18469322.000000
1991			
 0-4	4912243.500000	2475224.000000	2437019.500000
 5-9	4765445.500000	2393695.000000	2371750.500000
 10-14 	4403542.000000	2204636.000000	2198906.000000
 15-19 	4012109.250000	2001176.625000	2010932.750000
 20-24 	3576611.500000	1772932.500000	1803679.000000
 25-29 	3074556.250000	1529935.375000	1544621.000000
 30-34 	2695198.750000	1338883.000000	1356315.625000
 35-39 	2313477.750000	1152563.875000	1160914.000000
 40-44 	1857936.875000	925492.062500	932444.750000
 45-49 	1541103.875000	758419.187500	782684.750000
 50-54 	1254348.625000	605498.625000	648850.000000
 55-59 	1007280.375000	481416.937500	525863.500000
 60-64 	764103.125000	360288.875000	403814.250000
 65-69 	537636.312500	234671.765625	302964.562500
 70-74 	360599.375000	141826.609375	218772.765625
 75-79 	204760.843750	71782.867188	132977.984375
 80+ 	148438.234375	41661.585938	106776.648438
Total	37429392.000000	18490104.000000	18939288.000000
1992			
 0-4	4907144.500000	2472800.500000	2434344.250000
 5-9	4807080.000000	2415066.500000	2392013.250000
 10-14 	4482941.500000	2245175.750000	2237765.500000
 15-19 	4092445.750000	2041548.625000	2050897.250000
 20-24 	3684205.250000	1824505.625000	1859699.625000
 25-29 	3188701.750000	1583333.000000	1605368.625000
 30-34 	2779479.500000	1377874.500000	1401604.875000
 35-39 	2407161.750000	1194362.375000	1212799.375000
 40-44 	1954390.000000	970059.875000	984330.125000
 45-49 	1598888.500000	786791.812500	812096.750000
 50-54 	1313679.375000	634593.187500	679086.187500
 55-59 	1049224.625000	499994.187500	549230.375000
 60-64 	799128.625000	376186.406250	422942.250000
 65-69 	560377.812500	247368.593750	313009.250000
 70-74 	371692.468750	146946.078125	224746.390625
 75-79 	214266.718750	75369.500000	138897.218750
 80+ 	153473.109375	43319.347656	110153.757813
Total	38364280.000000	18935296.000000	19428986.000000
1993			
 0-4	4903490.000000	2471194.750000	2432295.000000
 5-9	4835366.500000	2429558.750000	2405807.750000
 10-14 	4558625.500000	2283776.000000	2274849.500000
 15-19 	4169685.250000	2080887.750000	2088797.500000
 20-24 	3781463.500000	1873609.000000	1907854.375000
 25-29 	3303727.000000	1639114.750000	1664612.250000
 30-34 	2858308.500000	1415948.750000	1442359.875000
 35-39 	2495893.000000	1233036.000000	1262857.125000
 40-44 	2060938.000000	1016549.875000	1044388.000000
 45-49 	1663411.500000	815141.062500	848270.375000
 50-54 	1380375.500000	665119.562500	715255.875000
 55-59 	1095401.250000	519165.968750	576235.312500
 60-64 	836121.062500	391608.062500	444513.000000
 65-69 	584247.812500	260307.687500	323940.125000
 70-74 	382011.875000	151933.531250	230078.328125
 75-79 	223711.750000	78885.828125	144825.921875
 80+ 	158033.671875	44935.082031	113098.593750
Total	39290812.000000	19370772.000000	19920040.000000
1994			
 0-4	4898911.500000	2469333.000000	2429578.500000
 5-9	4846531.500000	2435196.750000	2411335.000000
 10-14 	4627906.500000	2318972.000000	2308934.500000
 15-19 	4246589.000000	2120502.000000	2126087.250000
 20-24 	3865529.250000	1920892.750000	1944636.375000
 25-29 	3406737.500000	1693198.250000	1713539.000000
 30-34 	2925774.250000	1451910.250000	1473864.000000
 35-39 	2575109.000000	1266748.250000	1308360.875000
 40-44 	2171249.750000	1061001.750000	1110248.000000
 45-49 	1742757.250000	845627.750000	897129.562500
 50-54 	1454535.875000	695488.875000	759047.000000
 55-59 	1148644.500000	539632.875000	609011.562500
 60-64 	874425.625000	406102.625000	468322.968750
 65-69 	607711.687500	271951.093750	335760.625000
 70-74 	391669.562500	156769.937500	234899.640625
 75-79 	231322.531250	81839.984375	149482.546875
 80+ 	161595.625000	46454.726563	115140.906250
Total	40177000.000000	19781622.000000	20395378.000000
1995			
 0-4	4883077.000000	2461094.250000	2421983.000000
 5-9	4838759.000000	2430379.000000	2408380.000000
 10-14 	4687376.000000	2348776.000000	2338600.000000
 15-19 	4322568.000000	2159362.750000	2163205.500000
 20-24 	3942740.500000	1968897.625000	1973842.750000
 25-29 	3480366.500000	1736332.250000	1744034.250000
 30-34 	2980210.500000	1486002.375000	1494207.875000
 35-39 	2639450.000000	1294878.125000	1344571.875000
 40-44 	2271748.250000	1099408.875000	1172339.250000
 45-49 	1830445.250000	876740.625000	953704.625000
 50-54 	1525586.000000	721126.500000	804459.375000
 55-59 	1204005.250000	559329.875000	644675.375000
 60-64 	911453.875000	418686.937500	492766.906250
 65-69 	630182.562500	281594.000000	348588.562500
 70-74 	400598.656250	161562.000000	239036.656250
 75-79 	235533.078125	83900.812500	151632.250000
 80+ 	162788.484375	47618.894531	115169.585938
Total	40946888.000000	20135690.000000	20811198.000000
1996			
 0-4	4858240.500000	2448353.500000	2409887.000000
 5-9	4817812.500000	2418639.000000	2399173.500000
 10-14 	4735553.000000	2372500.500000	2363052.750000
 15-19 	4400838.000000	2199393.250000	2201444.750000
 20-24 	4011946.500000	2011088.750000	2000857.500000
 25-29 	3537085.000000	1780124.000000	1756961.000000
 30-34 	3024110.500000	1519433.250000	1504677.375000
 35-39 	2690285.250000	1317978.625000	1372306.500000
 40-44 	2366610.500000	1133414.625000	1233195.875000
 45-49 	1931137.625000	910836.125000	1020301.500000
 50-54 	1599818.250000	745380.750000	854437.500000
 55-59 	1265886.625000	580458.625000	685428.000000
 60-64 	949893.125000	430752.718750	519140.375000
 65-69 	652898.687500	289929.906250	362968.781250
 70-74 	409355.625000	166308.953125	243046.640625
 75-79 	237624.437500	85308.109375	152316.328125
 80+ 	162579.531250	48585.808594	113993.726563
Total	41651676.000000	20458486.000000	21193190.000000
1997			
 0-4	4827267.500000	2432595.750000	2394671.500000
 5-9	4790247.500000	2403652.750000	2386594.750000
 10-14 	4771798.000000	2389818.500000	2381979.750000
 15-19 	4479315.000000	2239400.000000	2239915.000000
 20-24 	4075882.750000	2050212.500000	2025670.250000
 25-29 	3588175.000000	1822845.500000	1765329.625000
 30-34 	3065533.500000	1554793.000000	1510740.500000
 35-39 	2728119.500000	1337606.000000	1390513.500000
 40-44 	2451527.000000	1162715.625000	1288811.375000
 45-49 	2040148.875000	947720.812500	1092428.125000
 50-54 	1672909.750000	767632.125000	905277.625000
 55-59 	1332939.750000	603046.500000	729893.250000
 60-64 	989732.375000	442543.125000	547189.250000
 65-69 	677428.812500	297848.687500	379580.125000
 70-74 	419249.812500	171515.187500	247734.609375
 75-79 	238780.406250	86345.906250	152434.500000
 80+ 	162230.921875	49573.339844	112657.578125
Total	42311288.000000	20759866.000000	21551422.000000
1998			
 0-4	4798938.000000	2418242.000000	2380696.000000
 5-9	4763119.000000	2389378.000000	2373741.000000
 10-14 	4795822.000000	2400699.750000	2395122.500000
 15-19 	4556261.500000	2278291.250000	2277970.250000
 20-24 	4144664.250000	2088714.250000	2055950.000000
 25-29 	3641741.750000	1863665.250000	1778076.500000
 30-34 	3116051.500000	1594471.750000	1521579.625000
 35-39 	2758315.000000	1357017.000000	1401298.000000
 40-44 	2521999.250000	1187533.750000	1334465.500000
 45-49 	2146654.250000	984900.750000	1161753.500000
 50-54 	1742027.500000	788421.562500	953605.937500
 55-59 	1400695.500000	626062.375000	774633.125000
 60-64 	1031279.437500	454839.156250	576440.312500
 65-69 	705428.687500	306463.562500	398965.093750
 70-74 	432951.031250	177851.187500	255099.843750
 75-79 	242948.703125	88343.937500	154604.765625
 80+ 	163564.687500	50921.414063	112643.273438
Total	42962464.000000	21055818.000000	21906644.000000
1999			
 0-4	4783996.500000	2410707.750000	2373288.750000
 5-9	4739878.000000	2377717.000000	2362161.000000
 10-14 	4806980.500000	2405039.000000	2401941.500000
 15-19 	4630937.000000	2315602.250000	2315334.750000
 20-24 	4224637.000000	2128518.250000	2096118.750000
 25-29 	3704991.500000	1903315.500000	1801675.875000
 30-34 	3179507.000000	1636720.875000	1542786.000000
 35-39 	2787727.500000	1379087.250000	1408640.250000
 40-44 	2575775.000000	1208479.500000	1367295.500000
 45-49 	2239069.500000	1018716.625000	1220352.875000
 50-54 	1806904.250000	808955.750000	997948.437500
 55-59 	1463755.250000	647820.500000	815934.750000
 60-64 	1074653.375000	468275.218750	606378.250000
 65-69 	737412.125000	316380.312500	421031.812500
 70-74 	452543.312500	185614.359375	266928.937500
 75-79 	253729.375000	92328.015625	161401.343750
 80+ 	168292.734375	52986.757813	115305.976563
Total	43630788.000000	21356264.000000	22274524.000000
2000			
 0-4	4793217.000000	2415839.750000	2377377.000000
 5-9	4721405.500000	2369329.750000	2352075.750000
 10-14 	4808042.500000	2404507.500000	2403535.000000
 15-19 	4704771.500000	2352732.250000	2352039.500000
 20-24 	4319945.500000	2173320.250000	2146625.500000
 25-29 	3789909.500000	1948090.000000	1841819.500000
 30-34 	3247445.500000	1674128.375000	1573317.250000
 35-39 	2822877.250000	1405305.000000	1417572.250000
 40-44 	2616036.500000	1227046.000000	1388990.375000
 45-49 	2314166.000000	1047617.687500	1266548.250000
 50-54 	1870731.625000	831019.875000	1039711.625000
 55-59 	1520552.875000	667816.250000	852736.562500
 60-64 	1120139.625000	483190.250000	636949.437500
 65-69 	772632.375000	327382.875000	445249.562500
 70-74 	478139.437500	194657.359375	283482.093750
 75-79 	272511.218750	99069.242188	173441.968750
 80+ 	178080.562500	56178.976563	121901.585938
Total	44350604.000000	21677232.000000	22673374.000000
2001			
 0-4	4824921.000000	2431999.000000	2392921.500000
 5-9	4705484.000000	2362608.750000	2342875.250000
 10-14 	4801495.000000	2400613.750000	2400881.500000
 15-19 	4771613.500000	2385915.250000	2385698.000000
 20-24 	4425084.000000	2220964.000000	2204119.750000
 25-29 	3884086.250000	1988185.750000	1895900.500000
 30-34 	3322475.000000	1713756.250000	1608718.500000
 35-39 	2864205.750000	1435301.250000	1428904.375000
 40-44 	2640506.000000	1242985.375000	1397520.500000
 45-49 	2369467.000000	1070853.875000	1298613.000000
 50-54 	1929387.750000	853098.625000	1076289.125000
 55-59 	1567923.875000	684839.937500	883084.000000
 60-64 	1166446.375000	499235.468750	667210.875000
 65-69 	809432.500000	338815.375000	470617.093750
 70-74 	508582.937500	204742.765625	303840.156250
 75-79 	296758.656250	107479.968750	189278.687500
 80+ 	193311.000000	60687.148438	132623.859375
Total	45081180.000000	22002082.000000	23079096.000000
2002			
 0-4	4874134.000000	2456768.750000	2417365.250000
 5-9	4691638.500000	2356975.000000	2334663.500000
 10-14 	4790073.000000	2394946.250000	2395126.750000
 15-19 	4827763.000000	2413371.500000	2414391.750000
 20-24 	4531919.000000	2269774.000000	2262144.750000
 25-29 	3979550.500000	2026611.000000	1952939.500000
 30-34 	3399867.500000	1751432.750000	1648434.625000
 35-39 	2911529.500000	1467831.875000	1443697.750000
 40-44 	2652254.250000	1256455.750000	1395798.500000
 45-49 	2409553.000000	1088935.250000	1320617.875000
 50-54 	1987202.000000	876250.312500	1110951.750000
 55-59 	1606126.375000	698279.625000	907846.750000
 60-64 	1213704.125000	516261.093750	697443.000000
 65-69 	845278.250000	349642.968750	495635.312500
 70-74 	541215.125000	215113.296875	326101.875000
 75-79 	322433.500000	116312.375000	206121.125000
 80+ 	213580.281250	66408.234375	147172.046875
Total	45797824.000000	22321370.000000	23476452.000000
2003			
 0-4	4934252.500000	2486922.750000	2447329.750000
 5-9	4685274.500000	2354893.500000	2330380.750000
 10-14 	4776059.000000	2388707.000000	2387352.250000
 15-19 	4867642.000000	2432303.000000	2435338.750000
 20-24 	4633142.000000	2317528.000000	2315613.750000
 25-29 	4076390.500000	2066634.000000	2009756.500000
 30-34 	3470950.000000	1784929.750000	1686020.250000
 35-39 	2962528.250000	1500737.875000	1461790.375000
 40-44 	2655456.000000	1267655.750000	1387800.250000
 45-49 	2438275.000000	1102418.250000	1335856.625000
 50-54 	2044176.625000	899504.625000	1144672.000000
 55-59 	1639144.375000	709243.875000	929900.500000
 60-64 	1260563.250000	533228.687500	727334.500000
 65-69 	878763.750000	359374.937500	519388.843750
 70-74 	573398.312500	225034.562500	348363.781250
 75-79 	346522.312500	124516.859375	222005.437500
 80+ 	238741.375000	73501.335938	165240.046875
Total	46481280.000000	22627134.000000	23854144.000000
2004			
 0-4	4998832.000000	2519239.500000	2479592.500000
 5-9	4697045.500000	2361702.500000	2335342.750000
 10-14 	4760352.500000	2382202.750000	2378149.750000
 15-19 	4886454.500000	2440345.500000	2446109.250000
 20-24 	4725754.000000	2362386.000000	2363367.750000
 25-29 	4178435.000000	2111086.250000	2067348.750000
 30-34 	3537110.500000	1816210.000000	1720900.500000
 35-39 	3011894.250000	1530493.875000	1481400.250000
 40-44 	2654348.250000	1277196.250000	1377152.125000
 45-49 	2457341.500000	1112060.000000	1345281.375000
 50-54 	2095771.250000	920410.625000	1175360.500000
 55-59 	1671967.250000	719869.375000	952097.812500
 60-64 	1304636.000000	548726.125000	755909.937500
 65-69 	910416.625000	368337.718750	542078.875000
 70-74 	603878.062500	234190.843750	369687.187500
 75-79 	368665.125000	131830.046875	236835.062500
 80+ 	268881.937500	82194.460938	186687.468750
Total	47131784.000000	22918482.000000	24213302.000000
2005			
 0-4	5063548.000000	2551506.000000	2512042.000000
 5-9	4736471.000000	2382085.750000	2354385.500000
 10-14 	4743210.000000	2375305.000000	2367905.250000
 15-19 	4886010.500000	2438677.000000	2447333.500000
 20-24 	4809062.500000	2403279.750000	2405783.000000
 25-29 	4289992.500000	2162011.500000	2127981.000000
 30-34 	3611433.000000	1853210.500000	1758222.375000
 35-39 	3051307.500000	1551070.500000	1500237.250000
 40-44 	2655607.000000	1286552.375000	1369054.750000
 45-49 	2470840.000000	1119223.250000	1351616.875000
 50-54 	2141592.250000	938013.125000	1203579.125000
 55-59 	1709250.500000	731955.375000	977295.125000
 60-64 	1344894.250000	561956.812500	782937.375000
 65-69 	941793.937500	377171.718750	564622.250000
 70-74 	632477.500000	242562.234375	389915.281250
 75-79 	390236.593750	138682.265625	251554.328125
 80+ 	304373.437500	92652.593750	211720.843750
Total	47782100.000000	23205916.000000	24576186.000000
2006			
 0-4	5118316.500000	2578763.000000	2539553.250000
 5-9	4806444.000000	2417473.750000	2388970.000000
 10-14 	4723938.000000	2367480.250000	2356457.500000
 15-19 	4868726.500000	2429010.250000	2439716.250000
 20-24 	4877394.500000	2436813.750000	2440580.500000
 25-29 	4407776.500000	2217781.000000	2189995.500000
 30-34 	3689302.000000	1888835.250000	1800466.625000
 35-39 	3087374.500000	1572311.750000	1515062.750000
 40-44 	2660962.750000	1297040.875000	1363921.750000
 45-49 	2477791.000000	1124283.375000	1353507.750000
 50-54 	2182489.500000	952859.000000	1229630.625000
 55-59 	1751060.000000	745875.062500	1005185.000000
 60-64 	1380665.250000	572833.375000	807831.875000
 65-69 	973765.125000	386328.031250	587437.125000
 70-74 	657804.000000	249535.562500	408268.406250
 75-79 	410387.531250	144895.640625	265491.906250
 80+ 	341665.625000	103687.000000	237978.609375
Total	48415864.000000	23485806.000000	24930056.000000
2007			
 0-4	5158121.000000	2598511.500000	2559609.250000
 5-9	4901474.500000	2465240.500000	2436234.250000
 10-14 	4705073.500000	2359703.750000	2345370.000000
 15-19 	4841396.000000	2415143.750000	2426252.000000
 20-24 	4928822.500000	2461444.500000	2467378.000000
 25-29 	4527132.000000	2275166.750000	2251965.250000
 30-34 	3773737.000000	1927735.125000	1846001.750000
 35-39 	3126933.000000	1594511.375000	1532421.750000
 40-44 	2674937.250000	1310958.625000	1363978.750000
 45-49 	2479218.500000	1128214.125000	1351004.250000
 50-54 	2219882.250000	965688.375000	1254193.750000
 55-59 	1799309.875000	762658.625000	1036651.312500
 60-64 	1411367.750000	581304.250000	830063.500000
 65-69 	1008406.250000	396725.312500	611680.937500
 70-74 	680014.000000	255123.109375	424890.937500
 75-79 	429927.312500	150734.265625	279193.000000
 80+ 	377644.593750	114210.164063	263434.437500
Total	49043396.000000	23763074.000000	25280324.000000
2008			
 0-4	5177016.500000	2607849.250000	2569167.500000
 5-9	5006532.500000	2517920.000000	2488612.500000
 10-14 	4693953.500000	2355482.250000	2338471.000000
 15-19 	4810045.500000	2400257.750000	2409787.500000
 20-24 	4956769.000000	2473763.750000	2483005.500000
 25-29 	4637199.000000	2328377.000000	2308822.250000
 30-34 	3867970.750000	1971581.000000	1896389.625000
 35-39 	3168875.500000	1617919.625000	1550955.750000
 40-44 	2697442.000000	1329162.000000	1368280.000000
 45-49 	2473620.000000	1131534.250000	1342085.625000
 50-54 	2250801.500000	976353.000000	1274448.500000
 55-59 	1850458.250000	781241.125000	1069217.125000
 60-64 	1438996.500000	588654.312500	850342.187500
 65-69 	1045363.750000	408240.156250	637123.562500
 70-74 	699612.250000	259516.265625	440096.000000
 75-79 	448012.125000	155826.390625	292185.718750
 80+ 	408070.562500	122704.875000	285365.687500
Total	49630740.000000	24026384.000000	25604356.000000
2009			
 0-4	5173641.000000	2606216.750000	2567424.000000
 5-9	5101507.500000	2565418.750000	2536089.000000
 10-14 	4700927.500000	2360034.500000	2340893.000000
 15-19 	4777099.000000	2385385.750000	2391713.500000
 20-24 	4954011.000000	2470515.000000	2483496.250000
 25-29 	4725626.000000	2371684.000000	2353942.000000
 30-34 	3966831.750000	2018562.000000	1948269.750000
 35-39 	3210318.750000	1642497.000000	1567821.625000
 40-44 	2719788.500000	1348228.000000	1371560.500000
 45-49 	2457673.000000	1133838.000000	1323835.000000
 50-54 	2268822.750000	983750.125000	1285072.500000
 55-59 	1896852.000000	798897.312500	1097954.750000
 60-64 	1466451.000000	596638.625000	869812.375000
 65-69 	1081844.000000	419756.843750	662087.187500
 70-74 	717424.562500	263073.468750	454351.093750
 75-79 	462837.375000	159461.515625	303375.843750
 80+ 	429868.187500	128106.804688	301761.375000
Total	50111524.000000	24252064.000000	25859460.000000
2010			
 0-4	5136872.500000	2589199.750000	2547672.750000
 5-9	5164347.000000	2597014.500000	2567332.250000
 10-14 	4734373.000000	2377560.750000	2356812.500000
 15-19 	4742529.000000	2370359.750000	2372169.250000
 20-24 	4915181.000000	2449986.250000	2465194.750000
 25-29 	4780887.000000	2399309.750000	2381577.500000
 30-34 	4066462.000000	2066542.125000	1999919.875000
 35-39 	3259140.750000	1673048.625000	1586092.250000
 40-44 	2728358.750000	1361678.875000	1366680.000000
 45-49 	2428223.250000	1136059.500000	1292163.875000
 50-54 	2266954.000000	987379.250000	1279574.625000
 55-59 	1932461.875000	813903.375000	1118558.500000
 60-64 	1494977.250000	606618.375000	888358.875000
 65-69 	1115313.625000	430311.312500	685002.250000
 70-74 	733022.687500	265619.781250	467402.906250
 75-79 	470484.531250	160223.343750	310261.187500
 80+ 	435319.250000	128268.257813	307051.000000
Total	50404908.000000	24413084.000000	25991824.000000
2011			
 0-4	5110724.000000	2576718.500000	2534005.250000
 5-9	5188522.000000	2609244.500000	2579277.250000
 10-14 	4797343.500000	2409544.750000	2387799.000000
 15-19 	4709497.000000	2356079.500000	2353417.250000
 20-24 	4865556.000000	2424177.000000	2441379.250000
 25-29 	4820067.000000	2417250.250000	2402816.500000
 30-34 	4172659.000000	2117128.000000	2055531.000000
 35-39 	3327379.000000	1708451.875000	1618927.125000
 40-44 	2747646.000000	1381650.125000	1365996.000000
 45-49 	2411483.000000	1143648.000000	1267835.000000
 50-54 	2258635.250000	990314.625000	1268320.625000
 55-59 	1964723.875000	827494.312500	1137229.500000
 60-64 	1529654.000000	619406.812500	910247.250000
 65-69 	1146465.750000	440211.093750	706254.625000
 70-74 	753600.062500	270190.125000	483409.937500
 75-79 	478416.937500	160600.671875	317816.250000
 80+ 	440232.468750	127976.218750	312256.250000
Total	50722604.000000	24580086.000000	26142518.000000
2012			
 0-4	5099736.000000	2571761.750000	2527974.250000
 5-9	5180005.500000	2605165.000000	2574840.750000
 10-14 	4883565.000000	2453021.500000	2430543.500000
 15-19 	4679649.500000	2343219.000000	2336430.250000
 20-24 	4809247.500000	2396027.250000	2413220.250000
 25-29 	4843544.500000	2425309.500000	2418235.000000
 30-34 	4289289.000000	2170817.750000	2118471.250000
 35-39 	3425378.500000	1755643.000000	1669735.500000
 40-44 	2789971.750000	1410714.000000	1379257.875000
 45-49 	2417660.750000	1160659.875000	1257000.750000
 50-54 	2249267.250000	994816.437500	1254450.875000
 55-59 	1996579.750000	840808.500000	1155771.250000
 60-64 	1572981.125000	635982.437500	936998.687500
 65-69 	1174646.250000	449124.375000	725521.875000
 70-74 	780328.375000	277342.375000	502986.000000
 75-79 	486829.437500	160817.562500	326011.875000
 80+ 	445947.781250	127801.429688	318146.343750
Total	51124628.000000	24779032.000000	26345596.000000
2013			
 0-4	5108765.500000	2576851.750000	2531913.750000
 5-9	5148500.000000	2589716.750000	2558783.000000
 10-14 	4979769.000000	2501408.500000	2478360.500000
 15-19 	4660918.500000	2335478.000000	2325440.750000
 20-24 	4758567.500000	2371598.250000	2386969.000000
 25-29 	4851098.000000	2424367.500000	2426730.750000
 30-34 	4406285.000000	2223649.750000	2182635.250000
 35-39 	3550374.750000	1813820.625000	1736554.000000
 40-44 	2852469.000000	1447601.250000	1404867.750000
 45-49 	2445585.500000	1186803.375000	1258782.000000
 50-54 	2240454.000000	1001811.125000	1238643.000000
 55-59 	2025822.875000	853456.937500	1172366.000000
 60-64 	1621577.500000	655010.750000	966566.750000
 65-69 	1201248.000000	457592.437500	743655.625000
 70-74 	811742.000000	286578.781250	525163.250000
 75-79 	496380.187500	161357.515625	335022.656250
 80+ 	453023.312500	128028.195313	324995.125000
Total	51612580.000000	25015132.000000	26597450.000000
2014			
 0-4	5100408.500000	2573135.000000	2527273.750000
 5-9	5117077.000000	2574604.250000	2542472.750000
 10-14 	5067204.500000	2545323.500000	2521881.000000
 15-19 	4663128.500000	2337839.750000	2325289.000000
 20-24 	4714968.000000	2351502.000000	2363466.000000
 25-29 	4836969.000000	2413142.500000	2423826.500000
 30-34 	4512045.000000	2271259.500000	2240785.250000
 35-39 	3690936.500000	1879594.875000	1811341.500000
 40-44 	2930536.000000	1491626.750000	1438909.000000
 45-49 	2487191.000000	1218434.750000	1268756.375000
 50-54 	2234467.750000	1012091.375000	1222376.500000
 55-59 	2049514.375000	865158.625000	1184355.750000
 60-64 	1669724.000000	674220.187500	995503.875000
 65-69 	1229529.000000	466985.468750	762543.562500
 70-74 	844806.437500	296681.562500	548124.875000
 75-79 	508024.562500	162731.390625	345293.156250
 80+ 	461125.531250	128501.695313	332623.843750
Total	52117656.000000	25262832.000000	26854822.000000
2015			
 0-4	5086813.000000	2566729.000000	2520084.000000
 5-9	5094157.500000	2563842.250000	2530315.000000
 10-14 	5128242.500000	2576017.750000	2552225.000000
 15-19 	4694600.500000	2354379.500000	2340220.750000
 20-24 	4679040.500000	2335592.750000	2343447.750000
 25-29 	4804057.500000	2393737.750000	2410319.750000
 30-34 	4598903.000000	2310040.500000	2288862.750000
 35-39 	3835624.500000	1947640.250000	1887984.375000
 40-44 	3026641.000000	1544984.000000	1481657.000000
 45-49 	2529481.000000	1248009.250000	1281471.625000
 50-54 	2233913.500000	1026100.062500	1207813.500000
 55-59 	2065155.750000	875576.812500	1189579.000000
 60-64 	1713268.500000	691865.937500	1021402.500000
 65-69 	1261796.250000	478230.500000	783565.750000
 70-74 	876809.187500	306569.906250	570239.250000
 75-79 	522690.843750	165357.468750	357333.375000
 80+ 	469988.250000	129108.023438	340880.218750
Total	52621184.000000	25513782.000000	27107402.000000
2016			
 0-4	5063068.000000	2555267.250000	2507801.000000
 5-9	5083403.000000	2559195.750000	2524207.000000
 10-14 	5152642.000000	2588474.500000	2564167.500000
 15-19 	4756193.500000	2385669.000000	2370524.250000
 20-24 	4647421.500000	2321985.750000	2325435.500000
 25-29 	4757720.500000	2369136.750000	2388583.750000
 30-34 	4660555.000000	2336679.500000	2323875.250000
 35-39 	3975470.000000	2013426.750000	1962043.250000
 40-44 	3132347.500000	1598688.000000	1533659.625000
 45-49 	2575546.500000	1281060.000000	1294486.250000
 50-54 	2240425.500000	1043739.937500	1196685.625000
 55-59 	2071502.000000	884445.500000	1187056.375000
 60-64 	1751815.500000	707697.062500	1044118.437500
 65-69 	1298124.000000	491335.312500	806788.750000
 70-74 	906176.125000	315650.062500	590526.125000
 75-79 	540874.500000	169394.781250	371479.718750
 80+ 	479500.375000	129774.828125	349725.562500
Total	53092784.000000	25751620.000000	27341164.000000
2017			
 0-4	5026715.000000	2537452.000000	2489263.000000
 5-9	5080637.000000	2558607.250000	2522030.000000
 10-14 	5146518.000000	2585748.250000	2560770.000000
 15-19 	4841919.500000	2428874.250000	2413045.500000
 20-24 	4620837.000000	2310628.500000	2310208.750000
 25-29 	4708705.500000	2344482.250000	2364223.500000
 30-34 	4699106.000000	2351894.250000	2347211.750000
 35-39 	4109099.250000	2076197.250000	2032902.000000
 40-44 	3248333.500000	1655934.250000	1592399.125000
 45-49 	2631151.500000	1317314.000000	1313837.375000
 50-54 	2257943.500000	1066158.625000	1191785.000000
 55-59 	2070174.625000	892514.125000	1177660.500000
 60-64 	1785889.375000	721914.750000	1063974.625000
 65-69 	1339562.125000	506745.531250	832816.562500
 70-74 	931979.750000	323594.125000	608385.625000
 75-79 	563032.312500	174994.093750	388038.187500
 80+ 	489745.562500	130520.773438	359224.781250
Total	53551352.000000	25983574.000000	27567776.000000
2018			
 0-4	4987208.000000	2518063.000000	2469145.000000
 5-9	5082580.500000	2560319.750000	2522260.750000
 10-14 	5117285.500000	2571636.750000	2545648.750000
 15-19 	4937987.000000	2477179.500000	2460807.500000
 20-24 	4605991.500000	2304684.250000	2301307.250000
 25-29 	4665484.000000	2323751.250000	2341733.000000
 30-34 	4715650.000000	2356234.000000	2359416.000000
 35-39 	4233365.000000	2134292.500000	2099072.250000
 40-44 	3376246.000000	1717962.500000	1658283.500000
 45-49 	2696318.500000	1356749.000000	1339569.500000
 50-54 	2288261.250000	1093754.375000	1194506.875000
 55-59 	2064782.000000	901058.812500	1163723.125000
 60-64 	1814913.500000	734625.250000	1080288.250000
 65-69 	1383994.625000	523626.625000	860368.062500
 70-74 	955915.375000	331027.656250	624887.750000
 75-79 	588174.625000	181779.265625	406395.375000
 80+ 	501162.625000	131535.250000	369627.375000
Total	54015320.000000	26218280.000000	27797040.000000
2019			
 0-4	4957892.000000	2503788.000000	2454104.000000
 5-9	5066970.500000	2553080.500000	2513889.750000
 10-14 	5088292.000000	2557970.750000	2530321.500000
 15-19 	5026623.500000	2521668.500000	2504954.750000
 20-24 	4613722.000000	2309668.250000	2304053.750000
 25-29 	4631308.000000	2308260.000000	2323047.750000
 30-34 	4710440.500000	2350197.000000	2360243.250000
 35-39 	4344617.500000	2185885.500000	2158732.000000
 40-44 	3514191.250000	1784191.750000	1729999.625000
 45-49 	2772701.000000	1400531.625000	1372169.250000
 50-54 	2328441.250000	1124622.375000	1203818.875000
 55-59 	2060335.625000	911639.500000	1148696.125000
 60-64 	1837903.625000	746015.312500	1091888.250000
 65-69 	1427507.750000	540401.125000	887106.687500
 70-74 	981110.000000	339095.781250	642014.250000
 75-79 	614394.875000	189051.609375	425343.250000
 80+ 	514396.218750	133090.375000	381305.843750
Total	54490848.000000	26459158.000000	28031690.000000
2020			
 0-4	4935553.500000	2493043.500000	2442510.250000
 5-9	5041107.000000	2540625.500000	2500481.500000
 10-14 	5067884.500000	2548745.250000	2519139.250000
 15-19 	5090583.000000	2553882.250000	2536700.500000
 20-24 	4651163.500000	2329130.750000	2322032.750000
 25-29 	4605411.500000	2297336.500000	2308075.000000
 30-34 	4688127.500000	2336509.500000	2351618.000000
 35-39 	4438440.000000	2228934.000000	2209506.000000
 40-44 	3658799.000000	1853158.125000	1805641.000000
 45-49 	2867064.500000	1453110.875000	1413953.750000
 50-54 	2370366.000000	1153637.750000	1216728.250000
 55-59 	2061444.250000	925587.500000	1135856.750000
 60-64 	1853938.750000	756296.312500	1097642.375000
 65-69 	1467356.875000	555952.187500	911404.625000
 70-74 	1009790.500000	348614.218750	661176.250000
 75-79 	639972.750000	196210.062500	443762.687500
 80+ 	529999.250000	135394.000000	394605.250000
Total	54977004.000000	26706168.000000	28270834.000000
2021			
 0-4	4916281.500000	2483855.500000	2432426.000000
 5-9	5009940.000000	2525520.750000	2484419.250000
 10-14 	5061071.500000	2546322.500000	2514749.250000
 15-19 	5118640.000000	2568273.750000	2550365.750000
 20-24 	4720567.500000	2364264.250000	2356303.250000
 25-29 	4585930.000000	2289708.250000	2296222.000000
 30-34 	4656245.000000	2319220.750000	2337024.000000
 35-39 	4511667.000000	2261827.250000	2249839.750000
 40-44 	3804860.000000	1922620.000000	1882240.000000
 45-49 	2974288.750000	1507763.000000	1466525.750000
 50-54 	2418743.250000	1187263.000000	1231480.250000
 55-59 	2070804.750000	943557.687500	1127247.125000
 60-64 	1862578.125000	765648.125000	1096930.000000
 65-69 	1503616.750000	570299.625000	933317.187500
 70-74 	1042160.625000	359670.437500	682490.187500
 75-79 	663897.250000	202948.218750	460949.031250
 80+ 	548267.125000	138515.625000	409751.468750
Total	55469560.000000	26957278.000000	28512280.000000
2022			
 0-4	4899601.500000	2475968.500000	2423633.250000
 5-9	4974998.000000	2508507.000000	2466491.000000
 10-14 	5061603.000000	2547564.750000	2514038.250000
 15-19 	5116676.500000	2567784.500000	2548892.000000
 20-24 	4814186.000000	2411377.500000	2402808.500000
 25-29 	4571977.500000	2284579.000000	2287398.500000
 30-34 	4622322.000000	2302158.250000	2320163.750000
 35-39 	4563072.500000	2283897.000000	2279175.500000
 40-44 	3945748.500000	1989559.000000	1956189.375000
 45-49 	3091962.000000	1566125.125000	1525836.875000
 50-54 	2476007.000000	1223926.250000	1252080.750000
 55-59 	2090387.000000	965960.500000	1124426.500000
 60-64 	1864138.250000	774346.562500	1089791.750000
 65-69 	1536045.250000	583389.375000	952655.875000
 70-74 	1078605.250000	372431.750000	706173.500000
 75-79 	685284.812500	208993.406250	476291.437500
 80+ 	569321.625000	142473.609375	426848.031250
Total	55961936.000000	27209042.000000	28752894.000000
2023			
 0-4	4885660.500000	2469452.250000	2416208.500000
 5-9	4939439.500000	2491183.500000	2448256.000000
 10-14 	5065826.000000	2550528.500000	2515297.500000
 15-19 	5091827.000000	2556063.500000	2535763.750000
 20-24 	4916466.000000	2462785.500000	2453680.500000
 25-29 	4568069.000000	2284046.500000	2284022.250000
 30-34 	4592223.500000	2288089.250000	2304134.000000
 35-39 	4591192.000000	2294530.250000	2296661.750000
 40-44 	4075741.000000	2051152.125000	2024588.750000
 45-49 	3220008.750000	1628591.375000	1591417.500000
 50-54 	2541034.500000	1263020.000000	1278014.500000
 55-59 	2121116.000000	992810.687500	1128305.375000
 60-64 	1861419.000000	783298.500000	1078120.375000
 65-69 	1563780.250000	595170.562500	968609.625000
 70-74 	1117236.250000	386205.250000	731031.062500
 75-79 	705328.375000	214732.437500	490595.937500
 80+ 	592620.437500	147100.734375	445519.718750
Total	56448988.000000	27458760.000000	28990228.000000
2024			
 0-4	4874410.500000	2464281.500000	2410129.000000
 5-9	4913651.000000	2478715.500000	2434935.500000
 10-14 	5051459.000000	2543988.250000	2507470.750000
 15-19 	5067212.000000	2544803.250000	2522409.000000
 20-24 	5009132.000000	2509325.250000	2499807.000000
 25-29 	4583645.500000	2292922.500000	2290723.000000
 30-34 	4568109.000000	2277731.250000	2290378.000000
 35-39 	4595669.000000	2293853.500000	2301815.250000
 40-44 	4191197.500000	2105530.000000	2085667.250000
 45-49 	3356659.500000	1694606.000000	1662053.375000
 50-54 	2615688.250000	1305726.125000	1309962.125000
 55-59 	2160363.250000	1022372.375000	1137991.000000
 60-64 	1859019.125000	793846.750000	1065172.250000
 65-69 	1585895.750000	605761.687500	980134.000000
 70-74 	1154936.125000	399830.218750	755105.875000
 75-79 	726365.250000	220920.718750	505444.531250
 80+ 	617274.125000	152134.953125	465139.187500
Total	56930688.000000	27706350.000000	29224338.000000
2025			
 0-4	4865186.500000	2460122.250000	2405064.250000
 5-9	4893619.000000	2469220.500000	2424398.750000
 10-14 	5026215.000000	2531814.000000	2494401.000000
 15-19 	5050051.500000	2537403.500000	2512648.000000
 20-24 	5074249.500000	2542200.000000	2532049.750000
 25-29 	4624624.500000	2314122.000000	2310502.250000
 30-34 	4548438.500000	2269953.000000	2278485.750000
 35-39 	4580724.000000	2284268.000000	2296456.250000
 40-44 	4288116.000000	2150749.500000	2137366.500000
 45-49 	3498973.000000	1762847.000000	1736126.000000
 50-54 	2706628.000000	1356276.500000	1350351.500000
 55-59 	2200722.750000	1049961.750000	1150761.125000
 60-64 	1861226.500000	807161.000000	1054065.500000
 65-69 	1601580.000000	615325.375000	986254.687500
 70-74 	1189547.750000	412493.687500	777054.125000
 75-79 	750036.187500	228083.171875	521953.000000
 80+ 	642549.875000	157360.328125	485189.562500
Total	57402488.000000	27949362.000000	29453128.000000
2026			
 0-4	4857153.000000	2456563.000000	2400590.000000
 5-9	4876177.500000	2461097.500000	2415080.000000
 10-14 	4995104.000000	2516647.500000	2478456.500000
 15-19 	5045864.000000	2536450.500000	2509413.500000
 20-24 	5102145.500000	2556637.500000	2545508.000000
 25-29 	4694651.000000	2349553.750000	2345097.500000
 30-34 	4532458.000000	2264051.000000	2268407.250000
 35-39 	4554596.000000	2270147.500000	2284448.500000
 40-44 	4364193.000000	2185607.250000	2178586.000000
 45-49 	3642571.250000	1831465.125000	1811106.000000
 50-54 	2809652.500000	1408718.125000	1400934.250000
 55-59 	2246732.500000	1081656.000000	1165076.375000
 60-64 	1870718.500000	823917.000000	1046801.500000
 65-69 	1610570.500000	624077.000000	986493.500000
 70-74 	1221212.375000	424253.125000	796959.250000
 75-79 	776467.687500	236271.734375	540196.000000
 80+ 	668115.812500	162692.828125	505423.000000
Total	57868384.000000	28189806.000000	29678578.000000
2027			
 0-4	4852880.000000	2454888.250000	2397991.750000
 5-9	4861516.500000	2454385.000000	2407131.750000
 10-14 	4960208.500000	2499583.750000	2460625.000000
 15-19 	5047973.000000	2538576.750000	2509396.000000
 20-24 	5099949.000000	2556184.500000	2543764.250000
 25-29 	4787456.000000	2396279.250000	2391177.000000
 30-34 	4520542.000000	2259892.500000	2260649.500000
 35-39 	4525529.500000	2255693.750000	2269835.500000
 40-44 	4418793.000000	2209746.000000	2209047.000000
 45-49 	3781536.250000	1897795.250000	1883741.000000
 50-54 	2922758.250000	1464741.125000	1458017.000000
 55-59 	2300944.500000	1116108.625000	1184835.750000
 60-64 	1889444.625000	844557.500000	1044887.187500
 65-69 	1613248.500000	632301.875000	980946.562500
 70-74 	1249791.750000	435107.625000	814684.125000
 75-79 	805904.937500	245587.500000	560317.437500
 80+ 	693617.125000	168037.656250	525579.437500
Total	58332092.000000	28429466.000000	29902626.000000
2028			
 0-4	4850077.000000	2453933.250000	2396143.750000
 5-9	4850206.500000	2449349.250000	2400857.000000
 10-14 	4924969.000000	2482368.500000	2442600.500000
 15-19 	5052631.000000	2541826.750000	2510804.500000
 20-24 	5075499.500000	2544814.250000	2530685.250000
 25-29 	4888650.000000	2447204.750000	2441445.500000
 30-34 	4518140.000000	2260064.250000	2258075.750000
 35-39 	4499975.500000	2243978.750000	2255997.000000
 40-44 	4450982.000000	2222819.250000	2228162.500000
 45-49 	3910687.250000	1959294.250000	1951392.875000
 50-54 	3046247.250000	1524902.750000	1521344.500000
 55-59 	2362560.250000	1152876.500000	1209683.750000
 60-64 	1918348.625000	869152.875000	1049195.625000
 65-69 	1612122.250000	640774.187500	971348.125000
 70-74 	1274544.000000	445023.875000	829520.062500
 75-79 	836940.937500	255574.671875	581366.250000
 80+ 	719673.375000	173577.593750	546095.750000
Total	58792256.000000	28667536.000000	30124718.000000
2029			
 0-4	4844919.000000	2451776.250000	2393143.000000
 5-9	4842569.500000	2446155.250000	2396414.250000
 10-14 	4899384.500000	2469951.000000	2429433.500000
 15-19 	5038137.000000	2535296.250000	2502841.000000
 20-24 	5051823.500000	2534158.000000	2517665.250000
 25-29 	4980194.000000	2493284.500000	2486909.500000
 30-34 	4534611.000000	2269353.000000	2265258.250000
 35-39 	4479957.000000	2235667.250000	2244290.000000
 40-44 	4460309.500000	2224904.500000	2235405.000000
 45-49 	4026390.250000	2014104.125000	2012286.125000
 50-54 	3178532.500000	1588726.000000	1589806.375000
 55-59 	2433391.750000	1193066.750000	1240325.000000
 60-64 	1955047.750000	896166.125000	1058881.625000
 65-69 	1611190.500000	650582.125000	960608.375000
 70-74 	1294584.875000	454061.593750	840523.250000
 75-79 	867265.250000	265469.937500	601795.250000
 80+ 	747349.875000	179623.937500	567725.937500
Total	59245660.000000	28902346.000000	30343312.000000
2030			
 0-4	4838752.000000	2449075.750000	2389676.250000
 5-9	4838964.000000	2444993.250000	2393970.750000
 10-14 	4879385.500000	2460477.500000	2418908.000000
 15-19 	5012888.500000	2523163.750000	2489724.750000
 20-24 	5036225.500000	2527651.000000	2508574.500000
 25-29 	5045194.000000	2526243.000000	2518950.750000
 30-34 	4576629.500000	2291076.250000	2285553.250000
 35-39 	4464533.500000	2229969.000000	2234564.500000
 40-44 	4451181.500000	2218500.500000	2232681.250000
 45-49 	4124941.000000	2060450.750000	2064490.125000
 50-54 	3317056.500000	1655079.000000	1661977.500000
 55-59 	2519713.250000	1240588.375000	1279124.875000
 60-64 	1992897.250000	921462.000000	1071435.375000
 65-69 	1614255.750000	662710.687500	951545.000000
 70-74 	1309194.750000	462344.281250	846850.500000
 75-79 	895313.500000	274754.843750	620558.625000
 80+ 	777251.500000	186358.406250	590893.125000
Total	59694376.000000	29134898.000000	30559478.000000
2031			
 0-4	4827765.000000	2443912.500000	2383852.500000
 5-9	4837007.000000	2444661.500000	2392345.500000
 10-14 	4862538.000000	2452702.000000	2409836.000000
 15-19 	4981292.500000	2507790.500000	2473502.000000
 20-24 	5033503.500000	2527519.750000	2505984.000000
 25-29 	5073304.000000	2540948.750000	2532355.500000
 30-34 	4647155.000000	2326788.500000	2320366.500000
 35-39 	4452395.500000	2225911.250000	2226484.250000
 40-44 	4431111.500000	2207603.500000	2223508.000000
 45-49 	4203747.000000	2096985.000000	2106762.000000
 50-54 	3457521.250000	1722133.375000	1735388.000000
 55-59 	2617770.750000	1290068.375000	1327702.500000
 60-64 	2035879.625000	950490.750000	1085388.750000
 65-69 	1623681.625000	677717.375000	945964.250000
 70-74 	1318148.875000	470040.000000	848108.875000
 75-79 	921200.937500	283473.218750	637727.750000
 80+ 	809109.562500	193722.109375	615387.437500
Total	60133132.000000	29362468.000000	30770664.000000
2032			
 0-4	4812898.500000	2436775.750000	2376122.750000
 5-9	4835114.500000	2444338.750000	2390776.000000
 10-14 	4848500.500000	2446367.750000	2402132.750000
 15-19 	4946145.500000	2490648.000000	2455497.500000
 20-24 	5036657.500000	2530261.750000	2506396.000000
 25-29 	5071816.000000	2541004.500000	2530811.500000
 30-34 	4740046.500000	2373615.250000	2366431.250000
 35-39 	4443891.500000	2223378.750000	2220513.000000
 40-44 	4407981.000000	2196246.500000	2211735.000000
 45-49 	4262024.000000	2123287.750000	2138736.500000
 50-54 	3594238.000000	1787344.500000	1806893.625000
 55-59 	2725672.250000	1343068.375000	1382603.750000
 60-64 	2086469.000000	982055.250000	1104413.750000
 65-69 	1641216.250000	695985.562500	945230.625000
 70-74 	1321799.500000	477383.625000	844415.937500
 75-79 	944843.687500	291639.375000	653204.312500
 80+ 	842768.937500	201695.796875	641073.125000
Total	60562084.000000	29585096.000000	30976986.000000
2033			
 0-4	4796643.000000	2428923.750000	2367719.000000
 5-9	4832089.500000	2443418.500000	2388671.000000
 10-14 	4837848.000000	2441736.500000	2396111.500000
 15-19 	4911125.500000	2473601.250000	2437524.000000
 20-24 	5041807.000000	2533871.250000	2507935.500000
 25-29 	5048658.000000	2530403.000000	2518255.250000
 30-34 	4841131.000000	2424572.000000	2416559.000000
 35-39 	4444389.500000	2224936.500000	2219453.250000
 40-44 	4387943.500000	2187365.750000	2200577.750000
 45-49 	4298680.000000	2138941.500000	2159738.500000
 50-54 	3722119.250000	1848240.375000	1873879.000000
 55-59 	2843757.500000	1400134.125000	1443623.500000
 60-64 	2143997.750000	1015780.125000	1128217.750000
 65-69 	1667691.125000	717575.437500	950115.687500
 70-74 	1322229.625000	484958.375000	837271.250000
 75-79 	965609.437500	299217.531250	666391.875000
 80+ 	877624.437500	210094.765625	667529.687500
Total	60983344.000000	29803770.000000	31179574.000000
2034			
 0-4	4780350.000000	2421039.500000	2359310.750000
 5-9	4825258.500000	2440545.000000	2384713.750000
 10-14 	4831144.500000	2439094.000000	2392050.500000
 15-19 	4885715.500000	2461361.500000	2424354.250000
 20-24 	5027696.500000	2527645.750000	2500050.750000
 25-29 	5026736.000000	2520716.250000	2506019.500000
 30-34 	4932661.500000	2470745.500000	2461915.750000
 35-39 	4463130.500000	2235323.000000	2227807.250000
 40-44 	4372949.500000	2181598.250000	2191351.250000
 45-49 	4313174.000000	2143972.750000	2169201.250000
 50-54 	3837576.000000	1903002.000000	1934574.000000
 55-59 	2970609.500000	1460861.750000	1509747.750000
 60-64 	2210146.500000	1052640.375000	1157506.250000
 65-69 	1701044.500000	741200.187500	959844.250000
 70-74 	1322748.750000	493580.625000	829168.062500
 75-79 	982710.000000	306222.625000	676487.375000
 80+ 	912829.562500	218646.578125	694183.000000
Total	61396480.000000	30018196.000000	31378286.000000
2035			
 0-4	4763097.000000	2412664.000000	2350433.000000
 5-9	4814829.500000	2435782.250000	2379047.000000
 10-14 	4827941.000000	2438239.250000	2389701.500000
 15-19 	4865863.500000	2452055.250000	2413808.250000
 20-24 	5002995.500000	2515915.000000	2487080.500000
 25-29 	5012951.000000	2515198.000000	2497753.250000
 30-34 	4997849.500000	2503926.250000	2493923.000000
 35-39 	4506536.000000	2257768.500000	2248767.500000
 40-44 	4361896.500000	2178114.000000	2183782.250000
 45-49 	4309506.500000	2140686.750000	2168819.750000
 50-54 	3936846.750000	1949860.000000	1986986.875000
 55-59 	3103818.750000	1524196.375000	1579622.500000
 60-64 	2290469.250000	1095996.875000	1194472.500000
 65-69 	1735473.500000	763360.062500	972113.500000
 70-74 	1326509.000000	503994.281250	822514.687500
 75-79 	995501.875000	312722.750000	682779.062500
 80+ 	947812.750000	227173.406250	720639.312500
Total	61799896.000000	30227654.000000	31572244.000000
2036			
 0-4	4748222.000000	2405408.500000	2342813.500000
 5-9	4802336.000000	2429914.250000	2372421.750000
 10-14 	4826504.000000	2438270.250000	2388234.000000
 15-19 	4849535.500000	2444602.250000	2404933.250000
 20-24 	4971761.000000	2500845.500000	2470915.500000
 25-29 	5011774.000000	2515892.500000	2495881.250000
 30-34 	5026354.000000	2518944.500000	2507409.500000
 35-39 	4577434.000000	2293725.000000	2283708.750000
 40-44 	4353239.000000	2175795.250000	2177444.000000
 45-49 	4294525.000000	2132662.000000	2161863.000000
 50-54 	4016847.500000	1987148.750000	2029698.750000
 55-59 	3238827.750000	1588102.250000	1650725.375000
 60-64 	2381349.750000	1140934.250000	1240415.500000
 65-69 	1773743.625000	788406.562500	985337.062500
 70-74 	1334927.000000	516345.625000	818581.312500
 75-79 	1003243.312500	318619.812500	684623.500000
 80+ 	981924.000000	235542.625000	746381.375000
Total	62192548.000000	30431160.000000	31761388.000000
2037			
 0-4	4735513.500000	2399165.000000	2336348.500000
 5-9	4788344.000000	2423258.750000	2365085.000000
 10-14 	4825198.000000	2438315.250000	2386882.750000
 15-19 	4836186.500000	2438658.500000	2397527.750000
 20-24 	4937046.500000	2484011.500000	2453035.000000
 25-29 	5016028.000000	2519223.000000	2496805.250000
 30-34 	5025627.500000	2519462.500000	2506165.000000
 35-39 	4669926.000000	2340421.500000	2329504.750000
 40-44 	4347441.000000	2174592.750000	2172848.000000
 45-49 	4275927.000000	2123818.250000	2152108.500000
 50-54 	4076782.500000	2014446.750000	2062335.875000
 55-59 	3370277.500000	1650205.500000	1720072.000000
 60-64 	2481023.500000	1188843.625000	1292179.750000
 65-69 	1818264.500000	815325.937500	1002938.625000
 70-74 	1349516.625000	530939.562500	818577.000000
 75-79 	1006269.187500	324090.531250	682178.687500
 80+ 	1015036.687500	243762.796875	771273.875000
Total	62574408.000000	30628542.000000	31945866.000000
2038			
 0-4	4724984.000000	2393945.500000	2331038.750000
 5-9	4773009.500000	2415892.750000	2357116.750000
 10-14 	4822626.000000	2437666.750000	2384959.000000
 15-19 	4826285.500000	2434438.500000	2391847.000000
 20-24 	4902582.000000	2467301.250000	2435280.500000
 25-29 	5021657.000000	2523112.000000	2498545.000000
 30-34 	5003657.500000	2509482.750000	2494174.500000
 35-39 	4770161.500000	2391021.250000	2379140.250000
 40-44 	4349846.000000	2177068.500000	2172777.500000
 45-49 	4259703.000000	2116998.750000	2142704.250000
 50-54 	4115537.250000	2031331.250000	2084206.125000
 55-59 	3493300.750000	1708170.250000	1785130.500000
 60-64 	2589844.000000	1240229.750000	1349614.375000
 65-69 	1868510.500000	843812.687500	1024697.812500
 70-74 	1370986.000000	547815.875000	823170.125000
 75-79 	1006229.187500	329533.656250	676695.562500
 80+ 	1046280.750000	251702.750000	794578.000000
Total	62945200.000000	30819524.000000	32125676.000000
2039			
 0-4	4716831.000000	2389862.500000	2326968.750000
 5-9	4757330.000000	2408321.000000	2349009.000000
 10-14 	4816275.500000	2435045.250000	2381230.250000
 15-19 	4820231.000000	2432143.000000	2388088.000000
 20-24 	4877576.000000	2455311.000000	2422265.000000
 25-29 	5007762.000000	2517004.000000	2490757.500000
 30-34 	4983122.500000	2500475.500000	2482647.000000
 35-39 	4860762.000000	2436775.500000	2423986.500000
 40-44 	4369597.000000	2187911.000000	2181686.000000
 45-49 	4247771.500000	2112818.000000	2134953.750000
 50-54 	4132562.500000	2037818.000000	2094744.625000
 55-59 	3604420.500000	1760258.000000	1844162.500000
 60-64 	2706533.000000	1294735.500000	1411797.500000
 65-69 	1925946.375000	874654.437500	1051291.875000
 70-74 	1397637.125000	565956.250000	831680.812500
 75-79 	1005708.312500	335498.875000	670209.437500
 80+ 	1074528.375000	259209.718750	815318.687500
Total	63304596.000000	31003798.000000	32300798.000000
2040			
 0-4	4711179.500000	2387000.500000	2324178.750000
 5-9	4740433.500000	2400113.000000	2340320.500000
 10-14 	4806152.000000	2430395.250000	2375756.750000
 15-19 	4817711.000000	2431643.500000	2386067.750000
 20-24 	4857868.000000	2446100.000000	2411768.250000
 25-29 	4983310.500000	2505395.750000	2477915.000000
 30-34 	4970682.500000	2495559.750000	2475123.000000
 35-39 	4925367.000000	2469644.750000	2455722.250000
 40-44 	4413233.000000	2210374.500000	2202858.500000
 45-49 	4239227.000000	2110534.000000	2128693.000000
 50-54 	4131833.250000	2036150.875000	2095682.500000
 55-59 	3700103.500000	1804821.000000	1895282.500000
 60-64 	2828928.500000	1351417.500000	1477511.125000
 65-69 	1995254.250000	910541.687500	1084712.625000
 70-74 	1424715.500000	582611.312500	842104.250000
 75-79 	1007178.562500	342490.187500	664688.375000
 80+ 	1099015.500000	266226.531250	832789.000000
Total	63652196.000000	31181020.000000	32471174.000000
2041			
 0-4	4703674.500000	2383209.750000	2320464.750000
 5-9	4725975.500000	2393069.250000	2332906.250000
 10-14 	4793857.500000	2424568.750000	2369288.750000
 15-19 	4816993.000000	2432039.250000	2384953.750000
 20-24 	4841775.000000	2438769.750000	2403005.000000
 25-29 	4952331.000000	2490462.500000	2461868.500000
 30-34 	4970678.000000	2496758.000000	2473919.750000
 35-39 	4953999.000000	2484663.500000	2469335.500000
 40-44 	4483733.000000	2246020.250000	2237712.750000
 45-49 	4232811.000000	2109243.000000	2123568.250000
 50-54 	4120220.500000	2029957.000000	2090263.625000
 55-59 	3777840.000000	1840590.000000	1937249.875000
 60-64 	2953320.750000	1408746.000000	1544574.750000
 65-69 	2074149.625000	947850.062500	1126299.625000
 70-74 	1454841.625000	601552.500000	853289.062500
 75-79 	1012234.000000	350811.625000	661422.375000
 80+ 	1119785.000000	272859.218750	846925.750000
Total	63988220.000000	31351170.000000	32637048.000000
2042			
 0-4	4697177.500000	2379921.500000	2317256.000000
 5-9	4714127.000000	2387266.250000	2326860.750000
 10-14 	4780042.500000	2417952.750000	2362090.000000
 15-19 	4816235.000000	2432350.500000	2383884.500000
 20-24 	4828740.500000	2432978.250000	2395762.250000
 25-29 	4918004.000000	2473822.750000	2444181.500000
 30-34 	4975809.500000	2500446.750000	2475363.000000
 35-39 	4954099.500000	2485500.000000	2468599.250000
 40-44 	4575317.000000	2292135.000000	2283182.000000
 45-49 	4228970.000000	2108909.250000	2120060.500000
 50-54 	4105038.000000	2022939.000000	2082098.875000
 55-59 	3836801.250000	1867142.875000	1969658.500000
 60-64 	3074788.750000	1464599.875000	1610188.750000
 65-69 	2160996.500000	987740.125000	1173256.500000
 70-74 	1490275.500000	621978.937500	868296.562500
 75-79 	1022034.437500	360666.531250	661367.875000
 80+ 	1137137.125000	279231.531250	857905.562500
Total	64315592.000000	31515582.000000	32800012.000000
2043			
 0-4	4688824.500000	2375692.000000	2313132.500000
 5-9	4704948.500000	2382738.250000	2322210.250000
 10-14 	4764830.000000	2410607.750000	2354222.500000
 15-19 	4814074.000000	2431893.250000	2382180.500000
 20-24 	4819184.500000	2428919.000000	2390265.500000
 25-29 	4884100.500000	2457382.000000	2426718.500000
 30-34 	4981954.000000	2504522.250000	2477432.000000
 35-39 	4933566.500000	2476115.250000	2457451.250000
 40-44 	4674450.500000	2342042.250000	2332408.250000
 45-49 	4232932.000000	2112043.000000	2120888.750000
 50-54 	4091980.000000	2017765.000000	2074214.875000
 55-59 	3875859.000000	1884057.250000	1991801.750000
 60-64 	3188830.750000	1516881.000000	1671949.750000
 65-69 	2256119.750000	1030646.750000	1225473.000000
 70-74 	1530616.125000	643658.312500	886957.812500
 75-79 	1037101.687500	372069.187500	665032.500000
 80+ 	1151740.125000	285505.156250	866234.937500
Total	64631112.000000	31672538.000000	32958574.000000
2044			
 0-4	4678218.000000	2370321.750000	2307896.500000
 5-9	4699084.500000	2379826.250000	2319258.000000
 10-14 	4749118.500000	2402992.250000	2346126.000000
 15-19 	4808211.500000	2429492.500000	2378718.750000
 20-24 	4813413.000000	2426751.000000	2386662.250000
 25-29 	4859569.500000	2445626.500000	2413943.000000
 30-34 	4968573.000000	2498582.000000	2469991.000000
 35-39 	4914730.500000	2467829.000000	2446901.500000
 40-44 	4764132.500000	2387186.500000	2376946.000000
 45-49 	4253600.000000	2123203.750000	2130396.250000
 50-54 	4082819.500000	2014964.625000	2067854.750000
 55-59 	3894421.000000	1891319.625000	2003101.250000
 60-64 	3292196.000000	1564011.375000	1728184.875000
 65-69 	2358391.500000	1076267.000000	1282124.500000
 70-74 	1577030.000000	667162.375000	909867.687500
 75-79 	1056123.125000	384292.750000	671830.312500
 80+ 	1164651.000000	291903.812500	872747.187500
Total	64934284.000000	31821734.000000	33112550.000000
2045			
 0-4	4665492.000000	2363872.500000	2301619.750000
 5-9	4696685.500000	2378632.750000	2318053.000000
 10-14 	4732241.000000	2394786.000000	2337455.250000
 15-19 	4798357.500000	2424952.250000	2373405.000000
 20-24 	4811183.000000	2426374.750000	2384808.250000
 25-29 	4840217.000000	2436576.250000	2403641.000000
 30-34 	4944796.000000	2487231.750000	2457564.000000
 35-39 	4903934.000000	2463602.750000	2440331.250000
 40-44 	4828361.000000	2419708.500000	2408652.500000
 45-49 	4297388.000000	2145573.750000	2151814.250000
 50-54 	4076671.000000	2013815.375000	2062855.500000
 55-59 	3896201.250000	1891002.625000	2005198.500000
 60-64 	3381603.500000	1604507.000000	1777096.500000
 65-69 	2465920.250000	1123800.000000	1342120.250000
 70-74 	1633137.000000	694427.875000	938709.125000
 75-79 	1075500.125000	395399.562500	680100.500000
 80+ 	1176995.625000	298666.625000	878329.000000
Total	65224684.000000	31962930.000000	33261754.000000
2046			
 0-4	4651350.500000	2356702.750000	2294647.750000
 5-9	4691946.500000	2376265.500000	2315681.000000
 10-14 	4718068.000000	2387887.500000	2330180.500000
 15-19 	4786132.000000	2419142.750000	2366989.250000
 20-24 	4810747.000000	2426886.250000	2383860.500000
 25-29 	4824561.500000	2429431.500000	2395130.000000
 30-34 	4914528.000000	2472587.250000	2441941.000000
 35-39 	4905323.000000	2465367.000000	2439955.750000
 40-44 	4857406.000000	2434775.000000	2422631.000000
 45-49 	4367223.500000	2180680.000000	2186543.750000
 50-54 	4072335.500000	2013466.125000	2058869.500000
 55-59 	3887657.250000	1886468.875000	2001188.375000
 60-64 	3454720.500000	1637224.250000	1817496.250000
 65-69 	2575447.500000	1171959.375000	1403488.000000
 70-74 	1697463.875000	722864.062500	974599.812500
 75-79 	1097053.250000	408138.625000	688914.562500
 80+ 	1189760.125000	305999.562500	883760.562500
Total	65501724.000000	32095846.000000	33405878.000000
2047			
 0-4	4637056.500000	2349456.250000	2287600.500000
 5-9	4684626.000000	2372588.000000	2312038.000000
 10-14 	4706334.000000	2382152.500000	2324181.500000
 15-19 	4772452.500000	2412586.000000	2359866.750000
 20-24 	4810174.000000	2427272.000000	2382902.000000
 25-29 	4812004.000000	2423838.000000	2388165.750000
 30-34 	4881029.000000	2456293.500000	2424735.500000
 35-39 	4911604.000000	2469504.000000	2442099.750000
 40-44 	4858619.500000	2436023.500000	2422596.000000
 45-49 	4457483.000000	2225888.750000	2231594.000000
 50-54 	4070273.750000	2013913.875000	2056359.750000
 55-59 	3875665.250000	1881148.750000	1994516.500000
 60-64 	3510747.750000	1661774.250000	1848973.500000
 65-69 	2682654.250000	1218970.250000	1463683.875000
 70-74 	1768566.375000	753358.250000	1015208.187500
 75-79 	1122801.750000	421938.718750	700863.062500
 80+ 	1203756.000000	314054.031250	889702.000000
Total	65765848.000000	32220760.000000	33545086.000000
2048			
 0-4	4623780.000000	2342724.250000	2281055.500000
 5-9	4674418.500000	2367445.000000	2306973.500000
 10-14 	4697416.000000	2377772.500000	2319643.750000
 15-19 	4757399.000000	2405321.250000	2352078.000000
 20-24 	4808174.000000	2426882.250000	2381291.750000
 25-29 	4802921.500000	2419970.750000	2382950.750000
 30-34 	4848069.000000	2440256.750000	2407812.250000
 35-39 	4918635.000000	2473901.750000	2444733.000000
 40-44 	4839738.000000	2427332.750000	2412405.250000
 45-49 	4554993.000000	2274721.500000	2280271.750000
 50-54 	4075566.500000	2017592.000000	2057974.500000
 55-59 	3865542.750000	1877480.750000	1988062.000000
 60-64 	3548585.000000	1677756.750000	1870828.125000
 65-69 	2783569.250000	1263071.125000	1520498.250000
 70-74 	1846704.000000	786247.500000	1060456.500000
 75-79 	1152466.375000	436639.062500	715827.375000
 80+ 	1219575.250000	322885.437500	896689.875000
Total	66017552.000000	32338002.000000	33679552.000000
2049			
 0-4	4611773.500000	2336637.000000	2275136.500000
 5-9	4661609.500000	2360969.500000	2300640.000000
 10-14 	4691656.500000	2374940.750000	2316715.750000
 15-19 	4741772.500000	2397757.000000	2344015.500000
 20-24 	4802592.500000	2424610.750000	2377981.750000
 25-29 	4797567.000000	2417964.000000	2379603.000000
 30-34 	4824408.500000	2428870.000000	2395538.500000
 35-39 	4906201.000000	2468303.500000	2437897.750000
 40-44 	4822701.500000	2419832.500000	2402869.250000
 45-49 	4643214.500000	2318876.500000	2324338.000000
 50-54 	4096805.000000	2028871.250000	2067933.875000
 55-59 	3858881.500000	1875890.250000	1982991.500000
 60-64 	3567632.000000	1685144.000000	1882488.000000
 65-69 	2875304.000000	1302925.500000	1572378.625000
 70-74 	1930921.875000	821287.562500	1109634.250000
 75-79 	1186884.375000	452595.968750	734288.437500
 80+ 	1236824.250000	332139.843750	904684.375000
Total	66256752.000000	32447616.000000	33809136.000000
2050			
 0-4	4600521.500000	2330934.000000	2269587.500000
 5-9	4647061.000000	2353586.500000	2293474.500000
 10-14 	4689290.000000	2373802.500000	2315487.500000
 15-19 	4725071.500000	2389644.250000	2335427.250000
 20-24 	4792982.500000	2420195.000000	2372787.750000
 25-29 	4795741.000000	2417735.750000	2378005.500000
 30-34 	4805793.000000	2420108.250000	2385684.500000
 35-39 	4883550.500000	2457399.500000	2426150.750000
 40-44 	4813539.000000	2416312.250000	2397227.000000
 45-49 	4706550.500000	2350721.500000	2355828.750000
 50-54 	4140181.250000	2050798.125000	2089383.125000
 55-59 	3854804.750000	1875676.250000	1979128.625000
 60-64 	3571270.500000	1685786.000000	1885484.500000
 65-69 	2954949.000000	1337282.500000	1617666.625000
 70-74 	2019649.125000	857845.250000	1161803.750000
 75-79 	1228565.000000	471015.968750	757549.062500
 80+ 	1253709.750000	340767.812500	912941.937500
Total	66483232.000000	32549612.000000	33933620.000000
