Year	4			9			14			19			24			29			34			39			44			49			54			59			64			69			74			79			100	
2015	4719.265	5450.21		4960.59		4645.145	4921.297	5128.65		4723.391	3700.945	2990.011	2539.658	2349.864	2078.949	1673.407	1251.359	795.481		520.823		493.794
2020	4212.775	4670.745	5380.792	4867.296	4574.782	4804.524	4915.739	4407.644	3379.169	2717.813	2297.215	2118.863	1832.758	1411.279	986.212		571.565		541.141
2025	3781.977	4186.199	4641.261	5317.017	4831.795	4502.158	4638.754	4625.316	4060.15		3089.385	2465.707	2077.373	1877.509	1558.438	1127.031	720.878		607.064
2030	3633.076	3762.734	4172.169	4619.094	5285.543	4758.546	4357.528	4388.153	4296.979	3746.908	2824.895	2240.615	1848.703	1608.34		1258.157	837.216		750.116
2035	3486.37		3617.696	3753.006	4165.016	4607.688	5215.771	4621.902	4148.865	4114.103	4007.592	3464.694	2588.934	2004.976	1591.6		1310.636	947.178		915.326
2040	3245.694	3474.13		3610.126	3750.457	4162.607	4564.142	5087.285	4429.893	3924.308	3873.681	3744.713	3207.343	2335.354	1734.892	1303.62		997.526		1087.248
2045	2929.162	3236.481	3468.613	3610.209	3752.803	4134.879	4475.314	4908.381	4224.615	3725.89		3651.937	3497.857	2921.988	2037.615	1428.329	997.547		1221.788
2050	2636.971	2922.345	3232.698	3470.911	3615.128	3735.51		4071.722	4347.695	4716.351	4040.211	3537.816	3435.702	3214.379	2577.346	1693.333	1099.359	1297.048




