Year	4			9			14			19			24			29			34			39			44			49			54			59			64			69			74			79			100	
2015	5816.251	5450.21		4960.59		4645.145	4921.297	5128.65		4723.391	3700.945	2990.011	2539.658	2349.864	2078.949	1673.407	1251.359	795.481		520.823		493.794
2020	6008.432	5757.048	5380.792	4867.296	4574.782	4804.524	4915.739	4407.644	3379.169	2717.813	2297.215	2118.863	1832.758	1411.279	986.212		571.565		541.141
2025	6035.275	5969.436	5720.225	5317.017	4831.795	4502.158	4638.754	4625.316	4060.15		3089.385	2465.707	2077.373	1877.509	1558.438	1127.031	720.878		607.064
2030	5968.313	6003.041	5948.546	5690.343	5285.543	4758.546	4357.528	4388.153	4296.979	3746.908	2824.895	2240.615	1848.703	1608.34		1258.157	837.216		750.116
2035	6100.379	5941.4		5986.286	5933.654	5671.76		5215.771	4621.902	4148.865	4114.103	4007.592	3464.694	2588.934	2004.976	1591.6		1310.636	947.178		915.326
2040	6350.439	6077.04		5927.637	5975.662	5921.925	5613.898	5087.285	4429.893	3924.308	3873.681	3744.713	3207.343	2335.354	1734.892	1303.62		997.526		1087.248
2045	6567.279	6329.961	6065.838	5920.697	5967.807	5874.682	5501.483	4908.381	4224.615	3725.89		3651.937	3497.857	2921.988	2037.615	1428.329	997.547		1221.788
2050	6677.991	6548.813	6320.582	6061.604	5916.26		5929.421	5779.178	5342.456	4716.351	4040.211	3537.816	3435.702	3214.379	2577.346	1693.333	1099.359	1297.048





