SouthAfricaIC2	Total	Male	Female
1970			
 0-4	3951001.44	1987140.00	1963861.44
 5-9	3339066.59	1689587.16	1649479.44
 10-14 	2953419.44	1490263.81	1463155.63
 15-19 	2528161.23	1277092.58	1251068.66
 20-24 	2052023.94	1034875.06	1017148.88
 25-29 	1774678.63	886362.70	888315.92
 30-34 	1520657.34	756507.17	764150.17
 35-39 	1330685.68	673881.84	656803.84
 40-44 	1132926.01	583117.92	549808.09
 45-49 	949874.50	472886.63	476987.87
 50-54 	819358.88	398495.19	420863.70
 55-59 	647906.64	309131.52	338775.12
 60-64 	511617.89	229851.04	281766.85
 65-69 	350978.19	149052.35	201925.84
 70-74 	236813.40	94506.99	142306.41
 75-79 	143014.12	52592.14	90421.98
 80+ 	108233.69	35043.39	73190.30
Total	24350417.61	12120387.50	12230030.11
1971			
 0-4	4052142.27	2037145.69	2014996.58
 5-9	3417592.51	1726917.92	1690674.60
 10-14 	3016495.78	1522794.66	1493701.13
 15-19 	2612491.46	1318430.54	1294060.92
 20-24 	2134789.70	1077077.55	1057712.16
 25-29 	1807291.72	904559.59	902732.13
 30-34 	1560436.31	775792.01	784644.31
 35-39 	1354416.17	681890.40	672525.77
 40-44 	1161196.75	595710.63	565486.12
 45-49 	970178.33	486812.38	483365.95
 50-54 	827125.15	401583.94	425541.21
 55-59 	665569.74	317220.08	348349.67
 60-64 	516253.61	233297.33	282956.28
 65-69 	362334.59	153179.99	209154.61
 70-74 	236299.68	93479.03	142820.66
 75-79 	143398.62	52255.74	91142.88
 80+ 	108161.22	34602.70	73558.52
Total	24946173.64	12412750.16	12533423.48
1972			
 0-4	4147665.55	2084053.46	2063612.09
 5-9	3517526.06	1775009.83	1742516.23
 10-14 	3085256.92	1557982.48	1527274.44
 15-19 	2696089.75	1359982.31	1336107.44
 20-24 	2223330.50	1122841.00	1100489.50
 25-29 	1855846.68	931845.69	924000.99
 30-34 	1608641.33	801018.88	807622.45
 35-39 	1386454.83	695629.39	690825.44
 40-44 	1193092.33	610451.33	582641.00
 45-49 	993977.00	502011.61	491965.39
 50-54 	838003.49	407107.20	430896.30
 55-59 	682215.12	325000.67	357214.44
 60-64 	522434.15	237316.63	285117.52
 65-69 	372213.75	156966.19	215247.55
 70-74 	237335.81	93329.01	144006.80
 75-79 	143894.66	52085.84	91808.82
 80+ 	108766.89	34577.43	74189.46
Total	25612744.82	12747208.98	12865535.85
1973			
 0-4	4238682.51	2131336.73	2107345.78
 5-9	3615947.27	1819874.94	1796072.33
 10-14 	3149114.66	1590676.95	1558437.70
 15-19 	2771520.58	1396897.46	1374623.12
 20-24 	2315367.10	1168823.77	1146543.33
 25-29 	1898221.79	954738.63	943483.16
 30-34 	1651081.76	822995.03	828086.73
 35-39 	1413259.71	705957.69	707302.02
 40-44 	1221374.92	621296.64	600078.28
 45-49 	1019192.20	517684.02	501508.18
 50-54 	846729.66	411995.20	434734.46
 55-59 	699894.97	332447.50	367447.47
 60-64 	528527.14	241526.10	287001.04
 65-69 	383383.01	161372.79	222010.22
 70-74 	239675.31	93587.81	146087.50
 75-79 	144354.56	51757.01	92597.55
 80+ 	108946.89	34187.04	74759.85
Total	26245274.03	13057155.32	13188118.71
1974			
 0-4	4332101.16	2182539.42	2149561.74
 5-9	3708892.07	1859538.25	1849353.82
 10-14 	3219672.12	1625991.39	1593680.73
 15-19 	2842381.50	1432049.29	1410332.21
 20-24 	2402799.65	1212232.32	1190567.33
 25-29 	1953932.86	983858.49	970074.37
 30-34 	1691075.90	844054.28	847021.62
 35-39 	1444108.33	719136.51	724971.83
 40-44 	1248541.78	631551.91	616989.87
 45-49 	1044845.57	531870.94	512974.63
 50-54 	859671.68	419894.72	439776.96
 55-59 	714035.55	338425.06	375610.49
 60-64 	538144.12	246740.91	291403.21
 65-69 	392144.19	165164.35	226979.84
 70-74 	244335.40	94855.78	149479.62
 75-79 	144872.12	51413.07	93459.05
 80+ 	109247.48	33853.97	75393.51
Total	26890801.49	13373170.66	13517630.83
1975			
 0-4	4418706.01	2226320.03	2192385.98
 5-9	3801419.05	1903423.03	1897996.02
 10-14 	3298517.99	1664720.92	1633797.08
 15-19 	2909300.23	1465652.80	1443647.43
 20-24 	2486541.62	1253494.00	1233047.63
 25-29 	2021559.23	1018481.88	1003077.35
 30-34 	1729440.03	864562.52	864877.50
 35-39 	1478750.84	735036.02	743714.81
 40-44 	1274827.08	641300.37	633526.71
 45-49 	1071214.04	544903.80	526310.24
 50-54 	876215.54	430326.95	445888.59
 55-59 	725487.75	343349.80	382137.95
 60-64 	550566.65	252687.10	297879.55
 65-69 	399144.13	168584.89	230559.24
 70-74 	250825.08	96895.89	153929.19
 75-79 	145559.58	51128.89	94430.69
 80+ 	109707.90	33577.75	76130.15
Total	27547782.74	13694446.63	13853336.12
1976			
 0-4	4495180.76	2264929.63	2230251.13
 5-9	3894271.46	1948226.26	1946045.21
 10-14 	3386889.57	1707389.60	1679499.97
 15-19 	2972973.91	1498025.27	1474948.65
 20-24 	2566927.14	1292710.46	1274216.68
 25-29 	2101192.86	1058644.33	1042548.54
 30-34 	1765753.02	884272.17	881480.84
 35-39 	1517726.91	753949.32	763777.59
 40-44 	1300132.45	650508.22	649624.23
 45-49 	1098540.83	556942.46	541598.37
 50-54 	896231.84	443207.62	453024.23
 55-59 	734434.56	347291.43	387143.14
 60-64 	565772.17	259347.17	306425.00
 65-69 	404477.27	171708.77	232768.51
 70-74 	259065.95	99627.42	159438.52
 75-79 	146388.23	50914.38	95473.86
 80+ 	110394.19	33377.86	77016.33
Total	28216353.15	14021072.36	14195280.79
1977			
 0-4	4566171.75	2300763.48	2265408.27
 5-9	3982502.67	1991716.83	1990785.83
 10-14 	3485240.65	1754049.77	1731190.88
 15-19 	3036452.24	1530439.02	1506013.22
 20-24 	2643677.89	1329986.95	1313690.95
 25-29 	2188271.59	1102116.15	1086155.44
 30-34 	1804046.63	904977.52	899069.11
 35-39 	1559393.49	774909.71	784483.78
 40-44 	1325839.90	660127.12	665712.78
 45-49 	1126325.60	568156.95	558168.65
 50-54 	918904.70	457451.90	461452.80
 55-59 	742751.45	351353.94	391397.52
 60-64 	582100.99	266155.30	315945.69
 65-69 	409564.83	174910.70	234654.13
 70-74 	267951.46	102675.60	165275.87
 75-79 	147847.70	50968.53	96879.17
 80+ 	111267.46	33231.66	78035.79
Total	28898311.00	14353991.11	14544319.89
1978			
 0-4	4636684.46	2336404.11	2300280.35
 5-9	4065925.98	2034315.57	2031610.41
 10-14 	3588928.29	1801981.48	1786946.81
 15-19 	3103886.50	1564573.28	1539313.22
 20-24 	2716903.74	1365753.69	1351150.05
 25-29 	2275791.39	1145504.18	1130287.22
 30-34 	1850458.08	929473.24	920984.84
 35-39 	1601079.89	796332.98	804746.91
 40-44 	1354014.39	671508.38	682506.01
 45-49 	1153893.25	578856.64	575036.62
 50-54 	942999.67	471516.19	471483.47
 55-59 	753131.11	357063.33	396067.78
 60-64 	597223.19	272375.56	324847.63
 65-69 	416358.97	178667.06	237691.91
 70-74 	276107.85	105625.28	170482.57
 75-79 	150520.59	51507.55	99013.05
 80+ 	112291.31	33119.12	79172.19
Total	29596198.67	14694577.63	14901621.04
1979			
 0-4	4709476.70	2373280.91	2336195.78
 5-9	4153737.37	2082028.80	2071708.57
 10-14 	3684667.31	1843301.24	1841366.07
 15-19 	3178473.46	1601724.03	1576749.43
 20-24 	2787045.41	1400446.52	1386598.89
 25-29 	2359370.91	1186708.19	1172662.71
 30-34 	1908511.59	959354.29	949157.30
 35-39 	1641432.49	817351.90	824080.59
 40-44 	1385901.15	685466.86	700434.29
 45-49 	1180949.39	589328.65	591620.74
 50-54 	967778.37	484520.72	483257.64
 55-59 	767125.67	365218.37	401907.30
 60-64 	609989.67	277722.49	332267.17
 65-69 	425828.96	183180.10	242648.85
 70-74 	282956.10	108324.93	174631.17
 75-79 	154591.91	52587.48	102004.43
 80+ 	113507.67	33056.23	80451.45
Total	30311344.12	15043601.73	15267742.39
1980			
 0-4	4785142.06	2411690.77	2373451.29
 5-9	4237336.75	2123881.68	2113455.07
 10-14 	3778111.33	1887727.94	1890383.39
 15-19 	3261073.42	1642236.26	1618837.16
 20-24 	2854510.06	1434205.24	1420304.83
 25-29 	2440186.90	1226287.77	1213899.13
 30-34 	1977411.86	994247.70	983164.16
 35-39 	1680869.57	838161.42	842708.15
 40-44 	1421529.89	702029.86	719500.03
 45-49 	1207601.86	599578.70	608023.16
 50-54 	993571.51	496785.40	496786.11
 55-59 	784286.42	375509.91	408776.50
 60-64 	621011.55	282465.40	338546.15
 65-69 	437574.12	188314.22	249259.90
 70-74 	288883.62	110926.60	177957.02
 75-79 	159846.42	54104.95	105741.47
 80+ 	114989.42	33079.66	81909.76
Total	31043936.75	15401233.49	15642703.26
1981			
 0-4	4861739.96	2450616.22	2411123.74
 5-9	4314363.59	2162594.88	2151768.72
 10-14 	3870620.12	1932331.02	1938289.10
 15-19 	3352525.15	1686387.00	1666138.16
 20-24 	2919658.97	1467189.48	1452469.49
 25-29 	2518644.88	1264375.24	1254269.65
 30-34 	2057573.66	1034350.57	1023223.09
 35-39 	1718730.52	858418.96	860311.55
 40-44 	1461489.89	721515.00	739974.89
 45-49 	1233677.04	609519.27	624157.77
 50-54 	1020605.53	508432.96	512172.57
 55-59 	804529.92	387915.53	416614.39
 60-64 	630332.56	286598.46	343734.11
 65-69 	451648.74	194072.65	257576.09
 70-74 	293881.35	113462.43	180418.92
 75-79 	166276.00	56022.34	110253.66
 80+ 	116728.63	33191.68	83536.95
Total	31793026.52	15766993.67	16026032.84
1982			
 0-4	4935966.91	2488330.52	2447636.38
 5-9	4389235.68	2200443.16	2188792.52
 10-14 	3957980.17	1975283.95	1982696.22
 15-19 	3453089.45	1734100.70	1718988.75
 20-24 	2985113.95	1500460.10	1484653.86
 25-29 	2594411.91	1301035.12	1293376.80
 30-34 	2144771.35	1077604.35	1067167.01
 35-39 	1758745.30	879780.16	878965.14
 40-44 	1504193.08	743000.11	761192.97
 45-49 	1260396.02	619985.49	640410.53
 50-54 	1048351.47	519561.21	528790.26
 55-59 	827167.25	401514.69	425652.56
 60-64 	639419.84	290974.49	348445.35
 65-69 	466717.11	200014.16	266702.95
 70-74 	298929.57	116154.89	182774.68
 75-79 	173165.04	58130.92	115034.12
 80+ 	118956.15	33468.41	85487.74
Total	32556610.26	16139842.42	16416767.84
1983			
 0-4	5005361.08	2523551.56	2481809.52
 5-9	4465320.07	2239125.20	2226194.86
 10-14 	4040611.45	2017349.49	2023261.96
 15-19 	3558183.19	1782679.63	1775503.57
 20-24 	3054607.35	1535483.67	1519123.68
 25-29 	2667391.96	1336562.25	1330829.71
 30-34 	2232315.55	1120775.30	1111540.24
 35-39 	1806706.16	904858.61	901847.55
 40-44 	1547038.46	764963.18	782075.28
 45-49 	1289607.44	632173.83	657433.61
 50-54 	1076078.61	530374.28	545704.33
 55-59 	851129.53	414965.30	436164.23
 60-64 	650442.51	296794.90	353647.61
 65-69 	480867.09	205558.83	275308.26
 70-74 	305412.47	119287.34	186125.13
 75-79 	179597.95	60193.70	119404.25
 80+ 	121955.43	33992.21	87963.22
Total	33332626.30	16518689.29	16813937.02
1984			
 0-4	5068391.81	2555521.00	2512870.81
 5-9	4544545.50	2279546.43	2264999.06
 10-14 	4127967.50	2064704.60	2063262.90
 15-19 	3654836.38	1824421.37	1830415.01
 20-24 	3131046.59	1573414.91	1557631.67
 25-29 	2737745.50	1371211.80	1366533.70
 30-34 	2315988.95	1161833.12	1154155.83
 35-39 	1865936.48	935136.50	930799.98
 40-44 	1588702.40	786575.20	802127.20
 45-49 	1322407.49	646793.19	675614.30
 50-54 	1103428.70	541072.07	562356.63
 55-59 	875774.52	427501.04	448273.48
 60-64 	664641.76	304675.34	359966.42
 65-69 	493154.36	210481.09	282673.27
 70-74 	314008.12	122971.70	191036.43
 75-79 	185185.12	62125.34	123059.79
 80+ 	125818.99	34782.38	91036.61
Total	34119580.15	16902767.06	17216813.09
1985			
 0-4	5123657.60	2583573.02	2540084.59
 5-9	4627012.94	2321639.36	2305373.59
 10-14 	4211564.97	2106517.34	2105047.63
 15-19 	3749046.50	1869211.57	1879834.93
 20-24 	3215332.85	1614629.59	1600703.26
 25-29 	2805578.19	1404941.67	1400636.52
 30-34 	2396806.00	1201230.76	1195575.24
 35-39 	1935576.37	970224.48	965351.88
 40-44 	1629554.33	807997.85	821556.47
 45-49 	1358797.07	663835.36	694961.71
 50-54 	1130416.82	551596.35	578820.46
 55-59 	901366.86	439390.04	461976.82
 60-64 	681591.07	314334.95	367256.12
 65-69 	504082.78	214988.62	289094.16
 70-74 	324374.87	127098.71	197276.16
 75-79 	190173.57	64005.60	126167.96
 80+ 	130414.54	35791.63	94622.92
Total	34915347.33	17291006.90	17624340.43
1986			
 0-4	5170211.85	2607266.47	2562945.39
 5-9	4710287.47	2364101.46	2346186.02
 10-14 	4289076.97	2145493.95	2143583.02
 15-19 	3842338.44	1914274.75	1928063.69
 20-24 	3308413.25	1659506.71	1648906.54
 25-29 	2871095.08	1437784.41	1433310.67
 30-34 	2475072.08	1238999.48	1236072.61
 35-39 	2016080.95	1010341.56	1005739.39
 40-44 	1668866.02	828866.73	839999.30
 45-49 	1399354.84	683622.45	715732.39
 50-54 	1156827.12	561826.27	595000.85
 55-59 	928099.94	450741.90	477358.04
 60-64 	701175.00	325735.29	375439.71
 65-69 	513714.90	219086.36	294628.55
 70-74 	336550.31	131682.07	204868.24
 75-79 	194567.66	65867.81	128699.85
 80+ 	135710.58	36993.57	98717.01
Total	35717442.48	17682191.22	18035251.27
1987			
 0-4	5207882.92	2626527.23	2581355.69
 5-9	4791033.22	2405218.57	2385814.65
 10-14 	4364777.83	2183800.33	2180977.50
 15-19 	3930662.20	1957856.79	1972805.41
 20-24 	3410657.06	1708098.28	1702558.79
 25-29 	2936825.65	1470774.72	1466050.93
 30-34 	2550403.63	1275114.58	1275289.05
 35-39 	2103367.03	1053522.61	1049844.42
 40-44 	1710175.12	850733.97	859441.15
 45-49 	1442601.23	705325.35	737275.88
 50-54 	1183772.68	572509.25	611263.42
 55-59 	955461.31	461630.31	493831.01
 60-64 	722824.58	338118.78	384705.79
 65-69 	523212.15	223416.78	299795.37
 70-74 	349522.61	136424.36	213098.25
 75-79 	199040.16	67846.00	131194.17
 80+ 	141399.36	38321.70	103077.66
Total	36523618.75	18075239.61	18448379.14
1988			
 0-4	5233556.98	2639781.42	2593775.55
 5-9	4867416.00	2444065.18	2423350.82
 10-14 	4441854.84	2223014.27	2218840.56
 15-19 	4014418.57	2000643.03	2013775.54
 20-24 	3517641.41	1757782.06	1759859.36
 25-29 	3006572.48	1505534.04	1501038.44
 30-34 	2622714.08	1309874.91	1312839.17
 35-39 	2190773.66	1096549.59	1094224.07
 40-44 	1759070.12	876111.55	882958.57
 45-49 	1486032.52	727485.56	758546.96
 50-54 	1213085.49	584817.47	628268.02
 55-59 	982805.00	472265.40	510539.60
 60-64 	745672.04	350394.23	395277.82
 65-69 	534260.51	228876.58	305383.93
 70-74 	361811.40	140907.56	220903.84
 75-79 	204543.94	70105.68	134438.26
 80+ 	147079.56	39705.37	107374.19
Total	37329308.60	18467913.90	18861394.70
1989			
 0-4	5244246.43	2645472.81	2598773.62
 5-9	4937459.34	2479729.79	2457729.55
 10-14 	4522320.94	2264024.45	2258296.50
 15-19 	4102966.52	2048673.04	2054293.48
 20-24 	3616432.65	1800859.15	1815573.51
 25-29 	3083464.39	1543464.03	1540000.36
 30-34 	2692219.63	1343611.18	1348608.45
 35-39 	2273977.04	1137243.19	1136733.86
 40-44 	1818739.45	906475.35	912264.10
 45-49 	1528302.19	749286.52	779015.67
 50-54 	1245897.46	599471.10	646426.36
 55-59 	1009728.66	482779.04	526949.62
 60-64 	769146.18	361888.75	407257.42
 65-69 	547823.09	235922.50	311900.59
 70-74 	372666.58	144961.47	227705.11
 75-79 	211531.52	72713.53	138817.99
 80+ 	152580.30	41109.91	111470.39
Total	38129502.36	18857685.78	19271816.58
1990			
 0-4	5240181.14	2643691.16	2596489.98
 5-9	4998567.25	2510943.01	2487624.24
 10-14 	4606332.79	2306887.14	2299445.65
 15-19 	4187729.69	2091094.87	2096634.82
 20-24 	3712768.95	1846948.60	1865820.35
 25-29 	3168791.94	1585139.79	1583652.15
 30-34 	2759398.01	1376578.56	1382819.45
 35-39 	2353917.21	1175921.00	1177996.21
 40-44 	1888211.88	941275.96	946935.93
 45-49 	1569414.46	770737.98	798676.48
 50-54 	1282314.57	616568.83	665745.73
 55-59 	1036484.91	493285.91	543199.00
 60-64 	793558.88	372891.93	420666.95
 65-69 	563602.30	244372.42	319229.88
 70-74 	382518.79	148776.30	233742.49
 75-79 	219731.51	75610.24	144121.27
 80+ 	158039.51	42571.66	115467.84
Total	38921563.78	19243295.36	19678268.42
1991			
 0-4	5224722.75	2636163.44	2588559.31
 5-9	5048455.42	2536511.43	2511943.99
 10-14 	4691307.15	2350263.18	2341043.98
 15-19 	4266771.35	2130710.78	2136060.56
 20-24 	3808111.84	1893210.88	1914900.96
 25-29 	3263386.84	1630917.82	1632469.03
 30-34 	2824703.99	1409034.86	1415669.13
 35-39 	2430657.20	1212579.45	1218077.75
 40-44 	1967734.00	980571.96	987162.04
 45-49 	1608530.11	791366.13	817163.98
 50-54 	1322696.34	636293.58	686402.76
 55-59 	1062989.15	503756.98	559232.17
 60-64 	819048.08	383483.08	435565.00
 65-69 	581367.29	254100.60	327266.69
 70-74 	391393.77	152337.03	239056.74
 75-79 	229108.03	78765.32	150342.71
 80+ 	163458.26	44093.49	119364.77
Total	39704441.58	19624160.00	20080281.57
1992			
 0-4	5207042.57	2627544.84	2579497.73
 5-9	5083294.33	2554471.19	2528823.14
 10-14 	4773517.32	2392241.37	2381275.95
 15-19 	4344951.40	2169887.91	2175063.49
 20-24 	3898701.90	1938045.35	1960656.55
 25-29 	3367122.60	1680616.51	1686506.09
 30-34 	2890622.06	1442037.58	1448584.48
 35-39 	2503598.10	1247233.50	1256364.60
 40-44 	2053000.07	1022272.39	1030727.67
 45-49 	1649037.50	812545.16	836492.34
 50-54 	1365320.04	657664.01	707656.03
 55-59 	1090307.24	514898.07	575409.17
 60-64 	845135.75	393721.56	451414.19
 65-69 	600629.68	264472.14	336157.53
 70-74 	400122.65	156087.35	244035.30
 75-79 	238931.69	81977.47	156954.22
 80+ 	169096.22	45715.22	123381.00
Total	40480431.11	20001431.62	20478999.48
1993			
 0-4	5194070.41	2621351.34	2572719.08
 5-9	5100165.85	2563351.31	2536814.54
 10-14 	4850121.21	2431356.81	2418764.40
 15-19 	4426098.76	2210371.89	2215726.86
 20-24 	3985762.97	1982514.16	2003248.81
 25-29 	3474767.95	1731404.63	1743363.32
 30-34 	2959978.63	1476842.13	1483136.50
 35-39 	2572374.59	1280120.96	1292253.63
 40-44 	2137275.00	1063138.01	1074136.99
 45-49 	1696337.81	836543.51	859794.30
 50-54 	1407570.29	679142.54	728427.75
 55-59 	1119936.06	527640.95	592295.10
 60-64 	871139.16	403728.31	467410.85
 65-69 	620672.92	274611.35	346061.57
 70-74 	409807.19	160580.48	249226.71
 75-79 	248128.91	84981.21	163147.70
 80+ 	175251.12	47469.63	127781.49
Total	41249458.82	20375149.21	20874309.60
1994			
 0-4	5185005.90	2617167.03	2567838.87
 5-9	5101899.22	2564620.48	2537278.74
 10-14 	4918395.94	2466227.21	2452168.73
 15-19 	4512380.17	2253004.53	2259375.64
 20-24 	4079351.96	2032813.46	2046538.50
 25-29 	3573218.48	1775747.97	1797470.52
 30-34 	3034136.17	1514268.13	1519868.03
 35-39 	2636636.21	1311364.54	1325271.67
 40-44 	2216107.53	1100988.06	1115119.47
 45-49 	1753517.43	864620.18	888897.25
 50-54 	1448099.97	699806.81	748293.17
 55-59 	1152666.96	542460.92	610206.04
 60-64 	896713.35	413648.90	483064.45
 65-69 	641022.00	284026.71	356995.29
 70-74 	420934.59	166005.37	254929.22
 75-79 	256137.37	87654.68	168482.69
 80+ 	181977.50	49369.63	132607.87
Total	42008200.75	20743794.61	21264406.14
1995			
 0-4	5177163.96	2613617.84	2563546.12
 5-9	5093888.78	2561010.42	2532878.37
 10-14 	4976672.22	2496007.33	2480664.90
 15-19 	4603526.48	2297681.50	2305844.98
 20-24 	4172255.31	2078629.31	2093626.01
 25-29 	3667697.00	1822785.92	1844911.08
 30-34 	3112564.02	1554476.95	1558087.07
 35-39 	2696085.80	1340877.42	1355208.39
 40-44 	2289869.17	1135943.73	1153925.45
 45-49 	1819404.92	896280.08	923124.84
 50-54 	1486908.41	719486.58	767421.82
 55-59 	1188079.85	559068.03	629011.82
 60-64 	921916.07	423492.63	498423.43
 65-69 	661916.95	292937.89	368979.06
 70-74 	433136.60	172131.35	261005.25
 75-79 	263196.11	90079.46	173116.66
 80+ 	188912.27	51342.84	137569.42
Total	42753193.92	21105849.27	21647344.65
1996			
 0-4	5168179.82	2609510.75	2558669.07
 5-9	5081909.92	2555483.83	2526426.09
 10-14 	5024352.22	2520285.00	2504067.22
 15-19 	4696116.31	2342825.21	2353291.10
 20-24 	4262429.87	2122422.31	2140007.57
 25-29 	3760085.48	1869813.37	1890272.11
 30-34 	3194907.00	1597587.39	1597319.61
 35-39 	2749919.16	1368463.51	1381455.65
 40-44 	2358401.96	1167757.38	1190644.57
 45-49 	1893769.34	931560.78	962208.57
 50-54 	1523442.27	737758.02	785684.25
 55-59 	1226310.20	577479.82	648830.39
 60-64 	946657.89	433228.96	513428.93
 65-69 	683527.36	301467.37	382059.99
 70-74 	446307.84	178889.08	267418.77
 75-79 	269314.68	92239.87	177074.82
 80+ 	196141.40	53416.79	142724.60
Total	43481772.74	21460189.43	22021583.31
1997			
 0-4	5160605.96	2606117.28	2554488.69
 5-9	5070322.14	2550262.53	2520059.61
 10-14 	5059291.67	2537921.41	2521370.26
 15-19 	4785374.06	2386360.68	2399013.39
 20-24 	4353203.52	2165870.22	2187333.29
 25-29 	3847335.01	1915118.83	1932216.18
 30-34 	3281204.79	1643491.40	1637713.39
 35-39 	2799284.31	1394842.45	1404441.85
 40-44 	2420565.03	1196081.06	1224483.97
 45-49 	1972078.53	968407.56	1003670.97
 50-54 	1560552.32	755809.54	804742.78
 55-59 	1265746.30	596767.17	668979.12
 60-64 	971724.19	443345.86	528378.33
 65-69 	705518.95	309703.82	395815.12
 70-74 	460301.61	185912.29	274389.32
 75-79 	275083.73	94423.05	180660.68
 80+ 	203498.14	55518.11	147980.03
Total	44191690.24	21805953.25	22385736.99
1998			
 0-4	5162109.80	2607255.97	2554853.82
 5-9	5059710.18	2545582.89	2514127.29
 10-14 	5078692.47	2547566.64	2531125.83
 15-19 	4867740.08	2426778.72	2440961.35
 20-24 	4446212.75	2209974.16	2236238.58
 25-29 	3930625.40	1959277.00	1971348.40
 30-34 	3367869.52	1689568.68	1678300.84
 35-39 	2846717.63	1421343.99	1425373.65
 40-44 	2475084.38	1220897.51	1254186.87
 45-49 	2047500.90	1003564.62	1043936.28
 50-54 	1602375.97	775592.83	826783.14
 55-59 	1304074.74	615579.49	688495.25
 60-64 	998321.52	454538.82	543782.71
 65-69 	727458.31	317779.13	409679.19
 70-74 	474992.50	192740.26	282252.24
 75-79 	281537.56	97066.93	184470.63
 80+ 	210995.66	57631.10	153364.57
Total	44882019.39	22142738.74	22739280.65
1999			
 0-4	5177464.50	2615210.67	2562253.83
 5-9	5048136.09	2540424.27	2507711.82
 10-14 	5083681.35	2549957.94	2533723.41
 15-19 	4940233.28	2462732.43	2477500.85
 20-24 	4541553.74	2255157.04	2286396.70
 25-29 	4019194.44	2007725.03	2011469.41
 30-34 	3443601.14	1728292.47	1715308.66
 35-39 	2894650.18	1449180.75	1445469.43
 40-44 	2520726.33	1242344.91	1278381.42
 45-49 	2115058.05	1034638.69	1080419.36
 50-54 	1650706.14	798086.97	852619.17
 55-59 	1339847.25	633042.95	706804.30
 60-64 	1027073.12	467147.65	559925.46
 65-69 	749036.57	325747.91	423288.66
 70-74 	490423.35	199205.72	291217.62
 75-79 	289286.05	100383.18	188902.87
 80+ 	218954.11	59810.14	159143.97
Total	45549625.68	22469088.74	23080536.95
2000			
 0-4	5207487.82	2630315.45	2577172.37
 5-9	5033406.65	2533673.94	2499732.71
 10-14 	5077738.82	2547014.21	2530724.62
 15-19 	5000963.86	2493209.65	2507754.21
 20-24 	4637746.19	2301342.68	2336403.51
 25-29 	4105528.32	2050434.59	2055093.73
 30-34 	3514118.30	1767858.91	1746259.39
 35-39 	2944030.45	1478774.48	1465255.96
 40-44 	2556491.94	1260487.47	1296004.47
 45-49 	2174080.51	1061348.70	1112731.81
 50-54 	1703887.29	822705.33	881181.96
 55-59 	1372691.33	648976.09	723715.24
 60-64 	1057733.53	481015.42	576718.11
 65-69 	770028.02	333451.90	436576.12
 70-74 	506794.46	205511.70	301282.75
 75-79 	297974.45	104178.83	193795.62
 80+ 	227977.13	62262.57	165714.56
Total	46188679.06	22782561.93	23406117.13
2001			
 0-4	5247841.37	2650421.04	2597420.33
 5-9	5015224.83	2525082.90	2490141.93
 10-14 	5065442.85	2541260.58	2524182.27
 15-19 	5049353.84	2517642.13	2531711.71
 20-24 	4731183.87	2347141.81	2384042.06
 25-29 	4186879.04	2090009.69	2096869.35
 30-34 	3581588.28	1805139.06	1776449.23
 35-39 	2996101.20	1510311.64	1485789.56
 40-44 	2581787.17	1275554.18	1306232.99
 45-49 	2223532.74	1083305.96	1140226.78
 50-54 	1761058.75	849265.53	911793.22
 55-59 	1401329.84	662739.21	738590.63
 60-64 	1090320.93	496168.41	594152.52
 65-69 	789987.96	340687.21	449300.75
 70-74 	524160.01	211748.62	312411.40
 75-79 	307270.77	108304.22	198966.56
 80+ 	238041.19	64987.40	173053.78
Total	46791104.66	23079769.60	23711335.07
2002			
 0-4	5289240.94	2670961.08	2618279.87
 5-9	4998668.12	2517128.20	2481539.92
 10-14 	5050543.32	2534647.29	2515896.03
 15-19 	5083363.69	2534760.04	2548603.65
 20-24 	4817926.28	2390766.94	2427159.34
 25-29 	4266853.19	2128671.41	2138181.78
 30-34 	3642605.06	1838429.88	1804175.18
 35-39 	3051300.05	1543372.15	1507927.89
 40-44 	2598733.94	1288585.60	1310148.34
 45-49 	2262129.15	1100357.64	1161771.51
 50-54 	1818118.77	875882.84	942235.93
 55-59 	1427691.59	675219.02	752472.57
 60-64 	1123225.22	511757.97	611467.25
 65-69 	809288.77	347775.56	461513.21
 70-74 	541877.08	217831.74	324045.33
 75-79 	316811.96	112452.95	204359.01
 80+ 	248824.67	67954.58	180870.09
Total	47347201.79	23356554.89	23990646.91
2003			
 0-4	5320039.28	2686101.33	2633937.95
 5-9	4992977.63	2514465.36	2478512.27
 10-14 	5033407.97	2527211.99	2506195.98
 15-19 	5100150.77	2543058.12	2557092.65
 20-24 	4895663.39	2430853.35	2464810.04
 25-29 	4347925.24	2168129.05	2179796.19
 30-34 	3698265.97	1868903.54	1829362.43
 35-39 	3105316.28	1574941.15	1530375.13
 40-44 	2611102.65	1300902.32	1310200.33
 45-49 	2289277.96	1112884.67	1176393.29
 50-54 	1869356.63	899750.29	969606.34
 55-59 	1455370.29	688132.95	767237.35
 60-64 	1153946.47	526412.73	627533.74
 65-69 	828777.08	355261.85	473515.23
 70-74 	558926.38	223547.62	335378.76
 75-79 	326308.98	116319.46	209989.52
 80+ 	259932.43	71118.65	188813.78
Total	47846745.41	23607994.43	24238750.98
2004			
 0-4	5330918.23	2691146.46	2639771.77
 5-9	5005440.31	2520684.95	2484755.36
 10-14 	5012382.01	2517941.91	2494440.11
 15-19 	5100542.75	2543122.49	2557420.26
 20-24 	4962414.61	2465915.75	2496498.86
 25-29 	4431588.89	2209449.70	2222139.19
 30-34 	3758801.23	1903161.21	1855640.02
 35-39 	3147127.19	1597933.46	1549193.73
 40-44 	2622844.70	1313711.54	1309133.16
 45-49 	2305567.62	1121673.91	1183893.72
 50-54 	1911699.87	919244.65	992455.22
 55-59 	1486730.70	702630.47	784100.22
 60-64 	1180907.08	539206.28	641700.80
 65-69 	849238.47	363543.15	485695.32
 70-74 	574509.27	228662.20	345847.07
 75-79 	335824.46	119859.10	215965.36
 80+ 	271020.62	74388.43	196632.20
Total	48287557.98	23832275.63	24455282.36
2005			
 0-4	5318549.79	2684445.02	2634104.77
 5-9	5038678.72	2537063.16	2501615.56
 10-14 	4985941.16	2505892.03	2480049.14
 15-19 	5088031.72	2536997.65	2551034.08
 20-24 	5016670.07	2494599.78	2522070.28
 25-29 	4518406.10	2252921.12	2265484.98
 30-34 	3820712.95	1933847.21	1886865.74
 35-39 	3184625.38	1621431.82	1563193.55
 40-44 	2637704.72	1328074.15	1309630.58
 45-49 	2313434.55	1127836.83	1185597.72
 50-54 	1947596.78	935251.14	1012345.64
 55-59 	1522148.93	718833.45	803315.47
 60-64 	1204180.41	550051.62	654128.80
 65-69 	871235.00	372764.54	498470.47
 70-74 	588364.86	233005.55	355359.31
 75-79 	345796.79	123346.40	222450.39
 80+ 	281839.63	77650.32	204189.31
Total	48683917.58	24034011.79	24649905.78
2006			
 0-4	5286662.34	2667888.18	2618774.16
 5-9	5088356.01	2561532.27	2526823.75
 10-14 	4955013.09	2491334.73	2463678.36
 15-19 	5067258.96	2527253.01	2540005.95
 20-24 	5057643.04	2516048.24	2541594.80
 25-29 	4605545.30	2297213.75	2308331.55
 30-34 	3884810.36	1965080.32	1919730.04
 35-39 	3221644.15	1643749.68	1577894.48
 40-44 	2658269.07	1344795.20	1313473.87
 45-49 	2314409.38	1132144.29	1182265.09
 50-54 	1978576.78	948426.96	1030149.82
 55-59 	1562457.92	737233.65	825224.28
 60-64 	1223339.53	558697.86	664641.68
 65-69 	895505.37	383201.85	512303.53
 70-74 	600371.72	236510.52	363861.20
 75-79 	356494.54	126909.85	229584.69
 80+ 	292073.92	80788.25	211285.66
Total	49048431.48	24218808.60	24829622.89
2007			
 0-4	5245997.27	2646991.48	2599005.80
 5-9	5142883.44	2588343.51	2554539.93
 10-14 	4926514.74	2477644.10	2448870.64
 15-19 	5042510.96	2516118.23	2526392.73
 20-24 	5082895.09	2528883.38	2554011.72
 25-29 	4690010.56	2340519.41	2349491.16
 30-34 	3957990.23	2000284.15	1957706.08
 35-39 	3259617.09	1665457.43	1594159.66
 40-44 	2687790.89	1364936.50	1322854.38
 45-49 	2313281.93	1136495.66	1176786.26
 50-54 	2006303.24	959730.57	1046572.67
 55-59 	1606203.60	757021.16	849182.44
 60-64 	1241442.35	566494.86	674947.49
 65-69 	921629.53	394517.58	527111.95
 70-74 	611638.61	239741.83	371896.78
 75-79 	367885.87	130588.27	237297.60
 80+ 	301853.02	83771.19	218081.83
Total	49406448.42	24397539.30	25008909.12
2008			
 0-4	5208650.48	2628010.73	2580639.75
 5-9	5189636.51	2611190.10	2578446.41
 10-14 	4911881.31	2470616.87	2441264.44
 15-19 	5015510.12	2504284.71	2511225.40
 20-24 	5089347.24	2531772.01	2557575.23
 25-29 	4768112.70	2380852.56	2387260.14
 30-34 	4041470.58	2040472.59	2000997.99
 35-39 	3300975.28	1688420.54	1612554.73
 40-44 	2722709.07	1386369.59	1336339.48
 45-49 	2313407.74	1142223.47	1171184.27
 50-54 	2029890.12	969478.10	1060412.02
 55-59 	1649284.94	776226.53	873058.41
 60-64 	1262469.79	575403.74	687066.05
 65-69 	947955.49	405855.82	542099.67
 70-74 	623788.98	243513.74	380275.24
 75-79 	379504.83	134261.41	245243.43
 80+ 	311373.23	86577.33	224795.90
Total	49765968.40	24575529.85	25190438.55
2009			
 0-4	5183289.57	2615389.41	2567900.16
 5-9	5213459.60	2622526.48	2590933.12
 10-14 	4920834.39	2475137.58	2445696.81
 15-19 	4986311.91	2491535.26	2494776.65
 20-24 	5077948.18	2525667.09	2552281.09
 25-29 	4833920.17	2415447.59	2418472.58
 30-34 	4130119.37	2084044.28	2046075.09
 35-39 	3350168.19	1716894.48	1633273.72
 40-44 	2748901.14	1401431.91	1347469.24
 45-49 	2313825.87	1148966.41	1164859.46
 50-54 	2045366.41	976812.19	1068554.22
 55-59 	1687224.89	792949.34	894275.55
 60-64 	1287992.95	586437.29	701555.66
 65-69 	972492.00	416355.22	556136.78
 70-74 	637968.97	248388.03	389580.95
 75-79 	390623.44	137667.90	252955.54
 80+ 	320736.29	89212.94	231523.35
Total	50101183.37	24744863.40	25356319.96
2010			
 0-4	5176581.35	2612451.15	2564130.20
 5-9	5206993.88	2618805.39	2588188.49
 10-14 	4957682.48	2493333.34	2464349.14
 15-19 	4955371.72	2477834.00	2477537.72
 20-24 	5052476.72	2513086.18	2539390.54
 25-29 	4883391.85	2441928.48	2441463.37
 30-34 	4222858.88	2130233.86	2092625.02
 35-39 	3404330.14	1744362.92	1659967.22
 40-44 	2772545.75	1418020.92	1354524.83
 45-49 	2316423.26	1157470.03	1158953.23
 50-54 	2052286.10	981847.70	1070438.40
 55-59 	1720835.49	807438.36	913397.13
 60-64 	1318192.93	599758.98	718433.94
 65-69 	994715.73	425839.80	568875.93
 70-74 	655159.11	254703.15	400455.96
 75-79 	400913.59	140572.59	260340.99
 80+ 	329654.87	91652.86	238002.01
Total	50420413.85	24909339.73	25511074.13
2011			
 0-4	5182367.51	2615958.97	2566408.54
 5-9	5178103.86	2604047.16	2574056.70
 10-14 	5017344.16	2522827.89	2494516.27
 15-19 	4923533.44	2463474.32	2460059.11
 20-24 	5020476.04	2497861.70	2522614.34
 25-29 	4919360.59	2460513.12	2458847.47
 30-34 	4322030.28	2178836.82	2143193.46
 35-39 	3475535.97	1778490.09	1697045.88
 40-44 	2806431.23	1438342.15	1368089.08
 45-49 	2332148.26	1171676.41	1160471.84
 50-54 	2056337.24	986882.70	1069454.54
 55-59 	1754045.07	820970.31	933074.75
 60-64 	1355946.64	616348.34	739598.31
 65-69 	1014790.44	434265.10	580525.34
 70-74 	676850.81	263055.14	413795.67
 75-79 	410793.08	143161.62	267631.46
 80+ 	339499.86	94323.98	245175.88
Total	50785594.49	25091035.83	25694558.66
2012			
 0-4	5199534.27	2625232.33	2574301.94
 5-9	5134332.60	2582095.14	2552237.46
 10-14 	5086661.56	2557119.23	2529542.34
 15-19 	4898099.73	2451985.71	2446114.01
 20-24 	4986721.25	2482508.18	2504213.07
 25-29 	4944310.57	2471256.27	2473054.30
 30-34 	4429721.21	2229819.59	2199901.62
 35-39 	3579238.64	1825667.98	1753570.66
 40-44 	2862276.07	1467228.41	1395047.65
 45-49 	2370722.91	1195491.44	1175231.46
 50-54 	2065429.06	995291.98	1070137.08
 55-59 	1789744.13	834936.25	954807.89
 60-64 	1401165.26	635873.26	765292.00
 65-69 	1035616.78	442805.44	592811.34
 70-74 	702685.57	273211.03	429474.53
 75-79 	421214.90	145882.55	275332.34
 80+ 	350305.28	97232.81	253072.47
Total	51257779.78	25313637.61	25944142.17
2013			
 0-4	5209889.27	2630984.34	2578904.93
 5-9	5102077.33	2566322.93	2535754.40
 10-14 	5148907.56	2587842.25	2561065.31
 15-19 	4890290.67	2448988.35	2441302.32
 20-24 	4953592.72	2468035.15	2485557.58
 25-29 	4952234.94	2472296.63	2479938.31
 30-34 	4537881.82	2279985.71	2257896.11
 35-39 	3709406.04	1884480.38	1824925.66
 40-44 	2939566.39	1505826.93	1433739.46
 45-49 	2425067.09	1226078.07	1198989.02
 50-54 	2080541.59	1007974.48	1072567.11
 55-59 	1824412.72	848915.88	975496.84
 60-64 	1448711.47	656168.48	792542.99
 65-69 	1059776.42	452729.96	607046.46
 70-74 	730175.30	284114.35	446060.95
 75-79 	433015.85	149187.78	283828.07
 80+ 	361686.05	100234.46	261451.60
Total	51807233.25	25570166.13	26237067.12
2014			
 0-4	5214167.97	2633658.56	2580509.41
 5-9	5085449.19	2558587.16	2526862.03
 10-14 	5187473.95	2606786.65	2580687.30
 15-19 	4908090.98	2458577.37	2449513.61
 20-24 	4921952.66	2454330.51	2467622.15
 25-29 	4940479.10	2463687.70	2476791.40
 30-34 	4630823.43	2322605.59	2308217.84
 35-39 	3846236.69	1946372.52	1899864.17
 40-44 	3032408.55	1552482.29	1479926.26
 45-49 	2478284.55	1253391.47	1224893.08
 50-54 	2099341.90	1023115.90	1076226.00
 55-59 	1853341.18	861349.84	991991.33
 60-64 	1493877.51	674949.74	818927.76
 65-69 	1088595.93	464546.18	624049.75
 70-74 	756815.70	294627.04	462188.66
 75-79 	446946.56	153393.49	293553.07
 80+ 	373283.80	103183.57	270100.23
Total	52357569.64	25825645.59	26531924.05
2015			
 0-4	5214670.49	2634468.98	2580201.51
 5-9	5084712.74	2558879.75	2525833.00
 10-14 	5192925.92	2609294.88	2583631.04
 15-19 	4954673.58	2482201.91	2472471.67
 20-24 	4890155.06	2441172.80	2448982.26
 25-29 	4910435.04	2447451.98	2462983.05
 30-34 	4706733.93	2357240.17	2349493.76
 35-39 	3988237.79	2012512.47	1975725.32
 40-44 	3142175.45	1604859.86	1537315.59
 45-49 	2536327.00	1286102.22	1250224.78
 50-54 	2127174.15	1043551.14	1083623.01
 55-59 	1876468.42	873144.15	1003324.27
 60-64 	1536853.96	692586.44	844267.52
 65-69 	1122581.68	478599.30	643982.38
 70-74 	781756.57	304473.64	477282.93
 75-79 	463459.79	158768.06	304691.73
 80+ 	385136.95	106068.73	279068.22
Total	52914478.49	26091376.47	26823102.02
2016			
 0-4	5208767.49	2632013.02	2576754.47
 5-9	5095354.91	2564993.12	2530361.80
 10-14 	5172218.19	2598822.96	2573395.23
 15-19 	5023950.53	2517019.54	2506930.99
 20-24 	4861777.23	2429048.24	2432728.99
 25-29 	4876908.25	2431191.95	2445716.30
 30-34 	4761184.83	2381940.31	2379244.52
 35-39 	4127165.53	2078616.01	2048549.52
 40-44 	3260784.13	1661441.58	1599342.54
 45-49 	2603873.58	1323415.36	1280458.22
 50-54 	2163295.43	1068231.99	1095063.44
 55-59 	1893718.38	884430.88	1009287.50
 60-64 	1577516.64	709030.71	868485.93
 65-69 	1162302.31	495168.15	667134.16
 70-74 	804137.38	313321.10	490816.28
 75-79 	483133.33	165479.96	317653.37
 80+ 	397194.06	108885.76	288308.31
Total	53473282.20	26363050.63	27110231.57
2017			
 0-4	5197341.14	2626737.77	2570603.36
 5-9	5115180.39	2575756.65	2539423.74
 10-14 	5132500.66	2579018.52	2553482.14
 15-19 	5101999.70	2556086.98	2545912.72
 20-24 	4841721.61	2420720.50	2421001.11
 25-29 	4842562.95	2415665.66	2426897.29
 30-34 	4789839.97	2394378.01	2395461.96
 35-39 	4251600.86	2138313.14	2113287.71
 40-44 	3385566.95	1720918.09	1664648.85
 45-49 	2675502.95	1362082.85	1313420.10
 50-54 	2207484.53	1096603.42	1110881.11
 55-59 	1906054.11	895436.64	1010617.47
 60-64 	1614066.71	723763.60	890303.11
 65-69 	1205272.46	513079.33	692193.12
 70-74 	825163.37	321585.27	503578.10
 75-79 	504942.42	173100.57	331841.85
 80+ 	409806.87	111780.85	298026.02
Total	54006607.64	26625027.85	27381579.79
2018			
 0-4	5179566.19	2618241.78	2561324.41
 5-9	5126001.22	2581910.99	2544090.23
 10-14 	5101645.84	2564014.13	2537631.70
 15-19 	5173322.41	2591359.24	2581963.17
 20-24 	4838785.76	2420896.03	2417889.73
 25-29 	4809869.90	2401764.71	2408105.19
 30-34 	4791581.68	2394187.04	2397394.65
 35-39 	4358196.78	2189788.63	2168408.15
 40-44 	3514753.12	1782698.81	1732054.31
 45-49 	2752354.77	1402909.95	1349444.81
 50-54 	2257100.02	1126845.20	1130254.82
 55-59 	1917578.48	907570.86	1010007.62
 60-64 	1645324.94	736843.59	908481.35
 65-69 	1247945.43	530732.03	717213.40
 70-74 	847613.53	330375.75	517237.79
 75-79 	527341.04	180989.78	346351.27
 80+ 	423530.42	115003.42	308527.00
Total	54512511.53	26876131.93	27636379.60
2019			
 0-4	5158322.28	2607981.20	2550341.08
 5-9	5128829.13	2584062.92	2544766.21
 10-14 	5085133.06	2556369.37	2528763.69
 15-19 	5217695.75	2613311.67	2604384.07
 20-24 	4864337.69	2434754.06	2429583.63
 25-29 	4779108.78	2389265.73	2389843.05
 30-34 	4770782.24	2383762.57	2387019.67
 35-39 	4444292.73	2231596.47	2212696.26
 40-44 	3645581.72	1845567.23	1800014.49
 45-49 	2842192.15	1450806.85	1391385.30
 50-54 	2303976.72	1153684.33	1150292.38
 55-59 	1932352.68	922128.85	1010223.83
 60-64 	1670319.84	748433.09	921886.75
 65-69 	1287854.59	547025.29	740829.30
 70-74 	873496.55	340497.45	532999.10
 75-79 	549005.15	188617.29	360387.86
 80+ 	438866.26	118759.71	320106.55
Total	54992147.32	27116624.08	27875523.24
2020			
 0-4	5134530.86	2596416.45	2538114.40
 5-9	5127775.75	2584341.93	2543433.83
 10-14 	5083488.10	2556224.55	2527263.54
 15-19 	5228992.79	2618849.69	2610143.10
 20-24 	4917094.74	2461794.64	2455300.10
 25-29 	4750516.63	2377876.66	2372639.97
 30-34 	4735230.18	2367145.38	2368084.79
 35-39 	4507733.10	2262536.57	2245196.53
 40-44 	3773826.57	1907603.98	1866222.59
 45-49 	2940548.42	1499374.88	1441173.54
 50-54 	2353156.99	1183646.08	1169510.91
 55-59 	1952682.81	939732.06	1012950.75
 60-64 	1688551.16	758690.56	929860.60
 65-69 	1325048.76	561993.59	763055.17
 70-74 	903023.10	352037.62	550985.48
 75-79 	569240.29	195738.68	373501.61
 80+ 	456103.91	123131.96	332971.95
Total	55447544.15	27347135.28	28100408.88
2021			
 0-4	5107776.13	2583204.45	2524571.68
 5-9	5120905.30	2581661.28	2539244.02
 10-14 	5092399.84	2561466.26	2530933.58
 15-19 	5212906.59	2610694.08	2602212.52
 20-24 	4992173.06	2499772.86	2492400.20
 25-29 	4724975.82	2367675.21	2357300.61
 30-34 	4693589.31	2348599.52	2344989.79
 35-39 	4547663.26	2282030.28	2265632.99
 40-44 	3893627.60	1965975.24	1927652.36
 45-49 	3044747.40	1550004.45	1494742.95
 50-54 	2407462.67	1215275.16	1192187.52
 55-59 	1979815.76	960498.63	1019317.14
 60-64 	1699661.53	767585.91	932075.62
 65-69 	1358731.06	575280.11	783450.95
 70-74 	936044.52	364903.35	571141.17
 75-79 	586984.60	201937.42	385047.17
 80+ 	474955.75	128029.17	346926.57
Total	55874420.22	27564593.38	28309826.83
2022			
 0-4	5079450.21	2569063.69	2510386.52
 5-9	5108633.20	2576213.83	2532419.37
 10-14 	5110016.89	2571102.73	2538914.16
 15-19 	5176729.59	2592658.61	2584070.97
 20-24 	5075527.65	2541672.69	2533854.97
 25-29 	4708570.03	2361519.72	2347050.30
 30-34 	4653079.67	2331499.45	2321580.22
 35-39 	4563117.45	2289648.25	2273469.20
 40-44 	4000443.23	2018314.96	1982128.27
 45-49 	3155038.91	1603268.99	1551769.92
 50-54 	2466168.03	1248109.29	1218058.74
 55-59 	2014645.42	984489.63	1030155.79
 60-64 	1706087.97	776042.73	930045.25
 65-69 	1388133.99	586845.74	801288.26
 70-74 	970917.47	378413.41	592504.06
 75-79 	603388.78	207617.62	395771.16
 80+ 	494973.63	133296.70	361676.93
Total	56274922.13	27769778.04	28505144.08
2023			
 0-4	5050475.04	2554483.87	2495991.17
 5-9	5090249.82	2567631.34	2522618.49
 10-14 	5118288.64	2575949.96	2542338.68
 15-19 	5148073.95	2578869.16	2569204.78
 20-24 	5151290.32	2579247.86	2572042.46
 25-29 	4709957.40	2363979.29	2345978.11
 30-34 	4616452.02	2316823.27	2299628.75
 35-39 	4553810.07	2285449.57	2268360.50
 40-44 	4091286.04	2063011.63	2028274.41
 45-49 	3269970.01	1658713.32	1611256.69
 50-54 	2530783.95	1283148.19	1247635.76
 55-59 	2054916.00	1010141.17	1044774.83
 60-64 	1711854.25	785376.32	926477.93
 65-69 	1412395.04	596792.85	815602.19
 70-74 	1004866.77	391411.31	613455.46
 75-79 	620539.93	213521.62	407018.31
 80+ 	515393.95	138676.19	376717.76
Total	56650603.20	27963226.93	28687376.27
2024			
 0-4	5021706.76	2539938.90	2481767.85
 5-9	5068776.07	2557403.98	2511372.09
 10-14 	5118456.04	2576730.36	2541725.68
 15-19 	5130525.12	2571043.28	2559481.84
 20-24 	5201970.68	2604152.60	2597818.08
 25-29 	4739211.15	2379748.15	2359463.00
 30-34 	4583656.13	2304167.57	2279488.56
 35-39 	4524333.14	2271929.93	2252403.20
 40-44 	4163475.36	2098671.07	2064804.30
 45-49 	3386808.60	1715128.07	1671680.53
 50-54 	2608224.74	1324784.35	1283440.39
 55-59 	2093207.68	1032717.99	1060489.69
 60-64 	1720709.35	796731.87	923977.48
 65-69 	1430788.24	605289.96	825498.28
 70-74 	1035990.15	403109.35	632880.80
 75-79 	639878.52	220156.03	419722.49
 80+ 	535621.95	143967.11	391654.84
Total	57003339.67	28145670.57	28857669.11
2025			
 0-4	4994039.83	2525949.02	2468090.81
 5-9	5044438.67	2545580.36	2498858.31
 10-14 	5114821.69	2575666.57	2539155.12
 15-19 	5124681.40	2569185.94	2555495.46
 20-24 	5220110.55	2612833.91	2607276.64
 25-29 	4796150.73	2408897.68	2387253.06
 30-34 	4554391.43	2293014.36	2261377.07
 35-39 	4482467.39	2253104.79	2229362.60
 40-44 	4215057.89	2124255.41	2090802.48
 45-49 	3501641.31	1770757.88	1730883.43
 50-54 	2694313.39	1367196.93	1327116.46
 55-59 	2133992.95	1058114.31	1075878.64
 60-64 	1734790.33	810679.23	924111.10
 65-69 	1443031.75	612529.88	830501.88
 70-74 	1064408.59	413568.31	650840.28
 75-79 	661473.06	227537.24	433935.81
 80+ 	555413.88	149087.07	406326.81
Total	57335224.82	28317958.88	29017265.94
2026			
 0-4	4967274.05	2512413.86	2454860.20
 5-9	5018254.41	2532681.91	2485572.49
 10-14 	5105636.63	2571786.73	2533849.90
 15-19 	5127281.81	2571564.54	2555717.27
 20-24 	5210554.74	2607860.36	2602694.38
 25-29 	4875454.40	2448979.96	2426474.44
 30-34 	4529590.99	2283526.68	2246064.31
 35-39 	4436809.18	2233236.64	2203572.54
 40-44 	4245670.30	2139530.32	2106139.97
 45-49 	3609439.05	1823259.72	1786179.34
 50-54 	2786805.50	1411889.16	1374916.34
 55-59 	2180182.52	1085224.48	1094958.03
 60-64 	1755609.42	827573.14	928036.28
 65-69 	1449399.53	618791.16	830608.37
 70-74 	1090017.40	422801.97	667215.43
 75-79 	685518.05	235741.99	449776.06
 80+ 	574527.11	153952.11	420575.00
Total	57648025.08	28480814.75	29167210.34
2027			
 0-4	4941693.77	2499479.68	2442214.09
 5-9	4991548.94	2519390.78	2472158.17
 10-14 	5091499.02	2565375.41	2526123.61
 15-19 	5137509.39	2577629.49	2559879.90
 20-24 	5179698.16	2592546.83	2587151.33
 25-29 	4963033.88	2493083.40	2469950.49
 30-34 	4514812.36	2278372.89	2236439.47
 35-39 	4394083.71	2215473.32	2178610.40
 40-44 	4254507.23	2144165.40	2110341.83
 45-49 	3705941.73	1870442.73	1835499.00
 50-54 	2885862.94	1459386.70	1426476.23
 55-59 	2231114.43	1113644.59	1117469.84
 60-64 	1783873.58	847443.30	936430.28
 65-69 	1452031.70	624828.87	827202.83
 70-74 	1112178.23	430787.02	681391.21
 75-79 	710767.50	244306.49	466461.00
 80+ 	593549.27	158744.13	434805.14
Total	57943705.85	28635101.02	29308604.83
2028			
 0-4	4916235.93	2486607.98	2429627.95
 5-9	4965157.62	2506150.74	2459006.88
 10-14 	5071844.65	2556137.76	2515706.90
 15-19 	5141150.04	2580122.27	2561027.77
 20-24 	5152156.49	2579340.49	2572816.01
 25-29 	5042319.33	2532768.08	2509551.25
 30-34 	4518172.55	2281930.19	2236242.36
 35-39 	4356649.65	2200626.11	2156023.54
 40-44 	4241405.51	2138274.97	2103130.54
 45-49 	3788326.00	1910815.55	1877510.45
 50-54 	2990128.76	1509286.15	1480842.61
 55-59 	2288175.88	1144294.28	1143881.60
 60-64 	1817505.32	868902.36	948602.96
 65-69 	1454387.75	631693.51	822694.24
 70-74 	1130137.12	437589.92	692547.20
 75-79 	735204.10	252483.23	482720.86
 80+ 	613464.29	163770.26	449694.03
Total	58222420.98	28780793.85	29441627.13
2029			
 0-4	4890534.48	2473612.52	2416921.97
 5-9	4939392.63	2493158.51	2446234.12
 10-14 	5049788.68	2545609.80	2504178.88
 15-19 	5135841.85	2578122.87	2557718.97
 20-24 	5136906.49	2572380.30	2564526.19
 25-29 	5095120.58	2559334.33	2535786.26
 30-34 	4548640.13	2298490.29	2250149.84
 35-39 	4324294.10	2188241.46	2136052.65
 40-44 	4210809.86	2124274.44	2086535.43
 45-49 	3854174.38	1943152.14	1911022.23
 50-54 	3097104.26	1560497.22	1536607.04
 55-59 	2357520.42	1181050.10	1176470.32
 60-64 	1849906.20	887822.96	962083.25
 65-69 	1459692.79	640303.64	819389.15
 70-74 	1143292.74	443341.70	699951.04
 75-79 	757489.31	259784.93	497704.39
 80+ 	634836.94	169203.77	465633.17
Total	58485345.84	28918380.96	29566964.88
2030			
 0-4	4864177.17	2460282.88	2403894.29
 5-9	4914581.43	2480645.17	2433936.26
 10-14 	5025511.57	2533816.16	2491695.42
 15-19 	5125619.03	2573738.94	2551880.09
 20-24 	5134690.31	2571909.00	2562781.31
 25-29 	5114846.83	2569386.72	2545460.11
 30-34 	4605532.67	2327960.57	2277572.10
 35-39 	4296387.93	2177705.72	2118682.21
 40-44 	4169878.50	2105872.86	2064005.64
 45-49 	3901548.95	1966453.55	1935095.40
 50-54 	3203073.28	1611363.51	1591709.77
 55-59 	2435437.77	1218774.09	1216663.68
 60-64 	1884877.89	909369.17	975508.72
 65-69 	1469778.79	651116.16	818662.64
 70-74 	1151466.30	448214.12	703252.18
 75-79 	777755.91	266276.36	511479.55
 80+ 	657434.46	174972.11	482462.35
Total	58732598.79	29047857.08	29684741.71
2031			
 0-4	4837562.26	2446821.92	2390740.34
 5-9	4890275.12	2468384.70	2421890.42
 10-14 	4999827.22	2521174.08	2478653.14
 15-19 	5109990.13	2566613.85	2543376.28
 20-24 	5140118.45	2575351.52	2564766.93
 25-29 	5107762.98	2565987.62	2541775.36
 30-34 	4683462.44	2367835.60	2315626.84
 35-39 	4273452.11	2169045.47	2104406.65
 40-44 	4126428.15	2086962.79	2039465.36
 45-49 	3929944.66	1980441.04	1949503.62
 50-54 	3303275.74	1659681.90	1643593.84
 55-59 	2519741.54	1258778.98	1260962.55
 60-64 	1925020.35	932526.28	992494.07
 65-69 	1485908.36	664405.20	821503.16
 70-74 	1154937.46	452435.87	702501.59
 75-79 	795962.23	271991.26	523970.97
 80+ 	681084.45	181033.36	500051.09
Total	58964753.65	29169471.45	29795282.20
2032			
 0-4	4811050.72	2433412.88	2377637.83
 5-9	4865975.91	2456125.84	2409850.06
 10-14 	4973719.12	2508190.81	2465528.32
 15-19 	5093380.64	2558881.86	2534498.78
 20-24 	5147471.12	2579889.66	2567581.46
 25-29 	5081401.47	2552947.68	2528453.79
 30-34 	4768950.07	2411416.24	2357533.83
 35-39 	4260486.23	2164713.15	2095773.08
 40-44 	4086535.93	2070391.76	2016144.18
 45-49 	3938523.42	1984779.98	1953743.44
 50-54 	3393626.53	1703377.51	1690249.02
 55-59 	2610506.62	1301518.67	1308987.95
 60-64 	1969745.14	956940.61	1012804.52
 65-69 	1508624.35	680169.21	828455.13
 70-74 	1155463.51	456563.34	698900.16
 75-79 	811594.76	276911.64	534683.12
 80+ 	705238.06	187196.26	518041.80
Total	59182293.59	29283427.11	29898866.47
2033			
 0-4	4784610.89	2420039.97	2364570.92
 5-9	4841356.63	2443704.04	2397652.59
 10-14 	4947842.57	2495217.69	2452624.89
 15-19 	5075286.19	2550411.97	2524874.21
 20-24 	5144808.15	2579156.61	2565651.54
 25-29 	5057915.52	2541661.50	2516254.02
 30-34 	4846089.45	2450503.15	2395586.29
 35-39 	4265041.37	2168833.24	2096208.12
 40-44 	4052227.54	2056825.65	1995401.89
 45-49 	3927098.97	1979568.14	1947530.83
 50-54 	3471351.55	1741013.32	1730338.23
 55-59 	2706460.67	1346621.07	1359839.60
 60-64 	2020257.20	983387.03	1036870.17
 65-69 	1536111.94	697245.19	838866.75
 70-74 	1155838.65	461354.00	694484.65
 75-79 	824018.66	281065.80	542952.86
 80+ 	729133.29	193191.00	535942.29
Total	59385449.22	29389799.36	29995649.86
2034			
 0-4	4758045.75	2406603.87	2351441.88
 5-9	4816380.54	2431101.73	2385278.80
 10-14 	4922504.47	2482448.56	2440055.90
 15-19 	5054596.49	2540575.08	2514021.42
 20-24 	5134573.71	2574621.21	2559952.50
 25-29 	5045854.11	2536157.20	2509696.91
 30-34 	4897261.15	2476608.50	2420652.65
 35-39 	4295290.04	2185352.15	2109937.88
 40-44 	4023032.89	2045713.01	1977319.88
 45-49 	3899643.80	1966976.32	1932667.47
 50-54 	3533974.82	1771361.30	1762613.51
 55-59 	2805200.94	1393041.90	1412159.04
 60-64 	2081740.38	1015049.50	1066690.88
 65-69 	1562734.23	712228.25	850505.98
 70-74 	1158649.23	467463.45	691185.78
 75-79 	832741.49	284533.06	548208.43
 80+ 	752260.58	198846.61	553413.96
Total	59574484.60	29488681.72	30085802.88
2035			
 0-4	4731332.61	2393093.29	2338239.32
 5-9	4791126.60	2418358.30	2372768.30
 10-14 	4898187.78	2470193.50	2427994.28
 15-19 	5031287.81	2529284.66	2502003.14
 20-24 	5120512.73	2568263.03	2552249.71
 25-29 	5046058.15	2536748.55	2509309.60
 30-34 	4916481.05	2486620.28	2429860.77
 35-39 	4350465.49	2214132.15	2136333.34
 40-44 	3998201.16	2036407.67	1961793.49
 45-49 	3862745.62	1950416.49	1912329.13
 50-54 	3579598.33	1793462.99	1786135.35
 55-59 	2903274.62	1439261.82	1464012.79
 60-64 	2151159.43	1047644.68	1103514.76
 65-69 	1591556.22	729428.06	862128.16
 70-74 	1165385.91	475223.87	690162.04
 75-79 	837675.88	287448.07	550227.81
 80+ 	774649.35	204195.67	570453.68
Total	59749698.75	29580183.06	30169515.68
2036			
 0-4	4704504.93	2379525.19	2324979.74
 5-9	4765709.21	2405531.76	2360177.46
 10-14 	4874464.77	2458236.82	2416227.95
 15-19 	5006400.26	2517066.11	2489334.15
 20-24 	5101958.94	2559639.46	2542319.48
 25-29 	5052337.12	2540489.22	2511847.90
 30-34 	4910883.13	2484030.79	2426852.34
 35-39 	4425437.26	2252768.54	2172668.72
 40-44 	3978132.57	2028907.84	1949224.73
 45-49 	3823644.03	1933485.50	1890158.53
 50-54 	3607708.12	1807054.26	1800653.86
 55-59 	2996316.19	1483291.93	1513024.26
 60-64 	2226488.88	1082306.29	1144182.59
 65-69 	1624949.62	747981.23	876968.39
 70-74 	1177064.01	484832.56	692231.45
 75-79 	839093.48	289980.21	549113.27
 80+ 	796274.66	209275.10	586999.56
Total	59911367.18	29664402.81	30246964.38
2037			
 0-4	4677469.50	2365852.00	2311617.50
 5-9	4740245.58	2392681.40	2347564.18
 10-14 	4850810.87	2446313.88	2404496.99
 15-19 	4981203.66	2504566.35	2476637.31
 20-24 	5083350.75	2550921.96	2532428.79
 25-29 	5057769.64	2543956.02	2513813.62
 30-34 	4888532.62	2472931.17	2415601.45
 35-39 	4507534.10	2294917.81	2212616.30
 40-44 	3967423.06	2025496.31	1941926.75
 45-49 	3787939.81	1918787.03	1869152.78
 50-54 	3617481.59	1811816.91	1805664.69
 55-59 	3080515.98	1523233.79	1557282.19
 60-64 	2307769.69	1119426.69	1188343.00
 65-69 	1662438.24	767600.80	894837.44
 70-74 	1194088.82	496270.74	697818.08
 75-79 	838330.21	292490.94	545839.27
 80+ 	816490.28	213992.49	602497.79
Total	60059394.41	29741256.28	30318138.13
2038			
 0-4	4650067.84	2351993.23	2298074.62
 5-9	4714694.90	2379786.82	2334908.08
 10-14 	4826841.19	2434230.88	2392610.31
 15-19 	4956525.05	2492219.05	2464306.00
 20-24 	5064400.87	2542020.75	2522380.12
 25-29 	5051713.54	2541483.32	2510230.22
 30-34 	4869301.18	2463639.37	2405661.81
 35-39 	4581760.50	2332790.49	2248970.01
 40-44 	3973112.41	2030049.35	1943063.06
 45-49 	3757459.60	1906890.10	1850569.50
 50-54 	3608708.60	1807829.25	1800879.35
 55-59 	3153233.84	1557751.88	1595481.96
 60-64 	2393847.57	1158673.87	1235173.70
 65-69 	1705015.36	788887.36	916128.00
 70-74 	1214985.95	508645.40	706340.56
 75-79 	837463.74	295459.24	542004.50
 80+ 	834413.40	218232.49	616180.91
Total	60193545.53	29810582.84	30382962.70
2039			
 0-4	4621892.60	2337742.57	2284150.03
 5-9	4688928.90	2366783.46	2322145.44
 10-14 	4802483.52	2421951.52	2380532.00
 15-19 	4932635.43	2480201.62	2452433.81
 20-24 	5042928.43	2531780.65	2511147.78
 25-29 	5038716.97	2535488.80	2503228.17
 30-34 	4860375.05	2459634.54	2400740.51
 35-39 	4631392.87	2358281.55	2273111.32
 40-44 	4002762.26	2046231.14	1956531.12
 45-49 	3731704.41	1897244.34	1834460.07
 50-54 	3585039.62	1797075.67	1787963.95
 55-59 	3212134.41	1585715.43	1626418.98
 60-64 	2482555.29	1199122.12	1283433.17
 65-69 	1756827.65	814266.45	942561.19
 70-74 	1235273.93	519391.02	715882.91
 75-79 	838407.11	299297.12	539109.99
 80+ 	849459.50	221966.07	627493.43
Total	60313517.95	29872174.08	30441343.87
2040			
 0-4	4592811.92	2323034.05	2269777.86
 5-9	4662941.68	2353668.37	2309273.31
 10-14 	4777813.34	2409514.09	2368299.25
 15-19 	4909736.17	2468683.76	2441052.41
 20-24 	5019179.32	2520250.00	2498929.32
 25-29 	5022293.39	2527835.57	2494457.82
 30-34 	4862531.28	2461206.43	2401324.85
 35-39 	4650809.73	2368449.24	2282360.49
 40-44 	4055663.37	2073922.53	1981740.84
 45-49 	3709948.43	1889238.28	1820710.15
 50-54 	3552528.45	1782670.90	1769857.54
 55-59 	3255447.36	1606249.44	1649197.91
 60-64 	2570794.71	1239441.09	1331353.62
 65-69 	1815657.27	840458.13	975199.14
 70-74 	1257220.32	531842.67	725377.65
 75-79 	842272.55	304214.75	538057.80
 80+ 	861717.63	225309.35	636408.27
Total	60419366.91	29925988.67	30493378.24
2041			
 0-4	4562947.32	2307929.33	2255017.99
 5-9	4636648.41	2340398.86	2296249.55
 10-14 	4752934.91	2396971.24	2355963.68
 15-19 	4887108.06	2457303.17	2429804.89
 20-24 	4994387.55	2508054.76	2486332.79
 25-29 	5002061.31	2518241.87	2483819.44
 30-34 	4869318.77	2465222.45	2404096.32
 35-39 	4647168.85	2366840.09	2280328.76
 40-44 	4127051.20	2110868.45	2016182.74
 45-49 	3692570.63	1882883.52	1809687.11
 50-54 	3517845.58	1767901.30	1749944.28
 55-59 	3282675.57	1619111.12	1663564.45
 60-64 	2654673.43	1277907.15	1376766.28
 65-69 	1879680.66	868378.68	1011301.98
 70-74 	1282958.96	545329.43	737629.53
 75-79 	849803.47	310334.73	539468.74
 80+ 	871485.20	228390.31	643094.89
Total	60511319.90	29972066.49	30539253.41
2042			
 0-4	4532505.88	2292533.05	2239972.83
 5-9	4609916.58	2326907.89	2283008.69
 10-14 	4727934.66	2384366.66	2343568.01
 15-19 	4864113.21	2445739.83	2418373.38
 20-24 	4969744.42	2495802.91	2473941.52
 25-29 	4982483.92	2508971.91	2473512.02
 30-34 	4873840.90	2468170.04	2405670.86
 35-39 	4628277.01	2357443.36	2270833.66
 40-44 	4205146.41	2151137.33	2054009.08
 45-49 	3683882.67	1880330.93	1803551.74
 50-54 	3486178.96	1755142.44	1731036.52
 55-59 	3293057.43	1624017.99	1669039.45
 60-64 	2730767.86	1312867.43	1417900.43
 65-69 	1948916.11	898348.71	1050567.40
 70-74 	1312137.81	559639.97	752497.84
 75-79 	861276.72	317631.66	543645.06
 80+ 	879339.10	231361.81	647977.29
Total	60589519.66	30010413.89	30579105.77
2043			
 0-4	4501846.42	2277026.39	2224820.02
 5-9	4582584.55	2313113.72	2269470.83
 10-14 	4702740.44	2371663.86	2331076.58
 15-19 	4840345.53	2433786.37	2406559.16
 20-24 	4945993.25	2483891.87	2462101.38
 25-29 	4963554.81	2500056.91	2463497.90
 30-34 	4866358.40	2464858.98	2401499.42
 35-39 	4612393.84	2349774.84	2262619.00
 40-44 	4275923.90	2187403.48	2088520.42
 45-49 	3690490.57	1885221.19	1805269.38
 50-54 	3459246.25	1744902.32	1714343.93
 55-59 	3286400.27	1621046.92	1665353.35
 60-64 	2796676.85	1343148.70	1453528.15
 65-69 	2022367.30	930091.73	1092275.57
 70-74 	1345511.07	575188.93	770322.14
 75-79 	875600.55	325497.19	550103.36
 80+ 	886155.59	234419.71	651735.88
Total	60654189.58	30041093.13	30613096.46
2044			
 0-4	4471095.57	2261473.06	2209622.51
 5-9	4554440.11	2298909.18	2255530.93
 10-14 	4677200.22	2358786.38	2318413.83
 15-19 	4815717.13	2421399.71	2394317.41
 20-24 	4923466.28	2472526.33	2450939.95
 25-29 	4942390.71	2489934.88	2452455.83
 30-34 	4852524.51	2458312.03	2394212.48
 35-39 	4605776.42	2346886.99	2258889.43
 40-44 	4323730.22	2212043.04	2111687.18
 45-49 	3719397.09	1900941.38	1818455.71
 50-54 	3436612.45	1736675.48	1699936.97
 55-59 	3266060.96	1611997.06	1654063.89
 60-64 	2850287.94	1367762.57	1482525.36
 65-69 	2098175.94	962843.81	1135332.13
 70-74 	1386121.60	593624.95	792496.65
 75-79 	889528.79	332217.97	557310.82
 80+ 	892822.94	237758.32	655064.62
Total	60705348.87	30064093.16	30641255.71
2045			
 0-4	4440283.01	2245888.02	2194394.99
 5-9	4525402.60	2284253.62	2241148.98
 10-14 	4651302.59	2345728.54	2305574.05
 15-19 	4790647.00	2408787.80	2381859.20
 20-24 	4902090.00	2461741.40	2440348.60
 25-29 	4919058.75	2478570.72	2440488.04
 30-34 	4835799.71	2450367.80	2385431.91
 35-39 	4609075.62	2349013.60	2260062.02
 40-44 	4343274.35	2222266.55	2121007.81
 45-49 	3769970.83	1927397.62	1842573.21
 50-54 	3417631.95	1729913.21	1687718.74
 55-59 	3237583.02	1599677.46	1637905.56
 60-64 	2890017.70	1385951.11	1504066.59
 65-69 	2173694.89	995521.29	1178173.60
 70-74 	1432576.40	612707.54	819868.86
 75-79 	904538.84	340111.79	564427.04
 80+ 	900053.83	241526.89	658526.95
Total	60743001.09	30079424.94	30663576.14
2046			
 0-4	4409530.34	2230333.02	2179197.31
 5-9	4495584.80	2269203.99	2226380.81
 10-14 	4624985.28	2332459.01	2292526.27
 15-19 	4765451.24	2396110.78	2369340.46
 20-24 	4880853.05	2451036.27	2429816.78
 25-29 	4894811.27	2466597.46	2428213.82
 30-34 	4815810.63	2440755.71	2375054.92
 35-39 	4616119.22	2353125.62	2262993.61
 40-44 	4341388.76	2221497.96	2119890.80
 45-49 	3837772.28	1962474.47	1875297.81
 50-54 	3402686.29	1724653.11	1678033.18
 55-59 	3207068.77	1587042.99	1620025.79
 60-64 	2915416.37	1397508.52	1517907.85
 65-69 	2245618.77	1026735.28	1218883.49
 70-74 	1483323.73	633110.55	850213.18
 75-79 	922456.67	348712.55	573744.12
 80+ 	908389.88	245828.69	662561.20
Total	60767267.34	30087185.95	30680081.40
2047			
 0-4	4378869.73	2214824.52	2164045.21
 5-9	4465261.96	2253899.26	2211362.71
 10-14 	4598146.45	2318926.24	2279220.21
 15-19 	4740391.23	2383499.05	2356892.18
 20-24 	4858826.87	2439948.22	2418878.65
 25-29 	4870887.75	2454653.36	2416234.39
 30-34 	4796621.25	2431555.85	2365065.40
 35-39 	4620443.76	2355907.25	2264536.52
 40-44 	4325454.57	2213520.64	2111933.93
 45-49 	3911812.24	2000631.21	1911181.03
 50-54 	3395766.79	1722885.39	1672881.40
 55-59 	3179248.22	1576205.23	1603042.99
 60-64 	2925780.58	1402186.97	1523593.61
 65-69 	2311019.39	1055147.91	1255871.48
 70-74 	1538352.09	655068.91	883283.18
 75-79 	943042.51	357879.03	585163.48
 80+ 	918216.37	250691.87	667524.51
Total	60778141.76	30087430.89	30690710.87
2048			
 0-4	4348389.37	2199407.14	2148982.23
 5-9	4434712.20	2238479.70	2196232.50
 10-14 	4570667.25	2305070.22	2265597.02
 15-19 	4715231.85	2370838.97	2344392.88
 20-24 	4835646.57	2428286.06	2407360.50
 25-29 	4848090.38	2443171.52	2404918.86
 30-34 	4778352.63	2422844.25	2355508.38
 35-39 	4613011.59	2352513.68	2260497.91
 40-44 	4312346.30	2207185.60	2105160.70
 45-49 	3978943.18	2034994.61	1943948.57
 50-54 	3402978.98	1727960.26	1675018.72
 55-59 	3155662.15	1567577.78	1588084.37
 60-64 	2920913.75	1400050.53	1520863.22
 65-69 	2367819.44	1079800.74	1288018.70
 70-74 	1596840.40	678364.77	918475.63
 75-79 	966802.13	367852.30	598949.82
 80+ 	929216.48	255835.43	673381.05
Total	60775624.65	30080233.56	30695391.08
2049			
 0-4	4318076.52	2184074.44	2134002.07
 5-9	4404160.50	2223058.78	2181101.72
 10-14 	4542352.68	2290792.53	2251560.15
 15-19 	4689747.52	2358015.85	2331731.68
 20-24 	4811229.35	2416008.45	2395220.91
 25-29 	4826782.42	2432377.58	2394404.85
 30-34 	4758106.30	2413037.31	2345068.99
 35-39 	4599687.70	2346099.05	2253588.64
 40-44 	4307588.28	2205177.58	2102410.70
 45-49 	4024581.85	2058465.46	1966116.39
 50-54 	3430710.19	1742936.82	1687773.38
 55-59 	3135885.63	1560679.44	1575206.19
 60-64 	2903815.97	1392671.76	1511144.21
 65-69 	2414191.19	1099885.49	1314305.69
 70-74 	1657286.33	702417.13	954869.20
 75-79 	995721.70	379590.44	616131.26
 80+ 	939735.31	260362.82	679372.49
Total	60759659.46	30065650.93	30694008.54
2050			
 0-4	4290714.14	2170235.98	2120478.16
 5-9	4373241.85	2207451.48	2165790.37
 10-14 	4513148.71	2276065.92	2237082.80
 15-19 	4663900.20	2345010.19	2318890.01
 20-24 	4786119.35	2403385.13	2382734.23
 25-29 	4806731.67	2422227.41	2384504.26
 30-34 	4735911.03	2402086.65	2333824.38
 35-39 	4583792.31	2338438.91	2245353.41
 40-44 	4311788.75	2207700.65	2104088.09
 45-49 	4043766.97	2068421.95	1975345.03
 50-54 	3478372.46	1767726.85	1710645.61
 55-59 	3119331.07	1555017.16	1564313.91
 60-64 	2879437.03	1382496.90	1496940.13
 65-69 	2448778.22	1114788.46	1333989.76
 70-74 	1717564.10	726418.14	991145.96
 75-79 	1029097.77	391779.84	637317.93
 80+ 	950958.80	265738.42	685220.38
Total	60732654.44	30044990.05	30687664.39
