Year	 15-19 	 20-24 	 25-29 	 30-34 	 35-39 	 40-44 	 45-49 	Total
1970	6.7821	20.9702	22.9654	19.0728	14.7669	10.0583	5.3845	100.0002
1971	7.1415	21.0768	22.9851	19.1052	14.6688	9.8407	5.182	100.0001
1972	7.5332	21.1696	22.9921	19.1268	14.567	9.626	4.9854	100.0001
1973	7.8455	21.2491	23.0006	19.1474	14.4854	9.449	4.8229	99.9999
1974	8.1452	21.3251	23.0077	19.1669	14.408	9.2793	4.6676	99.9998
1975	8.45	21.4001	23.0127	19.1855	14.3303	9.1088	4.5126	100
1976	8.749	21.4764	23.0193	19.2054	14.2535	8.9389	4.3576	100.0001
1977	9.0261	21.5577	23.0323	19.23	14.1802	8.771	4.2028	100.0001
1978	9.2688	21.6467	23.0554	19.2622	14.1124	8.6063	4.0482	100
1979	9.492	21.74	23.0841	19.2993	14.0472	8.4432	3.8941	99.9999
1980	9.7077	21.8352	23.1153	19.3382	13.9834	8.2805	3.7399	100.0002
1981	9.9253	21.9301	23.1466	19.3768	13.9191	8.1173	3.5848	100
1982	10.1514	22.0241	23.1763	19.4132	13.8536	7.9529	3.4286	100.0001
1983	10.397	22.1142	23.2016	19.4448	13.7849	7.7863	3.2712	100
1984	10.6849	22.1942	23.2164	19.466	13.7097	7.6158	3.1131	100.0001
1985	11.0136	22.2644	23.2208	19.4776	13.6278	7.4418	2.9536	99.9996
1986	11.3751	22.3268	23.2169	19.4822	13.5411	7.2651	2.7927	99.9999
1987	11.7456	22.3871	23.2106	19.4855	13.4527	7.0878	2.6309	100.0002
1988	12.0966	22.453	23.2103	19.4965	13.3676	6.9127	2.4633	100
1989	12.4905	22.5099	23.2046	19.5096	13.2776	6.7374	2.2705	100.0001
1990	12.8979	22.5621	23.1945	19.5202	13.1848	6.5612	2.0792	99.9999
1991	13.2613	22.6228	23.1891	19.531	13.0962	6.3858	1.914	100.0002
1992	13.5152	22.7102	23.202	19.5474	13.0201	6.2138	1.7912	99.9999
1993	13.6168	22.8445	23.2562	19.5559	12.9619	6.0428	1.7217	99.9998
1994	13.6708	23.0329	23.395	19.4569	12.8985	5.8494	1.6963	99.9998
1995	13.6964	23.2516	23.5915	19.2816	12.8237	5.6493	1.7059	100
1996	13.6929	23.4754	23.8113	19.0855	12.7368	5.4614	1.7368	100.0001
1997	13.663	23.6853	24.0243	18.9268	12.6404	5.303	1.7572	100
1998	13.5996	23.8726	24.2159	18.8533	12.5383	5.1868	1.7338	100.0003
1999	13.4432	24.0694	24.4357	18.8274	12.4288	5.0964	1.6989	99.9998
2000	13.2207	24.2766	24.6806	18.8258	12.3135	5.0206	1.6621	99.9999
2001	12.9712	24.4874	24.9361	18.8349	12.1953	4.9504	1.6246	99.9999
2002	12.729	24.697	25.1886	18.8413	12.0776	4.8787	1.5877	99.9999
2003	12.5093	24.9046	25.4308	18.8378	11.9641	4.8006	1.5527	99.9999
2004	12.2668	25.1196	25.6783	18.838	11.8553	4.7226	1.5194	100
2005	12.0327	25.3323	25.9227	18.8364	11.7453	4.6443	1.4864	100.0001
2006	11.8301	25.536	26.158	18.8282	11.631	4.564	1.4527	100
2007	11.6661	25.7284	26.3823	18.8117	11.5117	4.4818	1.4179	99.9999
2008	11.5444	25.9084	26.5946	18.7861	11.3869	4.3976	1.3816	99.9996
2009	11.4574	26.0779	26.7971	18.7534	11.2582	4.3121	1.3439	100
2010	11.3941	26.2401	26.9924	18.7159	11.1267	4.2256	1.3054	100.0002
2011	11.34	26.3988	27.1842	18.6764	10.9946	4.1388	1.267	99.9998
2012	11.2694	26.5621	27.38	18.6406	10.8649	4.0532	1.2295	99.9997
2013	11.1528	26.739	27.5888	18.6146	10.7413	3.9699	1.1935	99.9999
2014	10.9999	26.9265	27.8076	18.5964	10.6222	3.8883	1.1593	100.0002
2015	10.8281	27.1194	28.0317	18.5819	10.5056	3.8077	1.1256	100
2016	10.6518	27.3139	28.2571	18.5686	10.3896	3.7272	1.092	100.0002
2017	10.4808	27.5064	28.4812	18.5543	10.273	3.6467	1.0577	100.0001
2018	10.32	27.6959	28.7028	18.5376	10.1554	3.5658	1.0225	100
2019	10.1648	27.8834	28.9234	18.5201	10.0371	3.4847	0.9863	99.9998
2020	10.012	28.0699	29.1433	18.5023	9.9191	3.4036	0.9497	99.9999
2021	10.012	28.0699	29.1433	18.5023	9.9191	3.4036	0.9497	99.9999
2022	10.012	28.0699	29.1433	18.5023	9.9191	3.4036	0.9497	99.9999
2023	10.012	28.0699	29.1433	18.5023	9.9191	3.4036	0.9497	99.9999
2024	10.012	28.0699	29.1433	18.5023	9.9191	3.4036	0.9497	99.9999
2025	10.012	28.0699	29.1433	18.5023	9.9191	3.4036	0.9497	99.9999
2026	10.012	28.0699	29.1433	18.5023	9.9191	3.4036	0.9497	99.9999
2027	10.012	28.0699	29.1433	18.5023	9.9191	3.4036	0.9497	99.9999
2028	10.012	28.0699	29.1433	18.5023	9.9191	3.4036	0.9497	99.9999
2029	10.012	28.0699	29.1433	18.5023	9.9191	3.4036	0.9497	99.9999
2030	10.012	28.0699	29.1433	18.5023	9.9191	3.4036	0.9497	99.9999
2031	10.012	28.0699	29.1433	18.5023	9.9191	3.4036	0.9497	99.9999
2032	10.012	28.0699	29.1433	18.5023	9.9191	3.4036	0.9497	99.9999
2033	10.012	28.0699	29.1433	18.5023	9.9191	3.4036	0.9497	99.9999
2034	10.012	28.0699	29.1433	18.5023	9.9191	3.4036	0.9497	99.9999
2035	10.012	28.0699	29.1433	18.5023	9.9191	3.4036	0.9497	99.9999
2036	10.012	28.0699	29.1433	18.5023	9.9191	3.4036	0.9497	99.9999
2037	10.012	28.0699	29.1433	18.5023	9.9191	3.4036	0.9497	99.9999
2038	10.012	28.0699	29.1433	18.5023	9.9191	3.4036	0.9497	99.9999
2039	10.012	28.0699	29.1433	18.5023	9.9191	3.4036	0.9497	99.9999
2040	10.012	28.0699	29.1433	18.5023	9.9191	3.4036	0.9497	99.9999
2041	10.012	28.0699	29.1433	18.5023	9.9191	3.4036	0.9497	99.9999
2042	10.012	28.0699	29.1433	18.5023	9.9191	3.4036	0.9497	99.9999
2043	10.012	28.0699	29.1433	18.5023	9.9191	3.4036	0.9497	99.9999
2044	10.012	28.0699	29.1433	18.5023	9.9191	3.4036	0.9497	99.9999
2045	10.012	28.0699	29.1433	18.5023	9.9191	3.4036	0.9497	99.9999
2046	10.012	28.0699	29.1433	18.5023	9.9191	3.4036	0.9497	99.9999
2047	10.012	28.0699	29.1433	18.5023	9.9191	3.4036	0.9497	99.9999
2048	10.012	28.0699	29.1433	18.5023	9.9191	3.4036	0.9497	99.9999
2049	10.012	28.0699	29.1433	18.5023	9.9191	3.4036	0.9497	99.9999
2050	10.012	28.0699	29.1433	18.5023	9.9191	3.4036	0.9497	99.9999
