SouthAfricaIC2	Total	Male	Female
1970			
 0-4	104168.624246	57010.869899	47157.754347
 5-9	8599.685830	5063.494646	3536.191185
 10-14 	5932.684528	3631.577872	2301.106656
 15-19 	8360.132827	4608.844120	3751.288707
 20-24 	10187.919737	5566.856403	4621.063334
 25-29 	10522.349211	5507.855621	5014.493591
 30-34 	10581.942994	5591.451022	4990.491972
 35-39 	11574.203183	6418.853313	5155.349870
 40-44 	13050.228091	7801.337118	5248.890973
 45-49 	14583.444058	8669.054090	5914.389968
 50-54 	17872.941451	10635.207226	7237.734226
 55-59 	19550.961477	11247.306498	8303.654979
 60-64 	22303.883762	12505.617248	9798.266514
 65-69 	22024.282370	11787.557719	10236.724651
 70-74 	20505.643208	10265.616238	10240.026970
 75-79 	17147.819540	7747.206186	9400.613355
 80+ 	16710.543764	6508.583977	10201.959788
Total	333677.290277	180567.289193	153110.001084
1971			
 0-4	102128.973344	56028.770414	46100.202931
 5-9	8341.095987	4928.015646	3413.080341
 10-14 	5773.353988	3549.798741	2223.555247
 15-19 	8139.369879	4510.523281	3628.846598
 20-24 	9945.865987	5462.612150	4483.253837
 25-29 	10172.818228	5351.073502	4821.744726
 30-34 	10306.578535	5467.083042	4839.495493
 35-39 	11255.617029	6256.224570	4999.392459
 40-44 	12775.456582	7640.154665	5135.301918
 45-49 	14358.495025	8567.834448	5790.660577
 50-54 	17525.352994	10439.301216	7086.051778
 55-59 	19413.534974	11174.106554	8239.428420
 60-64 	21961.643116	12370.858781	9590.784335
 65-69 	22009.216684	11788.189434	10221.027251
 70-74 	20250.784506	10140.909291	10109.875216
 75-79 	17032.583806	7697.668943	9334.914863
 80+ 	21527.649736	7833.236086	13694.413651
Total	332918.390400	179206.360762	153712.029638
1972			
 0-4	102361.714170	56366.332250	45995.381921
 5-9	8346.130230	4946.887299	3399.242931
 10-14 	5755.823597	3555.674772	2200.148824
 15-19 	8184.622723	4562.406355	3622.216368
 20-24 	10087.122247	5583.075179	4504.047067
 25-29 	10184.374022	5408.385314	4775.988708
 30-34 	10366.308168	5537.228583	4829.079585
 35-39 	11263.944055	6269.825369	4994.118686
 40-44 	12870.078911	7703.516741	5166.562170
 45-49 	14482.002116	8708.034430	5773.967686
 50-54 	17511.212894	10460.643036	7050.569858
 55-59 	19642.611054	11333.390893	8309.220162
 60-64 	22008.270931	12482.309649	9525.961282
 65-69 	22366.854206	11984.915509	10381.938697
 70-74 	20138.815623	10057.545480	10081.270143
 75-79 	16935.226675	7628.025897	9307.200778
 80+ 	21527.956720	7801.804670	13726.152050
Total	334033.068341	180390.001426	153643.066915
1973			
 0-4	102569.268875	56708.658489	45860.610387
 5-9	8341.096099	4957.638815	3383.457284
 10-14 	5727.721810	3556.914394	2170.807415
 15-19 	8197.218515	4597.347734	3599.870781
 20-24 	10235.171198	5703.862744	4531.308454
 25-29 	10156.491391	5440.630500	4715.860890
 30-34 	10385.287275	5586.260663	4799.026612
 35-39 	11224.885616	6254.141606	4970.744010
 40-44 	12914.110533	7719.655015	5194.455518
 45-49 	14625.121342	8860.308037	5764.813305
 50-54 	17447.179867	10463.093101	6984.086766
 55-59 	19894.031983	11485.020108	8409.011875
 60-64 	22042.936071	12599.387889	9443.548183
 65-69 	22810.912180	12236.694016	10574.218164
 70-74 	20125.016284	10016.850348	10108.165936
 75-79 	16827.392247	7538.547023	9288.845224
 80+ 	21437.835330	7689.894344	13747.940986
Total	334961.676617	181414.904826	153546.771791
1974			
 0-4	102745.332087	57051.947662	45693.384425
 5-9	8314.795799	4952.646804	3362.148995
 10-14 	5710.687859	3564.356034	2146.331825
 15-19 	8195.984277	4627.315221	3568.669056
 20-24 	10356.711209	5811.949742	4544.761468
 25-29 	10197.128111	5508.871723	4688.256389
 30-34 	10389.566033	5631.569905	4757.996128
 35-39 	11219.458192	6265.953084	4953.505108
 40-44 	12948.346018	7733.584451	5214.761566
 45-49 	14764.987149	8990.742045	5774.245103
 50-54 	17474.574379	10539.566374	6935.008005
 55-59 	20053.005144	11591.221538	8461.783607
 60-64 	22203.961064	12766.599649	9437.361415
 65-69 	23131.101366	12447.683369	10683.417997
 70-74 	20299.025098	10081.806172	10217.218926
 75-79 	16729.343227	7451.247117	9278.096109
 80+ 	21375.870979	7592.765636	13783.105343
Total	336109.877992	182609.826526	153500.051466
1975			
 0-4	102305.718843	56900.452278	45405.266565
 5-9	8269.514220	4947.623179	3321.891041
 10-14 	5700.639737	3575.586857	2125.052880
 15-19 	8174.152225	4648.323357	3525.828868
 20-24 	10443.096087	5902.673510	4540.422577
 25-29 	10283.592234	5602.312035	4681.280199
 30-34 	10375.319663	5670.240736	4705.078927
 35-39 	11234.600592	6298.086900	4936.513692
 40-44 	12964.175779	7739.825262	5224.350517
 45-49 	14893.397543	9096.776778	5796.620765
 50-54 	17568.616545	10671.519309	6897.097236
 55-59 	20131.862898	11660.100235	8471.762663
 60-64 	22453.681356	12966.095276	9487.586080
 65-69 	23350.977127	12628.486473	10722.490654
 70-74 	20610.333228	10224.440318	10385.892910
 75-79 	16649.507662	7374.262836	9275.244826
 80+ 	21343.962397	7510.001803	13833.960594
Total	336753.148138	183416.807146	153336.340993
1976			
 0-4	101391.957051	56561.237584	44830.719467
 5-9	8203.781584	4936.307213	3267.474371
 10-14 	5688.219696	3585.262280	2102.957416
 15-19 	8118.200270	4651.784859	3466.415411
 20-24 	10476.404820	5963.842262	4512.562558
 25-29 	10389.278023	5705.218406	4684.059618
 30-34 	10315.158563	5685.193415	4629.965148
 35-39 	11248.081438	6336.359342	4911.722096
 40-44 	12936.099419	7720.654876	5215.444544
 45-49 	14990.199244	9164.771211	5825.428034
 50-54 	17705.471486	10843.111134	6862.360352
 55-59 	20111.011086	11678.036258	8432.974829
 60-64 	22772.434122	13184.873504	9587.560618
 65-69 	23452.296500	12769.954085	10682.342415
 70-74 	21040.335465	10429.916999	10610.418466
 75-79 	16570.552370	7300.699474	9269.852896
 80+ 	21339.204443	7438.555287	13900.649156
Total	336748.685582	183955.778188	152792.907395
1977			
 0-4	100201.722994	56056.648747	44145.074246
 5-9	8095.806236	4900.430098	3195.376138
 10-14 	5667.563061	3588.099838	2079.463223
 15-19 	8025.832679	4636.337875	3389.494804
 20-24 	10441.015944	5988.706391	4452.309553
 25-29 	10479.232001	5799.892282	4679.339719
 30-34 	10225.092930	5683.685069	4541.407861
 35-39 	11239.289672	6368.473645	4870.816027
 40-44 	12868.820647	7681.452234	5187.368414
 45-49 	15040.119580	9190.706478	5849.413102
 50-54 	17854.134251	11023.172366	6830.961885
 55-59 	20030.898251	11674.524063	8356.374188
 60-64 	23088.191770	13389.235000	9698.956770
 65-69 	23496.378518	12893.095993	10603.282525
 70-74 	21496.785613	10657.816188	10838.969425
 75-79 	16542.587434	7257.113236	9285.474197
 80+ 	21351.057399	7373.444648	13977.612751
Total	336144.528978	184162.834150	151981.694829
1978			
 0-4	98633.334286	55312.442357	43320.891929
 5-9	7922.449161	4825.292465	3097.156695
 10-14 	5611.250696	3566.989760	2044.260935
 15-19 	7887.765247	4594.565796	3293.199451
 20-24 	10314.917738	5965.653327	4349.264412
 25-29 	10489.579130	5851.865402	4637.713728
 30-34 	10110.234063	5666.250662	4443.983401
 35-39 	11161.704396	6364.928385	4796.776011
 40-44 	12753.425683	7617.752261	5135.673422
 45-49 	15009.947663	9161.934306	5848.013357
 50-54 	17950.611895	11155.346775	6795.265120
 55-59 	19937.260409	11680.613271	8256.647137
 60-64 	23290.614827	13527.955908	9762.658919
 65-69 	23553.258559	13017.445336	10535.813223
 70-74 	21855.269376	10854.411432	11000.857944
 75-79 	16609.924365	7265.640987	9344.283379
 80+ 	21366.602510	7308.827699	14057.774810
Total	334458.150005	183737.916130	150720.233875
1979			
 0-4	96671.024151	54316.389843	42354.634308
 5-9	7702.135115	4723.955633	2978.179482
 10-14 	5500.491374	3507.342064	1993.149310
 15-19 	7711.755782	4529.519268	3182.236514
 20-24 	10104.240972	5896.274560	4207.966413
 25-29 	10401.604298	5849.427874	4552.176423
 30-34 	9985.691021	5640.590892	4345.100129
 35-39 	11008.094789	6318.941152	4689.153636
 40-44 	12602.280664	7538.137643	5064.143021
 45-49 	14901.391227	9085.842638	5815.548590
 50-54 	17971.282916	11215.991294	6755.291622
 55-59 	19870.363996	11719.246576	8151.117420
 60-64 	23341.349300	13587.517938	9753.831361
 65-69 	23667.629702	13156.388608	10511.241094
 70-74 	22071.448044	11001.384508	11070.063536
 75-79 	16784.875043	7331.867396	9453.007647
 80+ 	21394.054781	7248.666010	14145.388770
Total	331689.713174	182667.483897	149022.229277
1980			
 0-4	94478.053187	53171.030768	41307.022418
 5-9	7440.088154	4586.879878	2853.208275
 10-14 	5368.369574	3440.338100	1928.031474
 15-19 	7525.284413	4454.996507	3070.287906
 20-24 	9842.588402	5797.341373	4045.247029
 25-29 	10246.723335	5807.664626	4439.058709
 30-34 	9865.029264	5612.905368	4252.123896
 35-39 	10805.007752	6243.667082	4561.340670
 40-44 	12438.751917	7455.811927	4982.939991
 45-49 	14740.735698	8978.236223	5762.499475
 50-54 	17942.930720	11224.538185	6718.392535
 55-59 	19839.650797	11790.893452	8048.757345
 60-64 	23284.641609	13591.609907	9693.031702
 65-69 	23840.936691	13310.608443	10530.328248
 70-74 	22189.039299	11118.135833	11070.903466
 75-79 	17051.027106	7443.927895	9607.099212
 80+ 	21450.863249	7200.317658	14250.545591
Total	328349.721167	181228.903224	147120.817943
1981			
 0-4	92200.094704	51968.547530	40231.547174
 5-9	7166.052537	4442.594767	2723.457770
 10-14 	5231.643294	3369.763367	1861.879928
 15-19 	7351.508462	4385.826828	2965.681634
 20-24 	9570.968191	5691.283088	3879.685102
 25-29 	10070.330309	5752.688725	4317.641584
 30-34 	9784.869118	5606.749092	4178.120026
 35-39 	10587.598172	6160.588642	4427.009531
 40-44 	12305.125869	7399.040290	4906.085578
 45-49 	14563.066851	8862.704870	5700.361981
 50-54 	17906.647185	11208.350678	6698.296508
 55-59 	19877.897024	11917.473599	7960.423425
 60-64 	23153.430532	13559.201051	9594.229481
 65-69 	24110.474753	13499.957462	10610.517291
 70-74 	22230.817524	11221.078996	11009.738529
 75-79 	17427.326134	7608.332256	9818.993878
 80+ 	21549.026293	7171.241457	14377.784836
Total	325086.876952	179825.422697	145261.454254
1982			
 0-4	89964.904936	50793.313244	39171.591692
 5-9	6912.371696	4308.816066	2603.555630
 10-14 	5099.756266	3302.546549	1797.209717
 15-19 	7208.500478	4331.536182	2876.964295
 20-24 	9322.320034	5595.143220	3727.176814
 25-29 	9895.258552	5696.928657	4198.329895
 30-34 	9743.417292	5620.610306	4122.806986
 35-39 	10399.318649	6093.063592	4306.255057
 40-44 	12209.916994	7371.767652	4838.149342
 45-49 	14407.116391	8764.851050	5642.265341
 50-54 	17879.027041	11183.193913	6695.833127
 55-59 	19986.001786	12085.543351	7900.458436
 60-64 	23024.510363	13540.655515	9483.854848
 65-69 	24434.525379	13705.062673	10729.462706
 70-74 	22278.969929	11338.301912	10940.668017
 75-79 	17854.643828	7801.520610	10053.123218
 80+ 	21741.548782	7179.773961	14561.774821
Total	322362.108395	178712.628453	143649.479942
1983			
 0-4	87690.250438	49603.682586	38086.567853
 5-9	6678.301546	4187.567592	2490.733954
 10-14 	4969.016646	3238.125879	1730.890767
 15-19 	7079.278669	4282.531160	2796.747509
 20-24 	9098.787283	5511.691574	3587.095709
 25-29 	9718.097113	5641.365605	4076.731509
 30-34 	9702.591256	5635.734837	4066.856419
 35-39 	10262.621185	6054.804215	4207.816970
 40-44 	12125.566724	7357.315981	4768.250743
 45-49 	14287.381340	8698.217209	5589.164131
 50-54 	17847.750861	11153.115127	6694.635734
 55-59 	20120.697612	12254.212588	7866.485025
 60-64 	22968.707250	13585.945595	9382.761655
 65-69 	24718.449943	13886.712941	10831.737001
 70-74 	22414.869125	11494.191117	10920.678008
 75-79 	18240.933847	7991.013769	10249.920078
 80+ 	22060.452196	7238.945979	14821.506217
Total	319983.753035	177815.173754	142168.579281
1984			
 0-4	85257.884920	48325.971485	36931.913435
 5-9	6448.054324	4067.634824	2380.419500
 10-14 	4841.992702	3178.503734	1663.488968
 15-19 	6925.309284	4214.661691	2710.647593
 20-24 	8889.549600	5434.376369	3455.173231
 25-29 	9524.872159	5578.441864	3946.430295
 30-34 	9629.122006	5632.950018	3996.171988
 35-39 	10172.619692	6042.467768	4130.151924
 40-44 	12023.718812	7335.990897	4687.727916
 45-49 	14196.979575	8659.310692	5537.668883
 50-54 	17796.081007	11114.566378	6681.514629
 55-59 	20239.790702	12389.880846	7849.909856
 60-64 	23010.617891	13709.490107	9301.127784
 65-69 	24903.097916	14022.348832	10880.749084
 70-74 	22664.589691	11691.906160	10972.683531
 75-79 	18540.517399	8160.495588	10380.021810
 80+ 	22509.096803	7349.323268	15159.773535
Total	317573.894483	176908.320520	140665.573962
1985			
 0-4	82772.634741	47013.633380	35759.001360
 5-9	6233.754947	3956.029270	2277.725677
 10-14 	4714.329720	3113.615266	1600.714454
 15-19 	6780.240512	4158.771209	2621.469303
 20-24 	8707.565274	5369.161197	3338.404078
 25-29 	9328.788437	5511.689807	3817.098630
 30-34 	9539.198270	5618.055038	3921.143232
 35-39 	10130.941769	6055.508026	4075.433744
 40-44 	11919.228396	7313.741099	4605.487297
 45-49 	14146.171192	8652.035855	5494.135337
 50-54 	17741.555708	11077.374851	6664.180857
 55-59 	20362.306608	12506.112311	7856.194297
 60-64 	23146.731137	13902.870688	9243.860449
 65-69 	25025.930319	14131.455155	10894.475164
 70-74 	23018.845450	11928.157299	11090.688152
 75-79 	18788.729869	8323.476349	10465.253521
 80+ 	23078.562545	7504.455249	15574.107297
Total	315435.514895	176136.142048	139299.372847
1986			
 0-4	80313.283388	45698.783127	34614.500261
 5-9	6035.607298	3851.442864	2184.164434
 10-14 	4589.109083	3047.954987	1541.154096
 15-19 	6645.109994	4103.729195	2541.380799
 20-24 	8561.495667	5319.661170	3241.834497
 25-29 	9141.166918	5447.400214	3693.766705
 30-34 	9444.257163	5597.393557	3846.863606
 35-39 	10145.957027	6099.003244	4046.953783
 40-44 	11813.225109	7288.778073	4524.447036
 45-49 	14146.098859	8679.979620	5466.119239
 50-54 	17683.514108	11036.715444	6646.798664
 55-59 	20497.410768	12604.489283	7892.921484
 60-64 	23385.099507	14170.449085	9214.650422
 65-69 	25086.625583	14209.389239	10877.236343
 70-74 	23482.308328	12199.470465	11282.837863
 75-79 	18978.649168	8476.813384	10501.835784
 80+ 	23770.868778	7699.181264	16071.687514
Total	313719.786746	175530.634215	138189.152531
1987			
 0-4	77999.741248	44444.091373	33555.649875
 5-9	5857.665451	3755.400542	2102.264909
 10-14 	4477.208745	2988.800152	1488.408593
 15-19 	6517.329384	4051.253538	2466.075846
 20-24 	8458.328196	5288.579748	3169.748448
 25-29 	8979.978945	5390.587540	3589.391405
 30-34 	9356.129979	5573.965950	3782.164029
 35-39 	10206.893884	6163.181621	4043.712263
 40-44 	11737.847686	7275.903917	4461.943769
 45-49 	14187.634026	8734.230501	5453.403525
 50-54 	17650.455336	11011.273114	6639.182223
 55-59 	20645.807392	12688.978651	7956.828741
 60-64 	23709.483534	14483.688822	9225.794712
 65-69 	25157.987245	14304.473641	10853.513604
 70-74 	24008.486869	12487.855934	11520.630935
 75-79 	19182.358165	8643.668033	10538.690133
 80+ 	24535.615393	7921.301486	16614.313907
Total	312668.951480	175207.234564	137461.716916
1988			
 0-4	75736.016232	43197.943301	32538.072931
 5-9	5695.944814	3666.830165	2029.114649
 10-14 	4379.984679	2936.291868	1443.692811
 15-19 	6397.956052	4001.421380	2396.534672
 20-24 	8383.643561	5266.000459	3117.643102
 25-29 	8852.109244	5345.073233	3507.036011
 30-34 	9274.231805	5547.571832	3726.659973
 35-39 	10280.119184	6227.926041	4052.193143
 40-44 	11718.657158	7290.442784	4428.214374
 45-49 	14234.473576	8789.614312	5444.859263
 50-54 	17649.009255	11006.047042	6642.962214
 55-59 	20777.345480	12748.320369	8029.025111
 60-64 	24059.109746	14782.415058	9276.694688
 65-69 	25313.361404	14464.447036	10848.914368
 70-74 	24503.452708	12756.072882	11747.379826
 75-79 	19476.815818	8843.443261	10633.372557
 80+ 	25316.595818	8155.055370	17161.540448
Total	312048.826534	175024.916394	137023.910140
1989			
 0-4	73466.034528	41934.107618	31531.926910
 5-9	5540.252396	3579.832050	1960.420346
 10-14 	4292.569516	2890.228520	1402.340996
 15-19 	6303.125724	3967.609949	2335.515775
 20-24 	8309.045480	5231.446627	3077.598853
 25-29 	8771.173874	5320.578241	3450.595632
 30-34 	9205.622021	5526.894171	3678.727849
 35-39 	10351.944548	6288.301262	4063.643286
 40-44 	11777.723484	7346.021351	4431.702133
 45-49 	14286.376716	8844.954954	5441.421762
 50-54 	17715.940234	11049.720895	6666.219340
 55-59 	20922.693387	12818.545637	8104.147750
 60-64 	24421.606480	15059.603317	9362.003163
 65-69 	25592.252870	14715.091336	10877.161534
 70-74 	24914.872453	12987.106770	11927.765683
 75-79 	19891.104323	9081.783169	10809.321154
 80+ 	26089.012557	8396.871626	17692.140931
Total	311851.350592	175038.697494	136812.653098
1990			
 0-4	71432.396701	40781.179107	30651.217595
 5-9	5389.948931	3494.341882	1895.607049
 10-14 	4216.548821	2849.527323	1367.021498
 15-19 	6224.092004	3934.045544	2290.046460
 20-24 	8271.374136	5223.549521	3047.824615
 25-29 	8749.985629	5326.399897	3423.585732
 30-34 	9161.539335	5520.260905	3641.278430
 35-39 	10435.921649	6355.307944	4080.613705
 40-44 	11911.364562	7446.920148	4464.444414
 45-49 	14339.126111	8900.460792	5438.665319
 50-54 	17813.421635	11115.367810	6698.053826
 55-59 	21013.965685	12849.333047	8164.632638
 60-64 	24718.486776	15257.775235	9460.711542
 65-69 	25904.146555	14984.996689	10919.149865
 70-74 	25217.774446	13154.067354	12063.707092
 75-79 	20381.051821	9332.358768	11048.693053
 80+ 	26845.591276	8635.781212	18209.810064
Total	312026.736074	175161.673177	136865.062897
1991			
 0-4	69977.483971	39921.715370	30055.768600
 5-9	5250.353303	3412.743250	1837.610053
 10-14 	4151.364649	2814.439450	1336.925198
 15-19 	6168.185572	3904.320136	2263.865436
 20-24 	8308.798028	5242.208952	3066.589076
 25-29 	8854.642421	5388.497000	3466.145421
 30-34 	9208.168797	5554.810212	3653.358585
 35-39 	10609.008613	6461.100247	4147.908366
 40-44 	12177.835638	7618.260466	4559.575173
 45-49 	14444.590568	8983.723819	5460.866749
 50-54 	18037.832890	11267.817292	6770.015598
 55-59 	21166.859725	12922.429591	8244.430134
 60-64 	25095.144940	15482.702522	9612.442418
 65-69 	26385.483837	15377.508166	11007.975671
 70-74 	25505.799683	13329.906540	12175.893143
 75-79 	20990.378746	9628.611010	11361.767736
 80+ 	27602.416547	8893.775940	18708.640607
Total	313934.347928	176204.569964	137729.777963
1992			
 0-4	69504.081917	39568.157556	29935.924361
 5-9	5119.612904	3333.175042	1786.437862
 10-14 	4092.508932	2782.179526	1310.329405
 15-19 	6152.224322	3887.054718	2265.169604
 20-24 	8455.856112	5301.499670	3154.356442
 25-29 	9152.999247	5535.945312	3617.053936
 30-34 	9416.748348	5665.893772	3750.854576
 35-39 	10948.093999	6646.245727	4301.848272
 40-44 	12612.819418	7877.323184	4735.496234
 45-49 	14674.152407	9131.010661	5543.141746
 50-54 	18390.300383	11499.921135	6890.379248
 55-59 	21405.715046	13051.974396	8353.740650
 60-64 	25528.579147	15722.967940	9805.611207
 65-69 	26985.137083	15838.898286	11146.238797
 70-74 	25817.009934	13536.137976	12280.871958
 75-79 	21651.081244	9939.473847	11711.607398
 80+ 	28403.476505	9174.930516	19228.545989
Total	318310.396949	178492.789264	139817.607685
1993			
 0-4	70341.118433	39875.757137	30465.361296
 5-9	5012.223384	3262.255461	1749.967923
 10-14 	4045.455840	2754.013615	1291.442225
 15-19 	6202.299600	3890.906506	2311.393094
 20-24 	8781.708608	5425.137888	3356.570720
 25-29 	9760.336995	5809.028748	3951.308247
 30-34 	9919.615179	5912.250504	4007.364675
 35-39 	11604.176877	6984.268173	4619.908704
 40-44 	13292.962920	8256.499060	5036.463860
 45-49 	15152.249234	9404.702982	5747.546252
 50-54 	18894.940681	11811.990559	7082.950122
 55-59 	21798.741931	13274.503999	8524.237931
 60-64 	26043.799337	16001.896647	10041.902690
 65-69 	27695.331031	16339.516196	11355.814836
 70-74 	26272.023963	13839.252326	12432.771637
 75-79 	22322.218799	10251.327222	12070.891577
 80+ 	29351.185468	9501.243452	19849.942015
Total	326490.388282	182594.550478	143895.837804
1994			
 0-4	72517.990821	40850.589470	31667.401352
 5-9	4943.373092	3207.951804	1735.421288
 10-14 	4009.143315	2729.696860	1279.446455
 15-19 	6326.269736	3917.885034	2408.384702
 20-24 	9358.462937	5647.759442	3710.703495
 25-29 	10791.373433	6241.906771	4549.466662
 30-34 	10873.665103	6363.621842	4510.043261
 35-39 	12770.543733	7566.540644	5204.003090
 40-44 	14342.593974	8809.898090	5532.695884
 45-49 	16017.485379	9867.380178	6150.105201
 50-54 	19612.140455	12218.713331	7393.427124
 55-59 	22401.526594	13611.573401	8789.953193
 60-64 	26657.129489	16331.863806	10325.265683
 65-69 	28489.714304	16850.764394	11638.949909
 70-74 	26908.150503	14257.941023	12650.209480
 75-79 	22964.632147	10550.174589	12414.457559
 80+ 	30457.117486	9866.282700	20590.834786
Total	339441.312502	188890.543378	150550.769124
1995			
 0-4	75953.317922	42471.838105	33481.479817
 5-9	4923.280107	3179.603937	1743.676170
 10-14 	3979.903581	2707.640675	1272.262906
 15-19 	6509.208834	3964.468937	2544.739898
 20-24 	10183.932793	5949.795172	4234.137621
 25-29 	12426.669521	6928.124077	5498.545445
 30-34 	12450.064431	7097.545753	5352.518678
 35-39 	14671.183346	8496.053723	6175.129623
 40-44 	15964.541387	9628.250978	6336.290409
 45-49 	17454.724949	10598.202661	6856.522289
 50-54 	20698.013444	12785.240391	7912.773053
 55-59 	23319.161560	14107.634445	9211.527115
 60-64 	27419.612938	16736.928792	10682.684146
 65-69 	29363.514279	17375.194397	11988.319881
 70-74 	27680.206274	14757.414741	12922.791534
 75-79 	23597.646094	10841.599202	12756.046892
 80+ 	31724.781744	10274.383111	21450.398633
Total	358319.763206	197899.919097	160419.844110
1996			
 0-4	80321.514108	44586.420424	35735.093685
 5-9	4954.850520	3177.764576	1777.085944
 10-14 	3955.059063	2688.714832	1266.344231
 15-19 	6712.964906	4014.400808	2698.564098
 20-24 	11218.865563	6313.181869	4905.683695
 25-29 	14797.194501	7902.514407	6894.680093
 30-34 	14841.625168	8197.763167	6643.862001
 35-39 	17525.356146	9874.754712	7650.601434
 40-44 	18326.644154	10787.189270	7539.454885
 45-49 	19594.119350	11653.175532	7940.943819
 50-54 	22153.455671	13492.109512	8661.346159
 55-59 	24519.480404	14731.637014	9787.843390
 60-64 	28267.660991	17172.766969	11094.894023
 65-69 	30292.610907	17898.002103	12394.608804
 70-74 	28537.301962	15323.942611	13213.359351
 75-79 	24122.288991	11100.544211	13021.744779
 80+ 	32946.409309	10685.140500	22261.268809
Total	383087.401714	209600.022515	173487.379199
1997			
 0-4	85222.964062	47015.825582	38207.138479
 5-9	5043.935252	3208.531514	1835.403738
 10-14 	3937.533581	2672.299041	1265.234540
 15-19 	6894.983247	4055.449724	2839.533523
 20-24 	12399.864577	6716.995020	5682.869557
 25-29 	17990.144722	9194.474994	8795.669728
 30-34 	18225.430501	9737.805580	8487.624921
 35-39 	21520.840105	11785.342828	9735.497277
 40-44 	21596.933119	12356.524411	9240.408708
 45-49 	22598.927258	13095.472465	9503.454793
 50-54 	24148.319097	14417.168197	9731.150900
 55-59 	26073.974578	15509.726067	10564.248510
 60-64 	29273.056411	17683.539892	11589.516519
 65-69 	31255.449309	18416.178999	12839.270310
 70-74 	29427.482380	15913.645001	13513.837379
 75-79 	24562.494320	11348.448222	13214.046098
 80+ 	34046.087841	11077.941486	22968.146355
Total	414218.420359	224205.369022	190013.051337
1998			
 0-4	89939.561759	49460.501798	40479.059962
 5-9	5144.869616	3252.513435	1892.356181
 10-14 	3899.597251	2647.986434	1251.610817
 15-19 	6972.444010	4060.266219	2912.177791
 20-24 	13583.643182	7107.655108	6475.988074
 25-29 	21953.053854	10777.173018	11175.880836
 30-34 	22640.137196	11726.356677	10913.780520
 35-39 	26685.393623	14244.244902	12441.148721
 40-44 	25754.110681	14327.429615	11426.681067
 45-49 	26414.205486	14889.438989	11524.766496
 50-54 	26696.832813	15573.112884	11123.719929
 55-59 	27864.528739	16381.528479	11483.000259
 60-64 	30376.710988	18259.652937	12117.058051
 65-69 	32119.435625	18895.399702	13224.035923
 70-74 	30177.720889	16440.989994	13736.730895
 75-79 	24817.697298	11571.762503	13245.934796
 80+ 	34873.176871	11422.096662	23451.080209
Total	449913.119881	241038.109354	208875.010527
1999			
 0-4	94185.053316	51769.279351	42415.773966
 5-9	5257.138367	3306.661203	1950.477164
 10-14 	3858.889235	2624.477528	1234.411707
 15-19 	6936.147151	4027.029017	2909.118134
 20-24 	14694.711541	7456.576408	7238.135134
 25-29 	26659.843921	12642.131750	14017.712171
 30-34 	28029.373418	14104.302837	13925.070580
 35-39 	33001.957551	17241.833454	15760.124098
 40-44 	30718.531284	16665.045942	14053.485342
 45-49 	30936.570061	16977.887539	13958.682523
 50-54 	29800.170030	16963.130070	12837.039960
 55-59 	29824.535808	17307.016025	12517.519784
 60-64 	31590.417393	18909.541683	12680.875710
 65-69 	32883.909906	19346.793225	13537.116681
 70-74 	30782.290800	16894.984866	13887.305934
 75-79 	24970.318200	11814.278369	13156.039830
 80+ 	35492.503279	11733.036366	23759.466912
Total	489622.361262	259784.005632	229838.355630
2000			
 0-4	98209.561666	53990.519754	44219.041913
 5-9	5417.278451	3385.680037	2031.598414
 10-14 	3861.335207	2622.057298	1239.277909
 15-19 	6846.720410	3980.591409	2866.129001
 20-24 	15733.758920	7771.582414	7962.176506
 25-29 	31947.957922	14659.230205	17288.727717
 30-34 	34370.018090	16883.240336	17486.777754
 35-39 	40394.305490	20734.546582	19659.758908
 40-44 	36357.002135	19311.076309	17045.925826
 45-49 	36064.250485	19307.250314	16757.000171
 50-54 	33430.221830	18569.096027	14861.125804
 55-59 	31969.232073	18279.945436	13689.286637
 60-64 	33003.046146	19653.814720	13349.231425
 65-69 	33685.322347	19812.794903	13872.527444
 70-74 	31430.774314	17347.148757	14083.625557
 75-79 	25181.456394	12084.823603	13096.632791
 80+ 	36136.621172	12066.877325	24069.743847
Total	534038.863051	280460.275426	253578.587625
2001			
 0-4	102248.417090	56192.855516	46055.561574
 5-9	5654.674414	3503.129254	2151.545160
 10-14 	3945.318924	2660.919325	1284.399599
 15-19 	6778.738720	3953.206908	2825.531812
 20-24 	16699.540999	8065.869590	8633.671409
 25-29 	37524.331737	16723.742153	20800.589583
 30-34 	41479.527613	19936.159138	21543.368475
 35-39 	48672.645329	24622.500844	24050.144484
 40-44 	42430.766079	22166.868246	20263.897833
 45-49 	41606.569489	21792.473880	19814.095609
 50-54 	37548.444610	20384.732931	17163.711679
 55-59 	34285.472830	19292.200038	14993.272792
 60-64 	34711.853173	20525.892544	14185.960628
 65-69 	34630.534317	20315.355167	14315.179150
 70-74 	32282.159587	17848.818643	14433.340944
 75-79 	25665.888278	12473.459316	13192.428962
 80+ 	37062.105505	12474.073899	24588.031606
Total	583226.988694	302932.257394	280294.731300
2002			
 0-4	106437.400654	58392.620649	48044.780005
 5-9	5991.846031	3670.960102	2320.885929
 10-14 	4137.290562	2755.310949	1381.979612
 15-19 	6791.416145	3968.604858	2822.811287
 20-24 	17595.575477	8354.467487	9241.107990
 25-29 	43082.055053	18725.350873	24356.704181
 30-34 	49015.702294	23100.464827	25915.237467
 35-39 	57581.875527	28774.014855	28807.860672
 40-44 	48691.312977	25137.995001	23553.317975
 45-49 	47290.833615	24326.318258	22964.515358
 50-54 	41972.053744	22335.594222	19636.459523
 55-59 	36777.327003	20354.630216	16422.696787
 60-64 	36736.716764	21521.706182	15215.010582
 65-69 	35864.221026	20914.625148	14949.595879
 70-74 	33459.386406	18438.822758	15020.563648
 75-79 	26527.937796	12981.445102	13546.492694
 80+ 	38393.453839	12982.679849	25410.773990
Total	636346.404914	326735.611336	309610.793578
2003			
 0-4	110327.177017	60424.324734	49902.852283
 5-9	6445.666845	3908.597462	2537.069383
 10-14 	4448.501288	2918.658051	1529.843237
 15-19 	6937.832530	4062.064768	2875.767762
 20-24 	18442.131803	8677.441415	9764.690387
 25-29 	48225.089148	20546.374145	27678.715003
 30-34 	56460.485803	26172.666871	30287.818932
 35-39 	66560.784225	32914.940545	33645.843680
 40-44 	54798.777813	28091.882610	26706.895203
 45-49 	52714.500179	26776.357946	25938.142233
 50-54 	46363.467547	24302.612366	22060.855180
 55-59 	39436.425544	21511.797237	17924.628307
 60-64 	38993.205598	22618.668948	16374.536651
 65-69 	37472.138577	21683.162159	15788.976417
 70-74 	34959.680451	19133.394375	15826.286076
 75-79 	27725.790889	13578.055174	14147.735715
 80+ 	40087.651464	13571.859387	26515.792077
Total	690399.306720	350892.858193	339506.448527
2004			
 0-4	113057.565670	61913.709359	51143.856311
 5-9	6955.401735	4189.482618	2765.919116
 10-14 	4843.341627	3134.914693	1708.426934
 15-19 	7188.333645	4220.037414	2968.296231
 20-24 	19137.717983	9010.733701	10126.984282
 25-29 	51772.572362	21879.967263	29892.605099
 30-34 	62171.989841	28664.318525	33507.671315
 35-39 	73356.999359	36159.136427	37197.862932
 40-44 	59297.306609	30501.890444	28795.416165
 45-49 	56329.427692	28637.593092	27691.834600
 50-54 	49454.136968	25877.094026	23577.042942
 55-59 	41576.801030	22587.838977	18988.962053
 60-64 	40922.815049	23640.333567	17282.481482
 65-69 	39160.094003	22547.703618	16612.390384
 70-74 	36486.104513	19837.765470	16648.339043
 75-79 	29011.206506	14182.682647	14828.523859
 80+ 	41959.107918	14201.061289	27758.046629
Total	732680.922509	371186.263131	361494.659378
2005			
 0-4	114405.454749	62703.210127	51702.244622
 5-9	7448.043703	4469.662997	2978.380706
 10-14 	5264.829529	3368.862688	1895.966841
 15-19 	7489.181342	4408.428058	3080.753284
 20-24 	19622.482325	9309.374950	10313.107375
 25-29 	53660.859541	22682.467658	30978.391882
 30-34 	65760.676367	30281.934529	35478.741838
 35-39 	77950.064801	38542.999892	39407.064910
 40-44 	62282.771129	32307.624335	29975.146794
 45-49 	58105.867290	29817.815179	28288.052110
 50-54 	51183.955945	26957.325514	24226.630431
 55-59 	43111.127116	23500.600011	19610.527105
 60-64 	42368.797443	24485.685830	17883.111613
 65-69 	40789.634843	23431.206215	17358.428628
 70-74 	37860.567665	20459.442297	17401.125367
 75-79 	30276.413643	14760.222838	15516.190806
 80+ 	43842.627257	14828.634918	29013.992339
Total	761423.354686	386315.498035	375107.856651
2006			
 0-4	114260.891745	62696.779767	51564.111978
 5-9	7843.535548	4698.934611	3144.600937
 10-14 	5647.994216	3578.806353	2069.187862
 15-19 	7773.669482	4583.807599	3189.861883
 20-24 	19865.132840	9525.253552	10339.879289
 25-29 	53681.393494	22870.246911	30811.146583
 30-34 	66729.020696	30866.925101	35862.095594
 35-39 	79616.045384	39645.931854	39970.113530
 40-44 	63251.532117	33236.253659	30015.278458
 45-49 	57733.410214	30138.419200	27594.991014
 50-54 	51361.344503	27414.159038	23947.185465
 55-59 	43876.107854	24155.716472	19720.391383
 60-64 	43102.841700	25026.103197	18076.738503
 65-69 	42197.177802	24253.849841	17943.327961
 70-74 	38928.988043	20929.484709	17999.503335
 75-79 	31501.869818	15314.969410	16186.900408
 80+ 	45809.837224	15497.436458	30312.400766
Total	773180.792681	394433.077732	378747.714949
2007			
 0-4	111373.863307	61223.833739	50150.029569
 5-9	8052.726788	4822.810410	3229.916378
 10-14 	5928.236342	3725.172589	2203.063753
 15-19 	7956.572693	4695.491981	3261.080712
 20-24 	19796.987919	9591.108962	10205.878957
 25-29 	52311.242993	22565.125230	29746.117763
 30-34 	65674.247174	30624.954807	35049.292368
 35-39 	79062.232760	39725.369884	39336.862877
 40-44 	62825.991498	33485.612697	29340.378801
 45-49 	55894.981979	29799.937520	26095.044459
 50-54 	50340.768250	27316.723859	23024.044391
 55-59 	43965.606078	24520.934294	19444.671784
 60-64 	43213.018731	25264.311735	17948.706996
 65-69 	43233.264099	24917.739044	18315.525054
 70-74 	39603.700510	21219.315844	18384.384665
 75-79 	32529.670588	15784.264178	16745.406410
 80+ 	47676.015030	16149.327377	31526.687652
Total	769439.126740	395432.034150	374007.092590
2008			
 0-4	108681.606352	59736.735894	48944.870459
 5-9	8020.388682	4800.865863	3219.522819
 10-14 	6065.297996	3782.469266	2282.828730
 15-19 	8002.015496	4716.026448	3285.989049
 20-24 	19548.725404	9503.794758	10044.930646
 25-29 	52525.649745	22592.307611	29933.342134
 30-34 	67529.805156	31204.601245	36325.203912
 35-39 	82514.074039	41120.563729	41393.510310
 40-44 	65638.861812	34831.189072	30807.672740
 45-49 	57034.718078	30433.399006	26601.319072
 50-54 	51325.742743	27747.730772	23578.011971
 55-59 	45181.150900	25110.032865	20071.118035
 60-64 	43874.519536	25568.698028	18305.821508
 65-69 	44338.276804	25512.132653	18826.144151
 70-74 	40260.952891	21485.287411	18775.665480
 75-79 	33505.080415	16215.462804	17289.617612
 80+ 	49535.283484	16815.114811	32720.168672
Total	783582.149535	401176.412236	382405.737299
2009			
 0-4	100172.357139	55208.427354	44963.929785
 5-9	7831.006550	4677.870756	3153.135794
 10-14 	6085.029105	3769.160269	2315.868836
 15-19 	7981.137963	4683.160973	3297.976990
 20-24 	19236.301669	9322.874221	9913.427448
 25-29 	53649.962178	22807.328550	30842.633627
 30-34 	71459.774358	32401.460774	39058.313584
 35-39 	88535.490414	43412.587131	45122.903282
 40-44 	70149.694440	36672.777807	33476.916633
 45-49 	60122.768613	31767.330291	28355.438323
 50-54 	53611.690497	28567.412184	25044.278313
 55-59 	47063.248186	25812.360465	21250.887721
 60-64 	44977.626941	25968.029055	19009.597885
 65-69 	45396.605123	25999.141255	19397.463868
 70-74 	40987.339173	21789.711799	19197.627373
 75-79 	34387.474993	16593.861856	17793.613137
 80+ 	51365.136699	17471.917448	33893.219251
Total	803012.644039	406925.412188	396087.231851
2010			
 0-4	89077.868390	49342.410012	39735.458378
 5-9	7391.001212	4416.533000	2974.468212
 10-14 	6032.742602	3716.769498	2315.973104
 15-19 	7894.178278	4614.249949	3279.928329
 20-24 	18697.781345	9049.555092	9648.226254
 25-29 	51916.987984	22205.345037	29711.642946
 30-34 	70538.823054	32031.382524	38507.440530
 35-39 	87983.182194	43185.982491	44797.199703
 40-44 	69603.013118	36587.284615	33015.728503
 45-49 	58960.917383	31521.992796	27438.924587
 50-54 	52491.028705	28211.716458	24279.312247
 55-59 	46776.161447	25771.280571	21004.880877
 60-64 	44953.986578	26028.795049	18925.191529
 65-69 	45547.475752	26134.743949	19412.731803
 70-74 	41447.196208	22053.570374	19393.625834
 75-79 	34953.144818	16853.258535	18099.886283
 80+ 	53324.828450	18168.699981	35156.128468
Total	787590.317518	399893.569931	387696.747587
2011			
 0-4	76626.089019	42803.520205	33822.568814
 5-9	6651.148024	4000.577270	2650.570755
 10-14 	5899.433057	3624.722381	2274.710676
 15-19 	7708.866361	4507.838643	3201.027718
 20-24 	17681.519942	8649.552456	9031.967487
 25-29 	43772.671571	19745.191086	24027.480485
 30-34 	57126.306742	27511.726101	29614.580640
 35-39 	70120.160730	36470.083255	33650.077475
 40-44 	55778.637820	31146.481713	24632.156107
 45-49 	47185.263783	27053.817229	20131.446553
 50-54 	43325.434939	24916.141016	18409.293923
 55-59 	41438.940166	24018.756682	17420.183485
 60-64 	42192.827806	25271.427637	16921.400168
 65-69 	43886.800981	25631.666945	18255.134036
 70-74 	41072.893673	22061.212711	19011.680963
 75-79 	34625.121810	16756.874437	17868.247373
 80+ 	54295.898809	18509.758097	35786.140712
Total	689388.015232	362679.347863	326708.667370
2012			
 0-4	66384.679292	37432.046630	28952.632662
 5-9	5814.179862	3541.789891	2272.389971
 10-14 	5667.403286	3489.340373	2178.062914
 15-19 	7455.656115	4386.175412	3069.480704
 20-24 	16266.378490	8158.266890	8108.111600
 25-29 	34723.849839	16798.097231	17925.752608
 30-34 	41632.763086	21831.732654	19801.030432
 35-39 	48322.650860	27650.926784	20671.724076
 40-44 	39592.924404	23955.041070	15637.883334
 45-49 	35470.194037	21653.275370	13816.918667
 50-54 	35038.894712	21223.067516	13815.827196
 55-59 	36775.676691	22039.677143	14735.999548
 60-64 	40094.407377	24505.027087	15589.380290
 65-69 	42567.120581	25092.812752	17474.307829
 70-74 	41049.363667	22182.306617	18867.057050
 75-79 	34522.881697	16684.151450	17838.730247
 80+ 	55451.940888	18898.578444	36553.362444
Total	586830.964886	319522.313315	267308.651571
2013			
 0-4	62054.543400	35073.863816	26980.679584
 5-9	5219.084255	3212.993090	2006.091165
 10-14 	5379.185024	3329.011345	2050.173680
 15-19 	7163.634522	4254.036245	2909.598277
 20-24 	14906.738432	7678.942612	7227.795820
 25-29 	29531.304614	14931.207434	14600.097180
 30-34 	33694.448609	18686.959110	15007.489498
 35-39 	37835.314172	22843.864777	14991.449395
 40-44 	32110.286134	20172.591408	11937.694726
 45-49 	30344.451021	19107.124623	11237.326398
 50-54 	31534.269266	19645.587528	11888.681738
 55-59 	34999.156509	21284.081839	13715.074670
 60-64 	39755.036687	24487.869415	15267.167272
 65-69 	42362.988278	25061.079627	17301.908651
 70-74 	41730.349663	22623.449350	19106.900313
 75-79 	34859.580194	16806.848729	18052.731466
 80+ 	56790.822181	19329.573480	37461.248702
Total	540271.192960	298529.084428	241742.108533
2014			
 0-4	59908.741484	33819.780969	26088.960516
 5-9	4764.043616	2958.737480	1805.306136
 10-14 	5061.847512	3152.779985	1909.067527
 15-19 	7291.991861	4267.722703	3024.269157
 20-24 	14551.921312	7452.687115	7099.234197
 25-29 	31858.356018	15597.335151	16261.020868
 30-34 	39270.315449	20902.829546	18367.485903
 35-39 	48363.971433	27683.028041	20680.943393
 40-44 	40073.712105	24384.074622	15689.637483
 45-49 	36676.767762	22506.620745	14170.147018
 50-54 	35464.311894	21699.067618	13765.244276
 55-59 	37632.682146	22516.292221	15116.389925
 60-64 	41946.442460	25582.261902	16364.180558
 65-69 	43806.515557	25810.176940	17996.338617
 70-74 	43314.864744	23452.959238	19861.905506
 75-79 	35822.659486	17222.687085	18599.972401
 80+ 	58293.252237	19818.939173	38474.313064
Total	584102.397077	318827.980534	265274.416543
2015			
 0-4	58255.441835	32829.807283	25425.634552
 5-9	4385.732231	2746.978245	1638.753987
 10-14 	4717.955168	2959.949744	1758.005423
 15-19 	6738.009556	3999.621613	2738.387943
 20-24 	13458.983007	6926.586856	6532.396150
 25-29 	27008.881323	12844.978009	14163.903315
 30-34 	31806.239789	16105.677104	15700.562686
 35-39 	35992.879637	19155.685044	16837.194593
 40-44 	31242.639449	17853.435828	13389.203621
 45-49 	29855.979150	17761.460799	12094.518351
 50-54 	31105.399769	18902.559644	12202.840124
 55-59 	35010.276427	20890.134506	14120.141920
 60-64 	41050.564168	24976.197488	16074.366680
 65-69 	43682.932377	25677.714725	18005.217651
 70-74 	43693.833969	23628.229659	20065.604311
 75-79 	36431.434756	17470.210351	18961.224405
 80+ 	59702.444671	20221.514728	39480.929943
Total	534139.627282	284950.741627	249188.885655
2016			
 0-4	56774.847298	31925.544960	24849.302338
 5-9	4066.125589	2566.016344	1500.109245
 10-14 	4360.698161	2758.336916	1602.361244
 15-19 	6624.169040	3929.166188	2695.002853
 20-24 	12828.691728	6597.106653	6231.585075
 25-29 	27185.312752	12559.380199	14625.932553
 30-34 	33775.925215	16415.899294	17360.025921
 35-39 	40748.463020	20760.494238	19987.968782
 40-44 	35051.569916	19287.003643	15764.566273
 45-49 	32561.572982	18805.033397	13756.539585
 50-54 	32833.118756	19588.969744	13244.149012
 55-59 	35976.748144	21208.549145	14768.198999
 60-64 	42246.945624	25464.270656	16782.674967
 65-69 	45003.236801	26344.979036	18658.257765
 70-74 	44712.666448	24134.299150	20578.367298
 75-79 	37647.288373	18037.763469	19609.524904
 80+ 	61200.582550	20651.317442	40549.265109
Total	553597.962397	291034.130476	262563.831921
2017			
 0-4	55342.620801	31043.944327	24298.676474
 5-9	3844.376396	2435.757018	1408.619378
 10-14 	3987.375635	2546.898200	1440.477434
 15-19 	6525.696805	3866.817182	2658.879622
 20-24 	12430.238860	6375.595800	6054.643061
 25-29 	27452.429533	12383.537211	15068.892322
 30-34 	35849.356325	16881.638390	18967.717934
 35-39 	45640.787967	22494.657553	23146.130414
 40-44 	39341.841046	21028.593626	18313.247420
 45-49 	35700.972428	20194.157519	15506.814909
 50-54 	34923.025884	20562.020024	14361.005860
 55-59 	37033.076063	21659.909104	15373.166958
 60-64 	43495.080939	25981.767358	17513.313582
 65-69 	46548.913774	27136.905995	19412.007780
 70-74 	45684.567938	24621.504161	21063.063776
 75-79 	39065.426050	18720.965339	20344.460710
 80+ 	62784.689360	21105.077870	41679.611489
Total	575650.475803	299039.746678	276610.729125
2018			
 0-4	53843.548037	30123.607834	23719.940202
 5-9	3719.669393	2352.261159	1367.408234
 10-14 	3651.757285	2355.933254	1295.824031
 15-19 	6403.495266	3785.536212	2617.959054
 20-24 	12088.944053	6183.388994	5905.555059
 25-29 	27549.562570	12181.636548	15367.926023
 30-34 	37376.936256	17146.641587	20230.294669
 35-39 	49788.387685	23930.491737	25857.895948
 40-44 	43374.267850	22647.762989	20726.504861
 45-49 	38761.743751	21567.287720	17194.456031
 50-54 	37019.579068	21564.725548	15454.853520
 55-59 	38046.922165	22130.033916	15916.888249
 60-64 	44586.560166	26427.816935	18158.743231
 65-69 	48075.380129	27915.693859	20159.686270
 70-74 	46693.969701	25128.690479	21565.279222
 75-79 	40516.824480	19427.950951	21088.873529
 80+ 	64505.722946	21610.043679	42895.679267
Total	596003.270801	306479.503401	289523.767400
2019			
 0-4	52329.237949	29197.888110	23131.349839
 5-9	3616.176480	2280.452458	1335.724022
 10-14 	3408.721859	2214.395872	1194.325987
 15-19 	6213.163717	3665.778142	2547.385575
 20-24 	11821.490318	6028.641424	5792.848893
 25-29 	27467.880823	11952.382040	15515.498783
 30-34 	38334.946074	17215.192887	21119.753187
 35-39 	53106.618108	25048.858751	28057.759357
 40-44 	46991.754770	24099.947333	22891.807436
 45-49 	41674.607763	22918.366250	18756.241513
 50-54 	38850.358300	22432.963626	16417.394674
 55-59 	38994.273469	22629.242700	16365.030769
 60-64 	45485.739827	26807.473343	18678.266485
 65-69 	49484.909022	28618.509011	20866.400011
 70-74 	47828.365212	25707.358410	22121.006802
 75-79 	41913.957964	20106.834258	21807.123706
 80+ 	66425.450597	22197.608862	44227.841735
Total	613947.652254	313121.893479	300825.758775
2020			
 0-4	50830.528872	28284.405254	22546.123618
 5-9	3515.216775	2209.872729	1305.344046
 10-14 	3195.589361	2088.915077	1106.674284
 15-19 	6001.441766	3533.058326	2468.383441
 20-24 	11586.394725	5887.366692	5699.028033
 25-29 	27244.630306	11704.337968	15540.292338
 30-34 	38822.482329	17134.986399	21687.495930
 35-39 	55679.176022	25879.803941	29799.372081
 40-44 	50215.998929	25395.220752	24820.778177
 45-49 	44416.140725	24171.235580	20244.905146
 50-54 	40540.663679	23305.331055	17235.332624
 55-59 	39905.149989	23162.478329	16742.671659
 60-64 	46146.760195	27118.884616	19027.875579
 65-69 	50745.092839	29238.600446	21506.492393
 70-74 	49095.558799	26362.534113	22733.024686
 75-79 	43187.837670	20726.742694	22461.094975
 80+ 	68586.890324	22882.369555	45704.520769
Total	629715.553306	319086.143526	310629.409780
2021			
 0-4	50291.945373	27997.776319	22294.169054
 5-9	3498.373970	2201.189447	1297.184523
 10-14 	3080.534635	2032.485800	1048.048835
 15-19 	5883.366807	3467.678169	2415.688637
 20-24 	11568.041978	5885.948502	5682.093475
 25-29 	27105.859809	11572.928098	15532.931711
 30-34 	39193.893003	17113.903238	22079.989765
 35-39 	57874.995872	26644.461275	31230.534597
 40-44 	53375.721346	26759.598205	26616.123140
 45-49 	47361.902545	25600.009390	21761.893155
 50-54 	42556.542959	24425.255492	18131.287467
 55-59 	41276.668001	24021.905227	17254.762774
 60-64 	47104.737781	27682.887615	19421.850166
 65-69 	52424.128385	30091.649420	22332.478964
 70-74 	51069.301914	27379.240289	23690.061625
 75-79 	44707.230552	21436.318719	23270.911833
 80+ 	71402.357856	23780.704575	47621.653280
Total	649775.602784	328093.939779	321681.663005
2022			
 0-4	49757.136240	27712.322062	22044.814178
 5-9	3477.095657	2189.763909	1287.331748
 10-14 	3033.538532	2010.953689	1022.584843
 15-19 	5763.375610	3399.377094	2363.998516
 20-24 	11589.214175	5898.478621	5690.735554
 25-29 	26917.867289	11442.230215	15475.637074
 30-34 	39331.721652	17039.933818	22291.787833
 35-39 	59447.249219	27160.437461	32286.811759
 40-44 	56127.548649	27954.489935	28173.058714
 45-49 	50193.765787	26981.375611	23212.390176
 50-54 	44499.376298	25517.890385	18981.485913
 55-59 	42691.911023	24930.818890	17761.092133
 60-64 	47867.928965	28206.582385	19661.346579
 65-69 	53898.436199	30842.678567	23055.757633
 70-74 	53142.670431	28448.558627	24694.111804
 75-79 	46109.383077	22087.266900	24022.116177
 80+ 	74392.570817	24746.971979	49645.598839
Total	668240.789621	336570.130147	331670.659473
2023			
 0-4	49237.369660	27434.531540	21802.838120
 5-9	3450.918546	2175.347223	1275.571323
 10-14 	3038.616797	2014.667927	1023.948870
 15-19 	5682.246986	3353.374844	2328.872142
 20-24 	11663.147534	5925.776951	5737.370583
 25-29 	26789.755386	11351.129846	15438.625539
 30-34 	39361.901647	16960.826338	22401.075309
 35-39 	60483.847729	27467.335151	33016.512578
 40-44 	58507.163989	28991.985465	29515.178523
 45-49 	52965.165204	28339.268301	24625.896903
 50-54 	46439.254392	26617.369735	19821.884657
 55-59 	44138.781802	25862.808395	18275.973407
 60-64 	48562.932320	28746.567546	19816.364774
 65-69 	55157.252850	31501.789119	23655.463730
 70-74 	55178.738717	29492.705794	25686.032923
 75-79 	47542.832235	22752.896440	24789.935796
 80+ 	77471.421206	25741.963970	51729.457237
Total	685671.347000	344730.344585	340941.002415
2024			
 0-4	48740.527520	27169.023953	21571.503566
 5-9	3421.792771	2159.137458	1262.655312
 10-14 	3055.430391	2023.442397	1031.987994
 15-19 	5622.031033	3322.428144	2299.602889
 20-24 	11772.463812	5959.503932	5812.959880
 25-29 	26820.760678	11335.647984	15485.112694
 30-34 	39289.149430	16872.780252	22416.369178
 35-39 	60965.096523	27556.512106	33408.584417
 40-44 	60400.036051	29811.279687	30588.756364
 45-49 	55577.062419	29620.271789	25956.790629
 50-54 	48463.578457	27788.746676	20674.831781
 55-59 	45430.018235	26682.158458	18747.859777
 60-64 	49279.056467	29339.880174	19939.176293
 65-69 	56181.298830	32077.583131	24103.715699
 70-74 	57062.088231	30449.104750	26612.983481
 75-79 	49106.233582	23481.810082	25624.423500
 80+ 	80561.271386	26732.663441	53828.607945
Total	701747.895814	352381.974415	349365.921399
2025			
 0-4	47445.108577	26501.005921	20944.102656
 5-9	3364.797296	2128.517427	1236.279869
 10-14 	3063.998569	2027.712568	1036.286000
 15-19 	5553.019799	3292.572589	2260.447211
 20-24 	11906.245912	6002.016263	5904.229649
 25-29 	27017.808034	11391.283781	15626.524253
 30-34 	39092.462892	16760.168797	22332.294095
 35-39 	60892.226656	27430.332674	33461.893981
 40-44 	61676.248200	30345.788680	31330.459520
 45-49 	57879.129969	30748.999919	27130.130050
 50-54 	50443.895205	28899.229750	21544.665455
 55-59 	46685.386286	27541.009820	19144.376466
 60-64 	50058.271030	29999.375598	20058.895432
 65-69 	56956.998276	32576.195202	24380.803074
 70-74 	58779.583395	31313.140279	27466.443116
 75-79 	50804.849861	24276.389773	26528.460087
 80+ 	83611.004571	27699.631087	55911.373484
Total	715231.034526	358933.370128	356297.664398
2026			
 0-4	46028.920598	25772.324628	20256.595969
 5-9	3275.361067	2081.244061	1194.117006
 10-14 	3057.807319	2024.003204	1033.804115
 15-19 	5478.296578	3261.980252	2216.316325
 20-24 	12020.164673	6040.526151	5979.638522
 25-29 	27428.887517	11537.867825	15891.019692
 30-34 	38868.611845	16654.142605	22214.469240
 35-39 	60492.819089	27191.388155	33301.430934
 40-44 	62413.148570	30630.744692	31782.403877
 45-49 	59858.627331	31719.911690	28138.715641
 50-54 	52379.396805	29975.517329	22403.879476
 55-59 	47962.464163	28399.757721	19562.706441
 60-64 	50961.904113	30744.970449	20216.933665
 65-69 	57499.561479	33011.091862	24488.469617
 70-74 	60323.388957	32082.156678	28241.232278
 75-79 	52677.373661	25154.969973	27522.403688
 80+ 	86565.244762	28621.941655	57943.303107
Total	727291.978525	364904.538932	362387.439593
2027			
 0-4	45133.414234	25307.608754	19825.805479
 5-9	3147.872788	2014.701069	1133.171718
 10-14 	3025.863859	2006.788052	1019.075807
 15-19 	5421.398854	3237.590712	2183.808142
 20-24 	12082.688216	6064.556261	6018.131955
 25-29 	28023.073557	11765.486725	16257.586832
 30-34 	38721.187320	16590.608608	22130.578712
 35-39 	59948.720641	26918.611732	33030.108909
 40-44 	62652.957130	30687.087327	31965.869803
 45-49 	61493.877890	32520.536282	28973.341608
 50-54 	54294.151325	31038.114832	23256.036493
 55-59 	49258.645521	29256.951285	20001.694236
 60-64 	52023.282206	31583.484555	20439.797651
 65-69 	57887.064033	33420.662969	24466.401064
 70-74 	61658.567313	32748.904272	28909.663041
 75-79 	54650.007833	26077.472733	28572.535101
 80+ 	89516.281781	29534.318239	59981.963541
Total	738939.054500	370773.484407	368165.570093
2028			
 0-4	44870.856595	25162.639966	19708.216630
 5-9	3034.587998	1955.362916	1079.225082
 10-14 	2971.751396	1977.891810	993.859586
 15-19 	5406.578269	3231.979495	2174.598774
 20-24 	12089.050672	6070.381335	6018.669337
 25-29 	28732.028844	12047.199496	16684.829348
 30-34 	38760.541637	16612.682016	22147.859621
 35-39 	59389.001658	26664.362004	32724.639654
 40-44 	62451.644663	30544.063003	31907.581660
 45-49 	62788.576855	33150.528997	29638.047858
 50-54 	56191.712274	32089.738943	24101.973331
 55-59 	50615.414234	30137.853499	20477.560735
 60-64 	53191.986565	32469.603282	20722.383283
 65-69 	58253.217236	33864.093403	24389.123833
 70-74 	62764.180273	33320.988377	29443.191896
 75-79 	56578.670730	26970.030116	29608.640614
 80+ 	92569.471212	30480.668047	62088.803165
Total	750659.271111	376750.066705	373909.204407
2029			
 0-4	45389.765175	25410.006461	19979.758714
 5-9	2977.031648	1924.157377	1052.874271
 10-14 	2908.856635	1944.330915	964.525720
 15-19 	5350.039152	3204.750265	2145.288886
 20-24 	12078.381014	6074.914205	6003.466809
 25-29 	29331.644905	12293.946490	17037.698414
 30-34 	38961.530357	16707.643154	22253.887203
 35-39 	58661.311059	26353.066960	32308.244099
 40-44 	61705.825538	30154.175369	31551.650169
 45-49 	63541.507802	33508.291191	30033.216611
 50-54 	57918.367993	33052.513094	24865.854899
 55-59 	52112.389762	31114.178085	20998.211677
 60-64 	54231.413903	33236.415759	20994.998145
 65-69 	58695.704059	34382.050263	24313.653796
 70-74 	63614.458409	33806.387642	29808.070768
 75-79 	58345.210224	27776.099710	30569.110513
 80+ 	95787.701538	31485.776818	64301.924720
Total	761611.139172	382428.703757	379182.435414
2030			
 0-4	45549.046758	25476.350781	20072.695977
 5-9	2927.151312	1896.955310	1030.196002
 10-14 	2843.723167	1909.385349	934.337819
 15-19 	5263.176585	3159.136624	2104.039961
 20-24 	12066.789277	6079.892514	5986.896762
 25-29 	29824.022424	12508.540191	17315.482233
 30-34 	39442.523774	16920.312179	22522.211595
 35-39 	58015.168741	26090.255751	31924.912990
 40-44 	60763.393727	29687.104324	31076.289403
 45-49 	63948.389441	33689.812839	30258.576602
 50-54 	59554.744046	33966.621297	25588.122748
 55-59 	53748.718732	32115.550012	21633.168720
 60-64 	55384.185021	34121.512354	21262.672667
 65-69 	59314.654883	35013.386530	24301.268353
 70-74 	64232.978881	34228.851173	30004.127708
 75-79 	59962.996159	28502.958849	31460.037310
 80+ 	99167.084064	32545.771691	66621.312373
Total	772008.746992	387912.397769	384096.349223
2031			
 0-4	45499.033134	25437.206725	20061.826409
 5-9	2890.216660	1876.324555	1013.892104
 10-14 	2776.373891	1873.120611	903.253281
 15-19 	5163.937507	3105.444835	2058.492672
 20-24 	12046.192293	6077.971560	5968.220733
 25-29 	30133.517505	12656.701191	17476.816314
 30-34 	40157.786741	17234.686169	22923.100572
 35-39 	57465.491555	25874.739586	31590.751968
 40-44 	59753.313548	29204.985038	30548.328509
 45-49 	64013.357736	33695.866702	30317.491034
 50-54 	61026.617134	34792.831706	26233.785428
 55-59 	55471.956711	33144.787881	22327.168830
 60-64 	56653.068419	35041.999020	21611.069398
 65-69 	60154.988827	35772.223551	24382.765276
 70-74 	64625.301414	34599.943954	30025.357460
 75-79 	61420.696245	29148.607863	32272.088382
 80+ 	102726.256228	33665.652870	69060.603357
Total	781978.105547	393203.093819	388775.011728
2032			
 0-4	45333.818007	25340.141677	19993.676330
 5-9	2869.850114	1864.020968	1005.829146
 10-14 	2714.228368	1839.427187	874.801181
 15-19 	5103.924221	3070.927648	2032.996573
 20-24 	11985.497215	6049.076206	5936.421009
 25-29 	30244.869342	12730.767616	17514.101726
 30-34 	40978.480966	17596.951399	23381.529568
 35-39 	57075.639120	25728.349991	31347.289129
 40-44 	58779.493993	28755.190861	30024.303132
 45-49 	63737.795837	33527.172700	30210.623137
 50-54 	62274.202120	35495.888734	26778.313386
 55-59 	57274.471364	34210.715970	23063.755394
 60-64 	58013.171624	35990.516634	22022.654989
 65-69 	61236.767486	36659.689538	24577.077948
 70-74 	64871.495151	34957.371309	29914.123842
 75-79 	62674.362264	29705.104239	32969.258025
 80+ 	106373.820558	34807.632046	71566.188512
Total	791541.887750	398328.944723	393212.943028
2033			
 0-4	45097.925292	25207.171371	19890.753921
 5-9	2873.012403	1863.697655	1009.314748
 10-14 	2661.617060	1810.548466	851.068594
 15-19 	5082.674089	3058.905141	2023.768948
 20-24 	11908.609334	6006.334106	5902.275228
 25-29 	30188.685858	12735.238356	17453.447502
 30-34 	41762.051626	17945.156044	23816.895582
 35-39 	56937.186111	25691.171327	31246.014783
 40-44 	57887.652098	28355.778164	29531.873933
 45-49 	63133.088453	33192.504423	29940.584030
 50-54 	63263.830908	36054.796775	27209.034132
 55-59 	59130.508128	35302.731531	23827.776597
 60-64 	59498.763512	36994.611454	22504.152058
 65-69 	62484.036865	37616.101187	24867.935678
 70-74 	65113.515052	35359.219624	29754.295427
 75-79 	63691.540636	30176.798434	33514.742201
 80+ 	110012.446267	35929.506495	74082.939772
Total	800727.143690	403300.270553	397426.873137
2034			
 0-4	44818.428234	25051.852881	19766.575353
 5-9	2902.846629	1876.602777	1026.243852
 10-14 	2619.971285	1787.199914	832.771372
 15-19 	5041.694837	3036.781873	2004.912964
 20-24 	11808.147754	5952.073357	5856.074398
 25-29 	30098.173294	12721.822523	17376.350771
 30-34 	42331.409150	18205.795690	24125.613460
 35-39 	57163.684345	25812.465930	31351.218415
 40-44 	57088.926540	28008.428497	29080.498043
 45-49 	62268.266465	32731.762033	29536.504431
 50-54 	63966.712820	36452.773218	27513.939602
 55-59 	60995.605944	36397.081224	24598.524720
 60-64 	61276.471677	38179.539581	23096.932097
 65-69 	63657.714386	38464.146585	25193.567801
 70-74 	65486.210502	35857.419957	29628.790545
 75-79 	64458.715395	30576.843556	33881.871839
 80+ 	113573.071191	37003.039790	76570.031401
Total	809556.050447	408115.629386	401440.421061
2035			
 0-4	44519.224130	24886.541892	19632.682238
 5-9	2925.141725	1885.668589	1039.473136
 10-14 	2584.110230	1766.889413	817.220817
 15-19 	4987.832463	3007.848013	1979.984450
 20-24 	11683.487963	5885.230487	5798.257476
 25-29 	30029.488078	12710.391214	17319.096863
 30-34 	42627.448939	18355.556348	24271.892591
 35-39 	57724.085907	26076.791669	31647.294238
 40-44 	56381.681073	27707.813878	28673.867194
 45-49 	61251.002959	32203.887680	29047.115279
 50-54 	64360.743499	36676.691501	27684.051999
 55-59 	62805.946773	37460.035510	25345.911262
 60-64 	63250.551913	39416.889061	23833.662852
 65-69 	64984.002296	39457.281239	25526.721057
 70-74 	66068.154858	36478.791175	29589.363683
 75-79 	64981.869170	30921.533093	34060.336077
 80+ 	117045.645306	38028.809023	79016.836283
Total	818210.417280	412926.649784	405283.767496
2036			
 0-4	44215.604260	24719.130329	19496.473931
 5-9	2938.712592	1890.320037	1048.392555
 10-14 	2560.646285	1752.906504	807.739781
 15-19 	4933.360415	2978.541530	1954.818884
 20-24 	11544.478881	5810.979441	5733.499440
 25-29 	29957.276691	12687.236710	17270.039980
 30-34 	42676.247871	18401.768973	24274.478898
 35-39 	58572.372372	26469.164221	32103.208151
 40-44 	55792.040308	27460.848827	28331.191481
 45-49 	60218.992884	31680.668854	28538.324030
 50-54 	64458.187996	36731.896520	27726.291476
 55-59 	64486.557494	38449.899373	26036.658122
 60-64 	65363.618670	40708.798450	24654.820220
 65-69 	66472.297305	40503.660746	25968.636559
 70-74 	66912.132905	37238.881639	29673.251265
 75-79 	65271.567305	31224.351461	34047.215843
 80+ 	120399.020537	39003.389798	81395.630739
Total	826773.114771	417712.443415	409060.671356
2037			
 0-4	43910.154635	24550.751616	19359.403019
 5-9	2945.082457	1891.333685	1053.748772
 10-14 	2552.513068	1746.658109	805.854958
 15-19 	4887.751845	2954.285131	1933.466713
 20-24 	11453.638076	5762.045651	5691.592426
 25-29 	29831.235447	12623.060057	17208.175390
 30-34 	42537.066780	18371.518400	24165.548380
 35-39 	59547.045647	26919.571330	32627.474317
 40-44 	55386.780570	27295.862689	28090.917882
 45-49 	59277.591466	31214.052546	28063.538919
 50-54 	64255.063362	36616.991876	27638.071486
 55-59 	65970.111230	39325.185208	26644.926023
 60-64 	67606.398916	42068.281633	25538.117283
 65-69 	68087.885150	41593.874230	26494.010920
 70-74 	68040.236056	38138.051031	29902.185024
 75-79 	65411.196394	31520.203957	33890.992437
 80+ 	123543.629701	39910.023851	83633.605850
Total	835243.380801	422501.751000	412741.629800
2038			
 0-4	43522.125921	24340.115316	19182.010605
 5-9	2943.273883	1888.210746	1055.063137
 10-14 	2558.069021	1747.231208	810.837813
 15-19 	4852.885032	2935.568680	1917.316353
 20-24 	11407.330035	5739.979660	5667.350375
 25-29 	29657.750798	12532.030246	17125.720551
 30-34 	42314.810098	18298.596193	24016.213905
 35-39 	60451.137410	27339.235909	33111.901500
 40-44 	55249.424018	27254.952863	27994.471155
 45-49 	58464.452743	30819.673663	27644.779080
 50-54 	63751.579788	36335.793378	27415.786410
 55-59 	67208.489362	40055.871724	27152.617638
 60-64 	69946.762180	43482.291528	26464.470651
 65-69 	69869.166239	42758.467702	27110.698537
 70-74 	69365.557756	39110.744707	30254.813049
 75-79 	65545.485511	31860.441818	33685.043693
 80+ 	126384.658001	40733.765428	85650.892573
Total	843492.957795	427232.970771	416259.987024
2039			
 0-4	42989.917791	24056.159663	18933.758128
 5-9	2930.768888	1879.676582	1051.092306
 10-14 	2581.400226	1756.699341	824.700884
 15-19 	4827.682184	2921.805738	1905.876446
 20-24 	11348.196915	5711.500793	5636.696122
 25-29 	29449.971563	12425.136488	17024.835075
 30-34 	42160.269300	18250.311937	23909.957363
 35-39 	61067.859640	27633.770010	33434.089629
 40-44 	55488.628434	27390.291644	28098.336790
 45-49 	57779.897780	30495.537823	27284.359956
 50-54 	63020.394426	35932.510985	27087.883441
 55-59 	68161.538779	40618.421359	27543.117420
 60-64 	72331.022549	44921.485414	27409.537136
 65-69 	72004.177329	44135.590959	27868.586370
 70-74 	70621.767932	39967.082426	30654.685506
 75-79 	65813.086337	32290.831586	33522.254750
 80+ 	128848.443124	41469.830845	87378.612278
Total	851425.023196	431856.643594	419568.379602
2040			
 0-4	42473.392913	23779.600196	18693.792716
 5-9	2910.484873	1867.204914	1043.279959
 10-14 	2599.243234	1763.348526	835.894708
 15-19 	4809.026807	2911.538695	1897.488112
 20-24 	11292.529014	5684.748889	5607.780125
 25-29 	29220.603194	12308.228131	16912.375062
 30-34 	42088.933226	18233.089118	23855.844108
 35-39 	61316.312129	27769.006499	33547.305630
 40-44 	56064.870042	27683.261008	28381.609034
 45-49 	57198.643102	30226.269186	26972.373916
 50-54 	62160.810792	35465.563663	26695.247129
 55-59 	68793.813894	40992.268319	27801.545575
 60-64 	74678.972001	46341.860840	28337.111161
 65-69 	74387.567099	45579.749056	28807.818043
 70-74 	72049.058431	40982.949386	31066.109045
 75-79 	66296.323089	32835.058125	33461.264964
 80+ 	130933.509311	42135.126071	88798.383240
Total	859274.093150	436558.870622	422715.222528
2041			
 0-4	42033.226983	23541.452987	18491.773996
 5-9	2886.181556	1852.680065	1033.501491
 10-14 	2609.047468	1765.922327	843.125141
 15-19 	4792.328538	2901.996933	1890.331604
 20-24 	11245.850087	5662.918214	5582.931873
 25-29 	28985.699037	12191.811122	16793.887914
 30-34 	42030.735812	18213.260110	23817.475702
 35-39 	61252.412311	27766.768987	33485.643324
 40-44 	56907.473036	28105.205960	28802.267076
 45-49 	56710.472408	30003.343522	26707.128887
 50-54 	61283.124816	34997.669102	26285.455715
 55-59 	69095.565422	41171.949447	27923.615976
 60-64 	76887.594346	47684.282905	29203.311441
 65-69 	76953.100660	47097.680852	29855.419808
 70-74 	73668.196222	42057.598731	31610.597491
 75-79 	67048.623826	33506.213565	33542.410261
 80+ 	132650.239410	42746.222536	89904.016874
Total	867039.871939	441266.977364	425772.894574
2042			
 0-4	41705.507976	23360.129346	18345.378630
 5-9	2849.567632	1831.900718	1017.666914
 10-14 	2608.564870	1763.291254	845.273616
 15-19 	4773.704175	2890.913911	1882.790265
 20-24 	11209.530123	5646.716289	5562.813834
 25-29 	28831.085871	12121.896481	16709.189390
 30-34 	41886.709491	18137.135779	23749.573712
 35-39 	60950.196527	27663.114863	33287.081664
 40-44 	57843.228133	28574.383287	29268.844847
 45-49 	56364.716560	29850.043401	26514.673159
 50-54 	60468.978869	34573.215846	25895.763023
 55-59 	69050.508612	41150.029947	27900.478665
 60-64 	78864.169975	48890.406986	29973.762989
 65-69 	79686.235561	48704.822285	30981.413276
 70-74 	75437.398301	43181.340803	32256.057498
 75-79 	68091.797879	34302.975767	33788.822112
 80+ 	134077.914302	43331.824838	90746.089464
Total	874699.814856	445974.141800	428725.673056
2043			
 0-4	41503.760160	23242.514119	18261.246041
 5-9	2801.568749	1805.360472	996.208276
 10-14 	2596.166839	1754.638778	841.528060
 15-19 	4750.915253	2877.059789	1873.855464
 20-24 	11181.399901	5635.158634	5546.241267
 25-29 	28737.388653	12092.148879	16645.239774
 30-34 	41644.839140	18012.151321	23632.687819
 35-39 	60590.261941	27523.432678	33066.829263
 40-44 	58672.284738	28992.457215	29679.827524
 45-49 	56244.313458	29811.889203	26432.424255
 50-54 	59743.396414	34204.022568	25539.373846
 55-59 	68655.679185	40929.053021	27726.626164
 60-64 	80542.611125	49917.884630	30624.726494
 65-69 	82549.438845	50386.075211	32163.363634
 70-74 	77399.492700	44385.756990	33013.735709
 75-79 	69337.579388	35162.423685	34175.155703
 80+ 	135336.168366	43927.961253	91408.207112
Total	882287.264854	450659.988448	431627.276405
2044			
 0-4	41393.773202	23171.246802	18222.526400
 5-9	2753.006427	1778.500018	974.506409
 10-14 	2573.559518	1740.817686	832.741832
 15-19 	4723.262442	2860.245723	1863.016720
 20-24 	11155.483484	5625.036804	5530.446680
 25-29 	28608.987993	12047.090363	16561.897629
 30-34 	41362.771495	17872.735619	23490.035876
 35-39 	60316.935434	27417.741430	32899.194004
 40-44 	59177.444780	29256.703703	29920.741077
 45-49 	56462.109095	29946.375024	26515.734071
 50-54 	59110.579257	33890.987227	25219.592029
 55-59 	67984.853551	40556.234664	27428.618887
 60-64 	81866.079828	50732.280053	31133.799776
 65-69 	85476.769042	52105.234099	33371.534943
 70-74 	79749.421244	45805.461044	33943.960200
 75-79 	70518.750469	35906.305785	34612.444684
 80+ 	136544.707546	44569.194950	91975.512596
Total	889778.494806	455282.190993	434496.303814
2045			
 0-4	41210.828774	23062.886471	18147.942303
 5-9	2714.478544	1756.488429	957.990114
 10-14 	2546.148484	1724.518351	821.630132
 15-19 	4692.586300	2841.564588	1851.021711
 20-24 	11126.510304	5613.087181	5513.423123
 25-29 	28465.453716	11995.348678	16470.105037
 30-34 	41056.988927	17724.909180	23332.079747
 35-39 	60163.690030	27363.195455	32800.494575
 40-44 	59313.881823	29346.456114	29967.425708
 45-49 	57008.089691	30248.371096	26759.718594
 50-54 	58573.797484	33632.507706	24941.289779
 55-59 	67156.968670	40103.455909	27053.512761
 60-64 	82795.393616	51309.259245	31486.134371
 65-69 	88374.827801	53811.174304	34563.653498
 70-74 	82394.702314	47298.772781	35095.929534
 75-79 	71862.907590	36802.565809	35060.341781
 80+ 	137809.508693	45283.375694	92526.132999
Total	897266.762760	459917.936992	437348.825769
2046			
 0-4	40981.399072	22931.265700	18050.133372
 5-9	2687.488356	1740.308867	947.179489
 10-14 	2518.197607	1707.900868	810.296739
 15-19 	4661.247656	2822.387022	1838.860634
 20-24 	11089.431928	5596.309113	5493.122815
 25-29 	28314.120783	11940.619771	16373.501012
 30-34 	40735.303520	17574.251707	23161.051813
 35-39 	60051.653717	27319.944761	32731.708957
 40-44 	59177.969509	29306.416559	29871.552950
 45-49 	57834.855454	30697.170900	27137.684553
 50-54 	58140.558193	33428.314013	24712.244180
 55-59 	66297.690876	39644.455647	26653.235229
 60-64 	83320.009370	51642.406989	31677.602381
 65-69 	91121.127485	55434.561703	35686.565782
 70-74 	85262.264696	48877.931803	36384.332893
 75-79 	73419.484143	37756.686318	35662.797824
 80+ 	139218.039735	46091.284507	93126.755227
Total	904830.842100	464512.216248	440318.625852
2047			
 0-4	40727.318834	22787.394927	17939.923907
 5-9	2676.452399	1732.204016	944.248382
 10-14 	2487.985199	1690.100190	797.885010
 15-19 	4632.069004	2804.355184	1827.713820
 20-24 	11039.636615	5572.106457	5467.530158
 25-29 	28162.242295	11886.233402	16276.008894
 30-34 	40472.171025	17461.485252	23010.685773
 35-39 	59868.433211	27225.783572	32642.649639
 40-44 	58864.634052	29183.822455	29680.811598
 45-49 	58788.250717	31213.603303	27574.647414
 50-54 	57870.333129	33308.983370	24561.349759
 55-59 	65500.796271	39231.075186	26269.721085
 60-64 	83420.843584	51721.873212	31698.970372
 65-69 	93602.620726	56905.947717	36696.673009
 70-74 	88336.483045	50560.597022	37775.886022
 75-79 	75142.937683	38760.133968	36382.803715
 80+ 	140833.511758	47000.535712	93832.976047
Total	912426.719546	469046.234945	443380.484602
2048			
 0-4	40460.031566	22637.000669	17823.030897
 5-9	2680.822585	1731.809181	949.013404
 10-14 	2465.315045	1676.058805	789.256240
 15-19 	4602.508088	2786.288597	1816.219491
 20-24 	10977.929829	5540.788131	5437.141698
 25-29 	28015.621342	11834.995378	16180.625964
 30-34 	40261.037210	17384.457262	22876.579948
 35-39 	59560.152897	27068.171436	32491.981461
 40-44 	58562.649365	29059.507326	29503.142039
 45-49 	59679.752266	31697.000404	27982.751862
 50-54 	57852.254703	33328.491660	24523.763043
 55-59 	64803.468526	38880.172218	25923.296308
 60-64 	83098.327135	51551.985226	31546.341909
 65-69 	95738.275398	58174.623371	37563.652027
 70-74 	91576.396411	52331.205703	39245.190707
 75-79 	77072.166052	39839.810303	37232.355750
 80+ 	142607.399446	47962.099664	94645.299782
Total	920014.107866	473484.465334	446529.642532
2049			
 0-4	40186.854211	22483.712402	17703.141809
 5-9	2686.511936	1732.045069	954.466867
 10-14 	2444.522319	1662.889637	781.632682
 15-19 	4571.441008	2767.602245	1803.838763
 20-24 	10906.200850	5503.751424	5402.449426
 25-29 	27873.381107	11786.082302	16087.298805
 30-34 	40011.706470	17289.173832	22722.532638
 35-39 	59202.496131	26893.231937	32309.264194
 40-44 	58373.592826	28986.003836	29387.588990
 45-49 	60286.934453	32034.636322	28252.298131
 50-54 	58200.855613	33549.334499	24651.521113
 55-59 	64215.399088	38594.115711	25621.283378
 60-64 	82442.330429	51191.543204	31250.787225
 65-69 	97456.623753	59198.256014	38258.367739
 70-74 	94907.283812	54150.694812	40756.589000
 75-79 	79381.385734	41106.238229	38275.147505
 80+ 	144302.935683	48823.143698	95479.791986
Total	927450.455423	477752.455172	449698.000251
2050			
 0-4	39983.547646	22369.527550	17614.020096
 5-9	2687.538189	1729.899159	957.639030
 10-14 	2426.761247	1651.171859	775.589387
 15-19 	4539.682974	2748.685555	1790.997419
 20-24 	10828.836392	5463.554762	5365.281631
 25-29 	27731.401014	11736.440616	15994.960398
 30-34 	39744.948156	17185.833082	22559.115073
 35-39 	58819.849834	26711.107599	32108.742236
 40-44 	58305.267747	28969.726831	29335.540916
 45-49 	60544.322358	32194.212223	28350.110134
 50-54 	58886.943945	33958.554025	24928.389920
 55-59 	63734.268157	38368.001147	25366.267010
 60-64 	81588.677775	50725.707465	30862.970310
 65-69 	98705.093282	59945.427853	38759.665428
 70-74 	98221.007034	55963.467414	42257.539620
 75-79 	82008.824467	42442.961108	39565.863359
 80+ 	146227.810824	49890.991001	96336.819823
Total	934984.781040	482055.269250	452929.511790
