1950.00	710.28	658.27	613.94	576.75	546.17	521.67	502.73	488.80	479.37	473.89	471.22	470.20	473.42	481.59	492.31	503.58	517.12	521.10	509.84	488.98	469.29	447.97	432.06	425.95	425.82	424.00	422.64	417.65	406.40	391.51	377.60	363.11	352.79	349.29	349.93	349.95	350.99	348.00	338.24	324.45	311.48	297.48	288.29	287.01	290.37	292.55	295.37	293.04	282.29	266.22	251.03	235.32	221.86	212.60	206.00	198.58	191.06	183.15	174.39	165.13	156.23	147.57	138.90	130.21	121.57	113.07	104.68	96.67	89.18	82.08	75.17	68.50	61.97	55.51	49.19	43.24	37.68	32.28	27.00	21.97	84.78
1951.00	840.41	703.12	650.60	606.32	569.63	539.89	516.58	499.20	486.44	477.38	471.78	469.16	468.22	471.52	479.82	490.69	502.04	515.63	519.64	508.41	487.57	467.88	446.54	430.60	424.42	424.22	422.31	420.86	415.76	404.42	389.42	375.41	360.81	350.38	346.76	347.27	347.17	348.08	345.00	335.21	321.43	308.47	294.49	285.27	283.86	287.05	289.06	291.70	289.27	278.56	262.62	247.54	231.95	218.52	209.17	202.39	194.81	187.13	179.06	170.14	160.71	151.66	142.84	134.06	125.30	116.64	108.13	99.75	91.78	84.35	77.34	70.54	64.01	57.65	51.41	45.35	39.66	34.35	29.27	24.36	93.58
1952.00	945.93	826.91	695.00	642.05	597.88	561.74	532.87	510.79	494.98	483.40	474.73	469.03	466.45	465.60	468.97	477.38	488.38	499.81	513.42	517.46	506.28	485.48	465.81	444.50	428.54	422.31	422.03	420.04	418.50	413.31	401.88	386.80	372.70	358.02	347.49	343.75	344.14	343.92	344.69	341.53	331.72	317.98	305.03	291.10	281.86	280.33	283.33	285.18	287.63	285.11	274.46	258.66	243.72	228.26	214.89	205.46	198.51	190.78	182.95	174.72	165.65	156.09	146.89	137.94	129.05	120.24	111.56	103.06	94.70	86.77	79.41	72.51	65.83	59.45	53.28	47.26	41.46	36.03	30.99	26.22	102.03
1953.00	1030.95	898.96	788.29	688.15	634.66	590.53	554.87	526.83	505.92	491.67	481.23	472.94	467.12	464.59	463.82	467.27	475.81	486.96	498.47	512.14	516.21	505.05	484.27	464.59	443.25	427.25	420.97	420.60	418.53	416.89	411.60	400.06	384.87	370.67	355.87	345.23	341.37	341.63	341.29	341.93	338.68	328.84	315.09	302.15	288.25	278.97	277.32	280.14	281.82	284.09	281.47	270.86	255.18	240.34	224.98	211.65	202.12	194.99	187.10	179.11	170.72	161.48	151.76	142.40	133.30	124.29	115.40	106.70	98.18	89.83	81.94	74.64	67.82	61.25	55.00	49.00	43.20	37.65	32.48	27.70	109.71
1954.00	1097.98	964.87	851.68	756.83	682.67	628.54	584.35	549.11	521.83	502.06	489.33	480.02	472.09	466.14	463.65	462.96	466.50	475.19	486.50	498.13	511.88	515.99	504.83	484.02	464.30	442.89	426.82	420.46	420.02	417.86	416.11	410.71	399.05	383.72	369.37	354.44	343.66	339.67	339.81	339.34	339.86	336.51	326.61	312.84	299.88	285.96	276.63	274.85	277.50	279.02	281.11	278.39	267.80	252.21	237.43	222.16	208.83	199.18	191.86	183.79	175.62	167.05	157.63	147.72	138.19	128.91	119.77	110.80	102.04	93.49	85.14	77.26	70.00	63.26	56.80	50.67	44.83	39.23	33.91	28.99	115.96
1955.00	1148.48	1024.44	916.46	823.42	744.23	677.77	622.96	578.67	543.82	517.28	498.63	487.42	479.24	471.67	465.57	463.13	462.51	466.15	474.99	486.48	498.24	512.07	516.23	505.07	484.20	464.42	442.92	426.76	420.32	419.81	417.55	415.70	410.18	398.38	382.90	368.40	353.31	342.38	338.26	338.28	337.69	338.07	334.62	324.66	310.86	297.86	283.92	274.53	272.62	275.10	276.46	278.38	275.55	264.97	249.45	234.73	219.52	206.18	196.41	188.89	180.63	172.28	163.51	153.90	143.81	134.09	124.63	115.34	106.27	97.46	88.87	80.50	72.63	65.42	58.74	52.37	46.36	40.67	35.27	30.19	120.11
1956.00	1178.58	1121.59	1009.31	909.25	820.90	743.76	676.77	618.84	572.39	538.07	513.65	495.79	484.64	476.53	469.12	463.25	460.93	460.40	464.05	472.85	484.25	495.91	509.60	513.68	502.50	481.67	461.90	440.43	424.25	417.72	417.06	414.68	412.70	407.08	395.26	379.79	365.30	350.23	339.29	335.09	335.00	334.31	334.59	331.07	321.12	307.36	294.40	280.51	271.11	269.10	271.44	272.65	274.41	271.46	260.83	245.29	230.54	215.31	201.89	191.94	184.18	175.70	167.13	158.19	148.46	138.29	128.51	119.00	109.71	100.72	92.04	83.61	75.41	67.75	60.74	54.29	48.16	42.40	37.00	31.92	132.45
1957.00	1201.30	1116.88	1098.08	997.21	904.75	820.81	745.50	677.77	616.57	567.82	533.93	511.54	494.43	483.30	475.24	467.98	462.30	460.10	459.65	463.34	472.11	483.47	495.05	508.65	512.65	501.43	480.57	460.76	439.25	423.00	416.35	415.56	413.04	410.92	405.20	393.31	377.82	363.29	348.20	337.21	332.92	332.72	331.93	332.10	328.50	318.53	304.78	291.82	277.94	268.50	266.39	268.59	269.66	271.27	268.19	257.47	241.87	227.05	211.75	198.20	188.04	180.02	171.30	162.50	153.36	143.47	133.20	123.32	113.73	104.42	95.48	86.91	78.60	70.56	63.07	56.25	50.00	44.10	38.58	33.44	143.88
1958.00	1218.74	1157.87	1093.85	1075.63	986.08	901.15	821.54	747.98	679.44	614.91	563.80	530.31	509.94	493.55	482.43	474.41	467.30	461.81	459.74	459.35	463.08	471.85	483.16	494.68	508.20	512.13	500.85	479.95	460.08	438.50	422.17	415.40	414.47	411.82	409.55	403.71	391.75	376.21	361.64	346.50	335.45	331.08	330.77	329.88	329.94	326.26	316.26	302.50	289.53	275.63	266.15	263.94	266.00	266.94	268.39	265.18	254.36	238.68	223.77	208.39	194.70	184.33	176.04	167.06	158.02	148.66	138.62	128.23	118.25	108.57	99.22	90.32	81.85	73.67	65.78	58.45	51.82	45.76	40.08	34.79	153.43
1959.00	1233.86	1194.58	1146.44	1091.03	1052.80	974.62	897.25	822.01	750.23	680.91	613.06	559.61	526.53	508.18	492.52	481.42	473.44	466.47	461.18	459.22	458.91	462.68	471.43	482.69	494.15	507.60	511.45	500.12	479.17	459.25	437.62	421.20	414.32	413.25	410.46	408.05	402.09	390.07	374.49	359.88	344.70	333.60	329.13	328.72	327.72	327.67	323.92	313.88	300.13	287.14	273.24	263.72	261.41	263.33	264.12	265.43	262.08	251.17	235.42	220.42	204.96	191.14	180.54	171.99	162.76	153.48	143.92	133.71	123.21	113.13	103.36	93.99	85.13	76.76	68.70	60.96	53.81	47.35	41.50	36.03	160.45
1960.00	1250.22	1227.52	1192.14	1146.02	1091.09	1029.29	962.54	892.80	821.98	752.02	681.96	610.82	555.06	522.41	506.10	491.18	480.11	472.17	465.35	460.26	458.42	458.19	461.99	470.73	481.93	493.33	506.68	510.45	499.07	478.10	458.14	436.46	419.97	412.98	411.78	408.85	406.29	400.23	388.14	372.53	357.89	342.68	331.53	326.98	326.46	325.35	325.19	321.36	311.31	297.56	284.57	270.67	261.11	258.71	260.49	261.14	262.29	258.82	247.82	232.00	216.92	201.39	187.45	176.65	167.83	158.36	148.84	139.07	128.72	118.11	107.93	98.08	88.68	79.88	71.62	63.68	56.10	49.12	42.86	37.20	164.62
1961.00	1271.38	1247.15	1220.61	1183.23	1136.61	1082.38	1022.47	958.84	891.40	821.06	750.47	680.36	609.42	553.83	521.37	505.25	490.46	479.47	471.58	464.78	459.68	457.81	457.53	461.27	469.92	481.03	492.32	505.56	509.23	497.78	476.76	456.74	435.01	418.45	411.38	410.09	407.08	404.44	398.31	386.18	370.55	355.88	340.65	329.46	324.84	324.24	323.05	322.79	318.89	308.81	295.06	282.06	268.14	258.50	255.90	257.42	257.82	258.71	254.97	243.73	227.68	212.38	196.63	182.47	171.44	162.39	152.72	143.02	133.15	122.81	112.30	102.24	92.54	83.33	74.73	66.70	59.02	51.72	45.04	39.08	179.34
1962.00	1296.85	1286.40	1243.35	1212.98	1173.62	1126.55	1073.04	1015.07	954.58	889.48	819.68	748.49	678.37	607.66	552.28	520.04	504.11	489.46	478.55	470.72	463.94	458.83	456.94	456.61	460.28	468.84	479.86	491.04	504.15	507.72	496.21	475.14	455.07	433.30	416.69	409.54	408.17	405.08	402.36	396.16	384.00	368.35	353.67	338.43	327.21	322.53	321.84	320.56	320.20	316.23	306.13	292.39	279.38	265.45	255.73	252.94	254.20	254.34	254.97	250.98	239.50	223.23	207.71	191.76	177.39	166.12	156.85	146.99	137.12	127.15	116.83	106.42	96.49	86.95	77.92	69.54	61.74	54.33	47.30	40.93	191.94
1963.00	1324.94	1312.14	1288.86	1239.15	1204.98	1163.65	1116.13	1063.37	1007.34	950.03	887.28	818.03	746.28	676.17	605.72	550.56	518.53	502.82	488.30	477.49	469.71	462.96	457.85	455.92	455.55	459.14	467.62	478.53	489.59	502.58	506.05	494.48	473.37	453.27	431.46	414.80	407.58	406.12	402.95	400.14	393.88	381.70	366.04	351.35	336.10	324.85	320.11	319.33	317.97	317.51	313.47	303.35	289.63	276.61	262.68	252.88	249.91	250.91	250.79	251.16	246.91	235.19	218.71	202.97	186.82	172.25	160.76	151.27	141.22	131.17	121.11	110.82	100.52	90.72	81.33	72.49	64.32	56.77	49.62	42.88	202.27
1964.00	1352.84	1336.06	1311.80	1280.75	1235.27	1197.28	1153.98	1106.00	1053.97	999.88	945.71	885.31	816.59	744.25	674.14	603.93	548.98	517.16	501.64	487.26	476.54	468.82	462.09	456.97	455.02	454.59	458.12	466.51	477.32	488.27	501.14	504.51	492.87	471.73	451.57	429.72	413.01	405.72	404.17	400.92	398.03	391.71	379.49	363.83	349.11	333.86	322.58	317.77	316.91	315.46	314.90	310.79	300.65	286.94	273.91	259.98	250.10	246.94	247.68	247.31	247.41	242.90	230.95	214.25	198.29	181.94	167.15	155.44	145.73	135.49	125.26	115.11	104.84	94.64	84.97	75.73	67.08	59.13	51.81	44.92	210.41
1965.00	1378.32	1358.41	1333.51	1303.92	1269.95	1231.90	1190.08	1144.78	1096.32	1045.00	992.82	941.78	883.70	815.48	742.53	672.38	602.38	547.62	516.00	500.68	486.43	475.79	468.12	461.41	456.28	454.30	453.83	457.28	465.59	476.31	487.15	499.91	503.17	491.47	470.28	450.07	428.16	411.39	404.02	402.39	399.05	396.09	389.70	377.44	361.76	347.02	331.75	320.43	315.56	314.62	313.09	312.42	308.23	298.08	284.37	271.33	257.38	247.42	244.07	244.55	243.92	243.76	238.99	226.80	209.87	193.69	177.13	162.12	150.18	140.25	129.81	119.40	109.16	98.90	88.80	79.25	70.17	61.70	53.95	46.87	216.18
1966.00	1400.46	1372.97	1351.66	1326.16	1296.63	1263.25	1226.31	1186.13	1142.08	1094.01	1042.53	990.45	939.60	881.73	813.80	741.16	671.28	601.52	546.92	515.37	500.03	485.76	475.08	467.36	460.60	455.43	453.38	452.84	456.20	464.40	474.98	485.70	498.32	501.48	489.72	468.51	448.28	426.36	409.54	402.10	400.37	396.93	393.87	387.41	375.13	359.46	344.73	329.46	318.11	313.14	312.06	310.39	309.54	305.22	294.98	281.21	268.09	254.07	243.90	240.13	240.06	238.91	238.21	233.02	220.58	203.52	187.22	170.55	155.50	143.56	133.68	123.32	113.04	102.97	92.93	83.09	73.82	65.04	56.91	49.53	235.33
1967.00	1420.30	1397.51	1367.61	1344.88	1318.78	1289.33	1256.52	1220.69	1182.17	1139.37	1091.68	1040.05	988.07	937.40	879.75	812.10	739.78	670.16	600.64	546.21	514.73	499.38	485.09	474.36	466.58	459.78	454.57	452.46	451.84	455.12	463.20	473.66	484.24	496.72	499.77	487.96	466.73	446.48	424.54	407.69	400.17	398.34	394.81	391.64	385.11	372.82	357.16	342.43	327.16	315.78	310.71	309.50	307.68	306.67	302.20	291.88	278.04	264.84	250.76	240.38	236.19	235.56	233.88	232.66	227.04	214.35	197.16	180.73	163.97	148.87	136.93	127.10	116.83	106.67	96.77	86.95	77.38	68.39	59.92	52.11	252.79
1968.00	1439.57	1415.73	1391.08	1362.05	1337.91	1311.22	1281.83	1249.62	1214.90	1178.04	1136.50	1089.20	1037.43	985.55	935.08	877.64	810.29	738.30	668.95	599.69	545.43	514.01	498.66	484.34	473.57	465.74	458.90	453.64	451.47	450.78	453.97	461.93	472.26	482.72	495.05	498.00	486.14	464.89	444.62	422.67	405.78	398.18	396.25	392.63	389.36	382.76	370.45	354.81	340.08	324.82	313.40	308.24	306.90	304.93	303.74	299.13	288.73	274.83	261.55	247.41	236.83	232.21	231.03	228.82	227.07	221.03	208.08	190.77	174.22	157.36	142.21	130.28	120.49	110.31	100.29	90.56	80.96	71.64	62.94	54.77	268.02
1969.00	1460.40	1434.75	1409.25	1383.56	1355.75	1330.22	1302.95	1273.64	1242.03	1208.45	1173.27	1133.01	1086.12	1034.24	982.50	932.25	875.06	808.04	736.41	667.38	598.40	544.35	513.02	497.67	483.34	472.53	464.65	457.77	452.47	450.24	449.48	452.57	460.41	470.61	480.93	493.12	495.96	484.05	462.80	442.51	420.56	403.65	395.98	393.95	390.23	386.86	380.20	367.88	352.26	337.55	322.29	310.85	305.60	304.12	302.01	300.65	295.91	285.43	271.47	258.13	243.93	233.15	228.10	226.36	223.64	221.35	214.89	201.70	184.27	167.61	150.66	135.48	123.55	113.82	103.74	93.84	84.29	74.92	65.87	57.46	280.65
1970.00	1484.05	1455.31	1427.81	1401.10	1374.76	1348.35	1321.45	1293.62	1264.42	1233.44	1201.03	1167.54	1128.59	1082.17	1030.21	978.64	928.65	871.77	805.13	733.92	665.27	596.63	542.83	511.61	496.27	481.94	471.10	463.18	456.26	450.93	448.64	447.81	450.81	458.52	468.58	478.75	490.78	493.51	481.57	460.33	440.05	418.11	401.19	393.45	391.33	387.52	384.05	377.33	365.02	349.43	334.74	319.51	308.05	302.71	301.10	298.85	297.32	292.44	281.89	267.90	254.49	240.25	229.28	223.82	221.52	218.28	215.47	208.58	195.16	177.63	160.87	143.85	128.64	116.73	107.06	97.08	87.33	77.97	68.83	60.05	290.38
1971.00	1516.47	1477.08	1448.35	1421.00	1394.56	1368.58	1342.63	1316.29	1288.94	1260.06	1229.29	1197.12	1163.89	1125.23	1079.19	1027.65	976.48	926.87	870.27	803.79	732.65	664.05	595.45	541.65	510.41	495.02	480.63	469.69	461.68	454.68	449.27	446.89	445.97	448.84	456.38	466.22	476.19	488.00	490.56	478.52	457.23	436.90	414.91	397.92	390.09	387.86	383.94	380.35	373.53	361.14	345.50	330.73	315.41	303.79	298.18	296.21	293.59	291.66	286.40	275.52	261.22	247.50	233.00	221.61	215.48	212.40	208.43	204.89	197.58	184.19	166.99	150.57	133.97	119.16	107.58	98.21	88.60	79.26	70.36	61.77	304.99
1972.00	1551.77	1512.17	1468.55	1439.85	1412.68	1386.54	1360.95	1335.49	1309.73	1282.89	1254.35	1223.82	1191.94	1158.99	1120.68	1075.06	1024.00	973.27	924.09	867.85	801.60	730.60	662.13	593.63	539.89	508.66	493.25	478.80	467.78	459.68	452.61	447.13	444.66	443.65	446.39	453.74	463.36	473.11	484.70	487.09	474.97	453.65	433.28	411.26	394.22	386.31	383.97	379.96	376.24	369.32	356.88	341.19	326.36	310.98	299.20	293.32	291.00	288.01	285.69	280.05	268.85	254.25	240.24	225.49	213.69	206.91	203.05	198.35	194.10	186.36	173.01	156.17	140.11	123.94	109.55	98.31	89.24	80.01	71.09	62.67	314.11
1973.00	1586.12	1541.01	1500.75	1459.16	1430.51	1403.53	1377.70	1352.52	1327.56	1302.41	1276.09	1247.92	1217.65	1186.07	1153.42	1115.47	1070.31	1019.75	969.50	920.78	864.92	798.94	728.12	659.82	591.46	537.81	506.62	491.19	476.70	465.60	457.42	450.28	444.73	442.18	441.08	443.68	450.84	460.24	469.77	481.12	483.33	471.13	449.80	429.41	407.37	390.30	382.31	379.86	375.74	371.91	364.90	352.41	336.69	321.80	306.36	294.44	288.29	285.62	282.27	279.54	273.54	262.02	247.14	232.84	217.86	205.66	198.23	193.58	188.17	183.19	175.04	161.73	145.26	129.57	113.84	99.88	88.98	80.23	71.38	62.88	316.54
1974.00	1614.35	1566.40	1523.69	1485.57	1449.89	1421.28	1394.49	1368.98	1344.19	1319.73	1295.18	1269.39	1241.57	1211.56	1180.29	1147.94	1110.35	1065.64	1015.58	965.80	917.54	862.05	796.34	725.70	657.56	589.34	535.78	504.61	489.17	474.63	463.45	455.19	447.98	442.36	439.73	438.54	441.01	447.98	457.15	466.46	477.57	479.61	467.34	445.99	425.57	403.51	386.40	378.33	375.79	371.56	367.61	360.50	347.96	332.21	317.27	301.77	289.71	283.29	280.26	276.55	273.43	267.05	255.22	240.06	225.47	210.25	197.65	189.56	184.13	178.00	172.31	163.74	150.48	134.37	119.05	103.75	90.22	79.68	71.23	62.77	311.37
1975.00	1633.15	1586.37	1544.35	1506.55	1472.38	1441.30	1412.73	1386.12	1360.90	1336.51	1312.54	1288.58	1263.30	1235.82	1206.06	1175.07	1143.00	1105.75	1061.47	1011.90	962.56	914.73	859.60	794.12	723.62	655.61	587.50	534.00	502.85	487.38	472.78	461.52	453.18	445.89	440.21	437.48	436.20	438.55	445.33	454.28	463.37	474.26	476.12	463.76	442.39	421.94	399.85	382.69	374.54	371.89	367.56	363.49	356.29	343.69	327.90	312.90	297.33	285.12	278.43	275.05	270.97	267.45	260.69	248.55	233.09	218.21	202.74	189.74	180.99	174.78	167.93	161.51	152.53	139.30	123.55	108.60	93.73	80.62	70.41	62.27	297.94
1976.00	1636.83	1616.94	1574.69	1535.84	1500.02	1466.88	1435.87	1406.45	1379.18	1354.06	1330.19	1306.26	1282.07	1256.49	1228.70	1198.59	1167.23	1134.78	1097.20	1052.69	1002.97	953.50	905.54	850.44	785.21	715.11	647.50	579.83	526.75	495.94	480.77	466.50	455.56	447.50	440.44	434.95	432.40	431.29	433.76	440.58	449.53	458.61	469.46	471.34	459.10	437.91	417.61	395.68	378.62	370.47	367.76	363.37	359.21	351.94	339.34	323.55	308.54	292.96	280.63	273.68	269.93	265.50	261.62	254.56	242.20	226.59	211.57	196.00	182.86	173.89	167.42	160.37	153.77	144.77	131.78	116.44	101.91	87.50	74.84	65.04	323.82
1977.00	1631.92	1602.07	1602.47	1564.71	1528.97	1495.10	1462.94	1431.97	1401.67	1373.71	1348.67	1325.30	1301.39	1276.93	1251.04	1222.89	1192.41	1160.65	1127.78	1089.84	1045.05	995.12	945.46	897.33	842.20	777.14	707.37	640.10	572.80	520.07	489.57	474.69	460.72	450.09	442.30	435.47	430.16	427.79	426.85	429.43	436.31	445.27	454.34	465.16	467.07	454.93	433.90	413.73	391.93	374.94	366.79	364.03	359.57	355.32	347.98	335.35	319.56	304.51	288.90	276.45	269.22	265.12	260.33	256.08	248.70	236.12	220.35	205.17	189.48	176.18	166.97	160.25	152.99	146.20	137.17	124.42	109.47	95.35	81.38	69.16	347.85
1978.00	1624.95	1606.79	1586.61	1589.25	1555.94	1523.29	1491.34	1460.14	1429.19	1397.98	1369.31	1344.33	1321.43	1297.52	1272.79	1246.55	1218.03	1187.15	1154.96	1121.66	1083.32	1038.21	988.04	938.16	889.81	834.61	769.68	700.17	633.19	566.20	513.79	483.59	468.98	455.29	444.96	437.45	430.84	425.70	423.50	422.74	425.44	432.38	441.35	450.43	461.23	463.15	451.12	430.22	410.17	388.48	371.56	363.40	360.58	356.05	351.71	344.29	331.62	315.82	300.73	285.07	272.48	264.98	260.51	255.37	250.74	243.03	230.22	214.28	198.93	183.11	169.64	160.19	153.21	145.74	138.74	129.69	117.14	102.58	88.85	75.32	370.79
1979.00	1625.02	1615.41	1601.87	1584.83	1576.50	1547.64	1518.07	1488.04	1457.79	1426.84	1394.72	1365.33	1340.40	1317.97	1294.05	1269.03	1242.45	1213.54	1182.25	1149.63	1115.87	1077.12	1031.69	981.26	931.14	882.56	827.27	762.45	693.19	626.47	559.78	507.67	477.75	463.40	450.00	439.97	432.72	426.33	421.37	419.35	418.75	421.58	428.58	437.56	446.65	457.43	459.38	447.44	426.67	406.74	385.16	368.30	360.12	357.24	352.64	348.19	340.70	327.99	312.17	297.03	281.33	268.60	260.81	255.98	250.47	245.47	237.44	224.39	208.26	192.74	176.78	163.14	153.46	146.21	138.52	131.32	122.23	109.90	95.72	82.38	394.11
1980.00	1638.59	1631.47	1619.98	1604.59	1585.74	1563.88	1539.48	1512.99	1484.87	1455.57	1424.62	1391.58	1361.47	1336.58	1314.63	1290.70	1265.39	1238.46	1209.16	1177.46	1144.40	1110.19	1071.03	1025.26	974.57	924.20	875.38	820.00	755.29	686.26	619.79	553.39	501.58	471.94	457.86	444.75	435.02	428.03	421.86	417.07	415.22	414.80	417.75	424.81	433.81	442.91	453.68	455.65	443.80	423.17	403.34	381.86	365.06	356.87	353.92	349.25	344.71	337.14	324.39	308.54	293.35	277.61	264.73	256.67	251.46	245.59	240.22	231.86	218.57	202.26	186.57	170.47	156.65	146.72	139.21	131.30	123.90	114.78	102.66	88.86	418.23
1981.00	1666.70	1637.62	1626.83	1613.19	1596.89	1578.14	1557.39	1535.12	1510.13	1482.07	1451.96	1420.71	1387.58	1357.44	1332.65	1310.86	1287.07	1261.90	1235.04	1205.72	1173.93	1140.79	1106.51	1067.29	1021.53	970.87	920.52	871.72	816.41	751.82	682.96	616.66	550.43	498.75	469.17	455.11	442.02	432.29	425.32	419.17	414.41	412.57	412.16	415.09	422.05	430.94	439.91	450.53	452.39	440.50	419.86	400.00	378.49	361.62	353.33	350.23	345.41	340.70	332.94	319.99	303.91	288.50	272.54	259.38	250.92	245.25	238.94	233.11	224.44	211.06	194.80	179.18	163.21	149.45	139.43	131.77	123.78	116.31	107.31	95.59	458.82
1982.00	1707.26	1684.35	1636.37	1621.91	1606.12	1588.93	1570.27	1550.63	1530.49	1507.01	1479.02	1448.10	1416.55	1383.33	1353.18	1328.49	1306.87	1283.22	1258.19	1231.42	1202.07	1170.19	1136.99	1102.63	1063.38	1017.62	967.00	916.69	867.92	812.67	748.23	679.55	613.42	547.37	495.83	466.32	452.28	439.21	429.49	422.53	416.40	411.68	409.85	409.45	412.35	419.23	427.99	436.83	447.31	449.06	437.13	416.48	396.60	375.05	358.12	349.72	346.48	341.50	336.63	328.68	315.54	299.24	283.60	267.44	253.99	245.12	238.99	232.24	225.97	216.99	203.51	187.32	171.76	155.92	142.22	132.12	124.31	116.24	108.70	99.82	499.25
1983.00	1754.71	1718.20	1685.02	1635.11	1616.98	1599.04	1580.96	1562.40	1543.87	1525.86	1503.88	1475.96	1444.24	1412.38	1379.08	1348.91	1324.33	1302.88	1279.37	1254.49	1227.79	1198.42	1166.46	1133.18	1098.76	1059.46	1013.71	963.13	912.85	864.11	808.94	744.63	676.13	610.18	544.31	492.91	463.47	449.45	436.40	426.69	419.74	413.64	408.94	407.13	406.74	409.61	416.40	425.04	433.75	444.08	445.73	433.75	413.10	393.20	371.62	354.62	346.11	342.73	337.60	332.56	324.43	311.08	294.56	278.70	262.33	248.60	239.33	232.74	225.55	218.83	209.53	195.97	179.83	164.34	148.63	134.99	124.81	116.85	108.70	101.09	536.70
1984.00	1801.03	1752.87	1710.88	1674.34	1634.31	1612.51	1592.41	1573.43	1554.97	1537.54	1521.65	1501.18	1473.31	1440.78	1408.61	1375.22	1345.02	1320.53	1299.25	1275.88	1251.13	1224.50	1195.10	1163.05	1129.70	1095.19	1055.84	1010.08	959.53	909.27	860.54	805.43	741.25	672.90	607.10	541.40	490.13	460.75	446.74	433.71	424.01	417.07	411.00	406.32	404.53	404.15	406.98	413.69	422.20	430.79	440.98	442.52	430.50	409.84	389.90	368.28	351.22	342.60	339.07	333.79	328.59	320.27	306.71	289.97	273.88	257.30	243.28	233.60	226.55	218.92	211.74	202.14	188.48	172.39	156.97	141.38	127.80	117.54	109.43	101.19	568.35
1985.00	1839.89	1785.39	1738.40	1698.08	1663.56	1633.99	1608.50	1586.24	1566.36	1547.99	1531.66	1517.89	1498.91	1471.09	1437.74	1405.25	1371.76	1341.52	1317.12	1296.00	1272.76	1248.13	1221.57	1192.13	1159.97	1126.53	1091.94	1052.53	1006.74	956.20	905.95	857.22	802.16	738.07	669.87	604.21	538.65	487.49	458.16	444.17	431.15	421.45	414.52	408.47	403.82	402.04	401.67	404.47	411.10	419.49	427.96	438.01	439.44	427.37	406.69	386.72	365.06	347.92	339.19	335.52	330.08	324.71	316.20	302.43	285.46	269.14	252.34	238.02	227.94	220.43	212.35	204.72	194.80	181.05	165.01	149.64	134.18	120.64	110.29	102.04	593.06
1986.00	1866.06	1827.83	1778.14	1734.31	1695.73	1661.82	1631.75	1604.67	1581.22	1561.28	1543.54	1527.29	1513.28	1494.18	1466.45	1433.29	1400.98	1367.65	1337.53	1313.16	1292.01	1268.75	1244.13	1217.53	1188.03	1155.79	1122.28	1087.61	1048.17	1002.45	952.04	901.92	853.32	798.40	734.47	666.43	600.93	535.53	484.50	455.28	441.37	428.41	418.77	411.86	405.79	401.11	399.27	398.85	401.54	407.98	416.15	424.38	434.17	435.41	423.27	402.60	382.62	360.94	343.69	334.67	330.59	324.76	318.99	310.12	296.07	278.87	262.32	245.31	230.76	220.41	212.59	204.26	196.38	186.34	172.65	156.80	141.66	126.47	113.18	102.98	630.61
1987.00	1882.79	1834.81	1816.50	1771.60	1730.90	1694.06	1660.75	1630.16	1601.48	1576.83	1556.83	1539.70	1523.52	1509.27	1490.04	1462.38	1429.42	1397.27	1364.09	1334.08	1309.72	1288.53	1265.25	1240.61	1213.98	1184.41	1152.08	1118.47	1083.71	1044.24	998.57	948.27	898.25	849.76	794.95	731.16	663.25	597.88	532.62	481.71	452.58	438.74	425.85	416.25	409.36	403.28	398.56	396.67	396.18	398.77	405.03	412.98	420.98	430.50	431.55	419.35	398.68	378.67	356.98	339.60	330.28	325.79	319.58	313.40	304.16	289.83	272.39	255.61	238.39	223.60	212.96	204.84	196.25	188.12	177.96	164.33	148.67	133.74	118.82	105.77	662.66
1988.00	1892.75	1854.48	1818.22	1805.61	1765.50	1727.92	1692.80	1660.08	1628.98	1598.69	1572.82	1552.76	1536.25	1520.14	1505.64	1486.27	1458.68	1425.90	1393.89	1360.87	1330.95	1306.60	1285.37	1262.06	1237.41	1210.73	1181.07	1148.64	1114.94	1080.07	1040.56	994.92	944.72	894.79	846.40	791.71	728.03	660.23	594.99	529.84	479.04	450.00	436.23	423.39	413.84	406.97	400.87	396.10	394.16	393.62	396.10	402.19	409.92	417.68	426.94	427.79	415.52	394.85	374.81	353.10	335.59	325.97	321.08	314.47	307.88	298.28	283.66	265.98	248.96	231.52	216.49	205.56	197.14	188.28	179.90	169.62	156.04	140.57	125.85	111.20	690.59
1989.00	1900.26	1872.20	1843.22	1813.54	1794.68	1759.36	1724.90	1691.50	1659.38	1627.76	1595.86	1568.78	1548.65	1532.76	1516.72	1501.97	1482.47	1454.94	1422.35	1390.49	1357.61	1327.79	1303.46	1282.18	1258.85	1234.17	1207.45	1177.71	1145.18	1111.38	1076.42	1036.85	991.26	941.15	891.32	843.03	788.44	724.88	657.20	592.08	527.05	476.36	447.40	433.70	420.92	411.41	404.56	398.45	393.64	391.65	391.04	393.41	399.32	406.84	414.37	423.36	424.03	411.68	391.01	370.94	349.21	331.57	321.65	316.35	309.35	302.36	292.40	277.48	259.56	242.30	224.64	209.38	198.15	189.44	180.31	171.68	161.27	147.75	132.46	117.95	716.67
1990.00	1907.73	1888.24	1865.59	1840.28	1812.75	1783.49	1752.96	1721.63	1689.97	1658.44	1626.30	1592.80	1564.51	1544.32	1529.05	1513.08	1498.09	1478.45	1450.99	1418.60	1386.89	1354.16	1324.44	1300.12	1278.80	1255.45	1230.76	1204.00	1174.18	1141.55	1107.66	1072.60	1033.00	987.45	937.45	887.72	839.53	785.06	721.62	654.08	589.08	524.19	473.61	444.74	431.11	418.39	408.93	402.09	395.97	391.12	389.07	388.41	390.67	396.41	403.70	411.00	419.73	420.20	407.79	387.11	367.02	345.27	327.50	317.28	311.58	304.18	296.79	286.46	271.26	253.10	235.60	217.73	202.23	190.72	181.70	172.31	163.43	152.90	139.44	124.34	741.96
1991.00	1921.47	1901.84	1883.84	1862.27	1837.67	1810.55	1781.39	1750.65	1719.18	1687.66	1656.40	1624.36	1590.88	1562.38	1541.69	1525.73	1509.09	1493.43	1473.19	1445.22	1412.43	1380.34	1347.22	1317.40	1293.42	1272.71	1249.96	1225.94	1199.76	1170.35	1138.02	1104.46	1069.75	1030.41	984.99	935.04	885.34	837.16	782.71	719.35	651.92	586.99	522.16	471.61	442.75	429.10	416.34	406.83	399.91	393.69	388.70	386.50	385.67	387.72	393.20	400.20	407.20	415.60	415.76	403.10	382.19	361.86	339.89	321.82	311.17	304.96	297.09	289.22	278.52	263.15	244.95	227.41	209.57	194.02	182.35	173.11	163.56	154.55	144.05	130.87	787.98
1992.00	1937.71	1924.35	1895.49	1878.99	1858.50	1834.62	1807.93	1778.88	1747.92	1716.33	1684.95	1653.98	1622.04	1588.58	1559.89	1538.70	1522.05	1504.74	1488.42	1467.57	1439.11	1405.93	1373.47	1339.96	1310.06	1286.41	1266.31	1244.18	1220.82	1195.23	1166.25	1134.21	1101.00	1066.65	1027.57	982.31	932.41	882.76	834.58	780.18	716.91	649.60	584.77	520.00	469.50	440.65	426.98	414.20	404.63	397.64	391.31	386.18	383.83	382.84	384.68	389.90	396.61	403.30	411.37	411.23	398.31	377.17	356.61	334.42	316.06	304.98	298.27	289.92	281.57	270.52	254.98	236.73	219.17	201.35	185.77	173.94	164.48	154.78	145.62	135.15	832.25
1993.00	1940.51	1930.42	1916.22	1888.65	1873.65	1854.24	1831.08	1804.82	1775.88	1744.73	1713.02	1681.80	1651.11	1619.28	1585.86	1556.99	1535.31	1517.96	1499.99	1483.02	1461.56	1432.62	1399.06	1366.23	1332.35	1302.36	1279.05	1259.58	1238.07	1215.39	1190.39	1161.83	1130.11	1097.24	1063.26	1024.47	979.36	929.54	879.94	831.79	777.43	714.28	647.11	582.39	517.70	467.26	438.44	424.76	411.94	402.33	395.26	388.82	383.56	381.06	379.90	381.54	386.50	392.91	399.29	407.03	406.58	393.41	372.06	351.27	328.87	310.22	298.71	291.50	282.68	273.85	262.44	246.74	228.46	210.87	193.09	177.47	165.48	155.81	145.95	136.66	872.73
1994.00	1908.95	1910.58	1906.75	1897.94	1882.01	1868.51	1850.19	1827.75	1801.91	1773.09	1741.73	1709.90	1678.83	1648.42	1616.70	1583.31	1554.25	1532.08	1514.04	1495.41	1477.77	1455.72	1426.28	1392.35	1359.15	1324.88	1294.82	1271.84	1252.99	1232.10	1210.08	1185.68	1157.55	1126.13	1093.61	1059.99	1021.47	976.52	926.77	877.22	829.09	774.78	711.72	644.69	580.07	515.47	465.08	436.27	422.58	409.73	400.07	392.92	386.38	380.99	378.33	377.01	378.44	383.15	389.26	395.33	402.73	401.98	388.56	366.99	345.97	323.36	304.41	292.48	284.77	275.47	266.16	254.40	238.52	220.21	202.60	184.84	169.20	157.04	147.16	137.15	906.98
1995.00	1830.71	1856.39	1873.00	1881.31	1882.08	1876.08	1864.07	1846.83	1825.11	1799.67	1770.96	1739.39	1707.42	1676.49	1646.36	1614.73	1581.36	1552.10	1529.42	1510.69	1491.39	1473.09	1450.42	1420.49	1386.15	1352.57	1317.92	1287.75	1265.11	1246.87	1226.59	1205.24	1181.42	1153.69	1122.57	1090.38	1057.12	1018.87	974.05	924.34	874.83	826.70	772.41	709.44	642.52	577.97	513.42	463.07	434.27	420.56	407.68	397.96	390.74	384.08	378.56	375.75	374.26	375.49	379.93	385.76	391.52	398.59	397.54	383.86	362.05	340.80	317.97	298.72	286.35	278.14	268.37	258.57	246.45	230.40	212.05	194.40	176.67	160.99	148.67	138.56	933.81
1996.00	1691.23	1817.43	1849.29	1869.85	1880.23	1881.57	1874.62	1860.12	1841.15	1819.60	1795.46	1767.25	1735.82	1703.76	1672.39	1641.61	1609.36	1575.37	1545.55	1522.40	1503.30	1483.63	1464.96	1442.16	1412.44	1378.57	1345.45	1311.30	1281.59	1259.27	1241.26	1221.25	1200.17	1176.61	1149.09	1118.15	1086.13	1053.04	1014.90	970.12	920.43	870.91	822.74	768.49	705.68	638.99	574.65	510.29	460.05	431.26	417.48	404.51	394.67	387.32	380.54	374.87	371.89	370.22	371.15	375.12	380.35	385.52	391.98	390.42	376.42	354.40	332.93	309.93	290.45	277.77	269.21	259.13	249.05	236.76	220.72	202.49	184.99	167.47	151.97	139.75	976.50
1997.00	1507.62	1628.18	1807.28	1845.38	1869.92	1882.39	1884.29	1876.38	1859.37	1838.64	1817.23	1794.34	1766.59	1735.24	1703.03	1671.18	1639.69	1606.77	1572.10	1541.66	1518.01	1498.50	1478.43	1459.35	1436.38	1406.83	1373.35	1340.64	1306.95	1277.64	1255.60	1237.79	1218.01	1197.18	1173.82	1146.47	1115.66	1083.76	1050.77	1012.68	967.88	918.10	868.49	820.20	765.90	703.14	636.56	572.31	508.03	457.83	428.99	415.12	402.05	392.07	384.57	377.65	371.83	368.68	366.83	367.46	370.95	375.59	380.19	386.04	383.97	369.62	347.36	325.64	302.42	282.69	269.67	260.74	250.35	239.96	227.48	211.42	193.28	175.91	158.56	143.21	1015.45
1998.00	1315.78	1488.75	1627.66	1798.49	1842.87	1871.41	1885.98	1888.46	1879.57	1860.03	1837.52	1816.24	1794.58	1767.27	1735.97	1703.59	1671.23	1639.01	1605.39	1570.02	1538.93	1514.75	1494.83	1474.34	1454.84	1431.69	1402.28	1369.18	1336.84	1303.58	1274.65	1252.88	1235.25	1215.69	1195.09	1171.92	1144.72	1114.01	1082.20	1049.29	1011.23	966.36	916.46	866.73	818.28	763.88	701.13	634.62	570.40	506.15	455.95	427.05	413.07	399.88	389.76	382.11	375.05	369.07	365.73	363.71	364.04	367.05	371.12	375.14	380.39	377.81	363.10	340.58	318.59	295.13	275.12	261.76	252.46	241.73	231.04	218.36	202.27	184.20	166.94	149.76	1050.75
1999.00	1166.10	1369.34	1534.88	1665.89	1788.19	1838.82	1871.35	1888.01	1891.06	1881.21	1859.15	1834.87	1813.73	1793.33	1766.48	1735.27	1702.74	1669.89	1636.97	1602.68	1566.63	1534.92	1510.24	1489.91	1469.02	1449.11	1425.79	1396.56	1363.85	1331.93	1299.12	1270.60	1249.11	1231.69	1212.36	1192.00	1169.05	1142.01	1111.43	1079.74	1046.95	1008.93	964.04	914.06	864.24	815.68	761.22	698.53	632.14	568.02	503.85	453.68	424.75	410.68	397.38	387.12	379.33	372.12	366.00	362.48	360.28	360.31	362.85	366.32	369.77	374.41	371.32	356.26	333.50	311.26	287.58	267.32	253.62	243.95	232.91	221.91	209.04	192.93	174.96	157.82	1082.98
2000.00	1094.15	1292.00	1456.40	1589.98	1695.34	1775.12	1831.93	1868.39	1887.12	1890.73	1879.93	1855.38	1829.39	1808.42	1789.30	1762.95	1731.88	1699.26	1665.97	1632.40	1597.48	1560.82	1528.54	1503.39	1482.69	1461.43	1441.15	1417.70	1388.68	1356.42	1324.96	1292.66	1264.59	1243.41	1226.21	1207.15	1187.07	1164.37	1137.54	1107.13	1075.61	1042.98	1005.07	960.22	910.24	860.41	811.82	757.39	694.85	628.69	564.76	500.77	450.72	421.80	407.65	394.27	383.89	375.96	368.63	362.36	358.67	356.30	356.03	358.08	360.97	363.82	367.86	364.26	348.87	325.90	303.45	279.59	259.11	245.10	235.07	223.72	212.44	199.41	183.29	165.45	1113.02
2001.00	1123.46	1133.81	1302.13	1448.08	1572.45	1676.00	1761.32	1831.02	1876.79	1895.81	1894.27	1881.96	1857.76	1831.84	1810.52	1790.77	1763.82	1732.17	1698.94	1665.04	1630.89	1595.39	1558.12	1525.53	1500.53	1480.27	1459.45	1439.64	1416.62	1387.90	1355.85	1324.65	1292.62	1264.79	1243.78	1226.70	1207.75	1187.74	1165.13	1138.44	1108.19	1076.77	1044.20	1006.33	961.49	911.47	861.58	812.91	758.20	695.07	628.13	563.42	498.63	447.88	418.46	403.97	390.20	379.42	371.17	363.60	357.15	353.30	350.83	350.29	351.82	354.04	356.27	359.66	355.61	340.08	317.16	294.76	270.99	250.50	236.29	225.96	214.37	202.87	189.78	173.83	1172.38
2002.00	1228.94	1295.78	1169.38	1307.44	1434.34	1549.00	1650.35	1740.92	1823.28	1878.24	1897.47	1890.77	1876.99	1853.24	1827.48	1805.88	1785.57	1758.14	1726.02	1692.30	1657.91	1623.30	1587.35	1549.62	1516.84	1492.07	1472.33	1452.02	1432.77	1410.27	1381.96	1350.24	1319.40	1287.78	1260.28	1239.52	1222.63	1203.85	1183.99	1161.56	1135.11	1105.13	1073.93	1041.54	1003.84	959.18	909.32	859.54	810.98	756.19	692.71	625.23	559.99	494.62	443.36	413.56	398.78	384.68	373.53	364.97	357.20	350.60	346.60	344.03	343.23	344.23	345.77	347.36	350.10	345.61	329.99	307.21	284.93	261.36	240.94	226.58	215.98	204.19	192.52	179.41	1226.49
2003.00	1375.44	1344.08	1339.23	1202.69	1310.30	1417.94	1522.70	1621.65	1717.30	1812.15	1876.16	1895.57	1883.73	1868.51	1845.24	1819.70	1797.88	1777.04	1749.16	1716.64	1682.50	1647.69	1612.68	1576.36	1538.22	1505.33	1480.84	1461.64	1441.88	1423.23	1401.29	1373.43	1342.10	1311.69	1280.53	1253.43	1232.94	1216.27	1197.70	1178.03	1155.82	1129.66	1100.00	1069.09	1036.93	999.48	955.07	905.46	855.89	807.53	752.77	689.05	621.16	555.51	489.69	438.01	407.90	392.85	378.44	366.95	358.11	350.15	343.40	339.27	336.60	335.54	336.01	336.87	337.83	339.90	334.98	319.30	296.70	274.60	251.26	230.95	216.46	205.61	193.65	181.83	1275.49
2004.00	1512.30	1397.38	1328.39	1299.50	1236.54	1313.86	1402.38	1497.33	1593.96	1694.71	1802.05	1875.12	1894.72	1877.75	1861.09	1838.29	1812.96	1790.88	1769.51	1741.18	1708.24	1673.65	1638.41	1602.99	1566.27	1527.72	1494.68	1470.45	1451.80	1432.58	1414.51	1393.11	1365.69	1334.73	1304.73	1274.02	1247.28	1227.07	1210.60	1192.23	1172.74	1150.73	1124.85	1095.50	1064.85	1032.91	995.68	951.51	902.11	852.72	804.54	749.77	685.78	617.45	551.35	485.05	432.93	402.48	387.15	372.43	360.59	351.46	343.31	336.42	332.14	329.38	328.06	328.01	328.18	328.51	329.92	324.58	308.83	286.40	264.44	241.33	221.12	206.50	195.39	183.25	1319.69
2005.00	1602.83	1439.12	1330.81	1271.28	1253.93	1272.15	1319.35	1388.89	1474.19	1568.63	1674.63	1794.61	1876.83	1896.66	1874.54	1856.41	1834.05	1808.88	1786.53	1764.59	1735.76	1702.36	1667.28	1631.54	1595.66	1558.49	1519.47	1486.24	1462.25	1444.10	1425.39	1407.87	1386.98	1359.97	1329.33	1299.70	1269.38	1242.98	1223.01	1206.71	1188.52	1169.17	1147.34	1121.69	1092.60	1062.17	1030.41	993.35	949.35	900.09	850.81	802.74	747.88	683.53	614.65	548.01	481.12	428.49	397.65	382.04	366.98	354.77	345.34	336.98	329.94	325.52	322.66	321.07	320.49	319.99	319.68	320.45	314.66	298.82	276.53	254.70	231.76	211.62	196.85	185.47	1358.62
2006.00	1629.49	1557.93	1422.78	1332.25	1281.53	1265.81	1278.45	1312.84	1373.28	1458.61	1558.55	1666.43	1786.52	1868.61	1887.93	1865.06	1846.23	1823.20	1797.42	1774.60	1752.32	1723.15	1689.40	1654.23	1618.73	1583.32	1546.64	1508.19	1475.47	1451.81	1433.92	1415.50	1398.29	1377.79	1351.27	1321.20	1292.11	1262.32	1236.37	1216.72	1200.66	1182.66	1163.46	1141.77	1116.27	1087.32	1056.99	1025.35	988.14	943.62	893.63	843.64	794.80	739.45	675.04	606.39	539.92	473.21	420.74	389.99	374.42	359.41	347.27	337.80	329.24	321.88	317.15	314.00	312.03	310.94	309.86	309.00	309.19	303.03	287.12	264.96	243.28	220.57	200.60	185.89	1410.71
2007.00	1612.04	1470.18	1516.43	1409.48	1336.50	1294.45	1280.32	1287.43	1309.12	1360.59	1446.13	1551.77	1661.75	1782.21	1864.35	1883.19	1859.53	1839.97	1816.21	1789.78	1766.44	1743.76	1714.19	1680.04	1644.69	1609.36	1574.35	1538.09	1500.12	1467.83	1444.46	1426.78	1408.62	1391.68	1371.52	1345.44	1315.88	1287.27	1257.94	1232.38	1213.02	1197.15	1179.31	1160.21	1138.61	1113.21	1084.34	1054.04	1022.45	985.03	939.90	889.07	838.26	788.56	732.59	667.99	599.43	532.99	466.32	413.89	383.17	367.61	352.63	340.52	330.98	322.20	314.52	309.47	306.02	303.66	302.06	300.41	298.99	298.62	292.07	276.06	253.99	232.41	209.87	190.03	1459.30
2008.00	1563.80	1471.89	1401.92	1476.83	1397.97	1342.45	1309.03	1296.47	1298.05	1307.06	1349.63	1435.49	1546.97	1659.20	1780.17	1862.46	1880.85	1856.36	1836.05	1811.53	1784.41	1760.53	1737.42	1707.41	1672.81	1637.25	1602.04	1567.37	1531.49	1493.96	1462.05	1438.95	1421.45	1403.53	1386.84	1366.99	1341.33	1312.23	1284.06	1255.16	1229.96	1210.85	1195.16	1177.46	1158.44	1136.90	1111.58	1082.74	1052.44	1020.85	983.17	937.38	885.64	833.95	783.31	726.66	661.79	593.23	526.74	460.02	407.56	376.84	361.26	346.28	334.20	324.58	315.57	307.56	302.19	298.43	295.68	293.56	291.34	289.36	288.42	281.48	265.34	243.33	221.83	199.43	1505.26
2009.00	1506.69	1467.61	1432.37	1401.63	1437.14	1386.43	1348.42	1323.64	1312.66	1308.69	1304.99	1338.64	1424.83	1542.15	1656.62	1778.12	1860.55	1878.50	1853.18	1832.11	1806.84	1779.02	1754.59	1731.06	1700.62	1665.56	1629.78	1594.69	1560.38	1524.86	1487.78	1456.26	1433.41	1416.10	1398.43	1381.98	1362.44	1337.20	1308.57	1280.84	1252.37	1227.53	1208.68	1193.16	1175.60	1156.66	1135.18	1109.93	1081.13	1050.83	1019.25	981.30	934.84	882.20	829.62	778.06	720.72	655.57	587.01	520.48	453.70	401.23	370.49	354.90	339.93	327.86	318.17	308.93	300.58	294.88	290.82	287.68	285.04	282.24	279.71	278.19	270.86	254.59	232.64	211.22	1550.87
2010.00	1457.97	1460.36	1453.10	1438.53	1418.98	1396.79	1374.30	1353.83	1337.73	1328.32	1318.81	1302.38	1327.09	1413.56	1536.69	1653.37	1775.34	1857.88	1875.37	1849.24	1827.41	1801.40	1772.89	1747.93	1723.98	1693.11	1657.61	1621.63	1586.68	1552.73	1517.60	1480.98	1449.86	1427.28	1410.17	1392.74	1376.55	1357.33	1332.51	1304.36	1277.08	1249.06	1224.59	1206.01	1190.67	1173.26	1154.40	1133.00	1107.82	1079.08	1048.78	1017.23	979.03	931.92	878.39	824.95	772.47	714.47	649.08	580.54	513.98	447.18	394.71	363.98	348.38	333.42	321.38	311.62	302.15	293.46	287.45	283.08	279.54	276.39	273.01	269.92	267.84	260.11	243.73	221.85	1598.06
2011.00	1419.53	1457.73	1458.60	1450.45	1435.50	1415.99	1394.23	1372.54	1352.69	1336.68	1327.06	1317.51	1301.14	1325.76	1411.93	1534.61	1650.85	1772.38	1854.53	1871.73	1845.37	1823.32	1797.08	1768.46	1743.52	1719.71	1688.98	1653.65	1617.82	1582.99	1549.13	1514.11	1477.59	1446.56	1424.02	1406.92	1389.48	1373.26	1354.00	1329.12	1300.89	1273.52	1245.37	1220.74	1201.95	1186.36	1168.70	1149.60	1127.88	1102.26	1073.01	1042.23	1010.20	971.63	924.32	870.69	817.17	764.59	706.63	641.49	573.31	507.10	440.66	388.40	357.62	341.81	326.64	314.35	304.30	294.51	285.46	279.07	274.36	270.35	266.54	262.42	258.63	255.85	247.71	231.38	1667.77
2012.00	1387.23	1433.25	1458.01	1457.37	1448.32	1432.99	1413.50	1392.16	1371.28	1352.03	1336.12	1326.27	1316.68	1300.37	1324.92	1410.80	1533.08	1648.93	1770.06	1851.84	1868.75	1842.16	1819.88	1793.40	1764.66	1739.74	1716.05	1685.46	1650.27	1614.59	1579.87	1546.09	1511.16	1474.74	1443.77	1421.27	1404.17	1386.71	1370.46	1351.15	1326.20	1297.89	1270.40	1242.12	1217.32	1198.32	1182.48	1164.57	1145.22	1123.16	1097.08	1067.32	1036.05	1003.53	964.58	917.04	863.31	809.68	756.98	699.05	634.12	566.28	500.39	434.29	382.22	351.40	335.37	319.97	307.44	297.09	286.97	277.56	270.80	265.74	261.26	256.78	251.91	247.43	243.94	235.40	1737.58
2013.00	1361.00	1414.66	1448.04	1458.24	1456.08	1446.14	1430.43	1410.95	1390.04	1369.97	1351.32	1335.51	1325.43	1315.79	1299.55	1324.02	1409.62	1531.49	1646.94	1767.67	1849.09	1865.70	1838.89	1816.38	1789.66	1760.79	1735.89	1712.33	1681.87	1646.84	1611.30	1576.68	1542.99	1508.16	1471.83	1440.93	1418.46	1401.36	1383.90	1367.61	1348.25	1323.24	1294.84	1267.25	1238.82	1213.86	1194.64	1178.56	1160.38	1140.79	1118.40	1091.87	1061.59	1029.83	996.83	957.49	909.73	855.89	802.16	749.34	691.44	626.73	559.23	493.66	427.91	376.03	345.16	328.91	313.29	300.51	289.87	279.42	269.64	262.51	257.11	252.15	247.01	241.39	236.21	232.02	1802.26
2014.00	1339.82	1395.43	1432.88	1454.54	1458.22	1454.55	1443.71	1427.62	1408.17	1387.68	1368.43	1350.38	1334.67	1324.37	1314.69	1298.51	1322.90	1408.21	1529.64	1644.68	1764.98	1846.02	1862.34	1835.30	1812.56	1785.61	1756.62	1731.75	1708.32	1678.00	1643.13	1607.74	1573.23	1539.63	1504.90	1468.67	1437.85	1415.42	1398.32	1380.85	1364.53	1345.12	1320.05	1291.57	1263.87	1235.32	1210.19	1190.76	1174.43	1156.00	1136.17	1113.44	1086.47	1055.68	1023.43	989.95	950.24	902.26	848.33	794.50	741.57	683.70	619.23	552.08	486.85	421.45	369.78	338.86	322.39	306.55	293.52	282.59	271.82	261.68	254.17	248.43	242.99	237.20	230.83	224.95	1854.68
2015.00	1322.67	1377.19	1416.16	1441.39	1454.68	1457.83	1452.64	1440.91	1424.44	1405.03	1384.97	1366.53	1349.10	1333.49	1322.97	1313.25	1297.14	1321.44	1406.43	1527.40	1642.00	1761.84	1842.48	1858.50	1831.24	1808.28	1781.11	1752.00	1727.17	1703.88	1673.70	1638.99	1603.76	1569.38	1535.87	1501.25	1465.14	1434.40	1412.01	1394.92	1377.44	1361.10	1341.65	1316.52	1287.97	1260.17	1231.50	1206.21	1186.58	1170.01	1151.33	1131.25	1108.21	1080.79	1049.50	1016.77	982.82	942.74	894.56	840.55	786.63	733.62	675.80	611.58	544.80	479.91	414.89	363.43	332.47	315.79	299.74	286.47	275.25	264.15	253.65	245.77	239.68	233.78	227.33	220.21	1890.45
2016.00	1313.35	1331.98	1378.93	1413.21	1436.15	1449.06	1453.74	1451.98	1442.71	1426.31	1405.53	1385.02	1366.63	1349.13	1333.31	1322.47	1312.46	1296.04	1320.04	1404.76	1525.50	1639.85	1759.44	1839.93	1855.95	1828.78	1805.91	1778.85	1749.84	1725.08	1701.83	1671.70	1637.06	1601.87	1567.51	1534.01	1499.38	1463.24	1432.45	1409.97	1392.76	1375.13	1358.61	1338.96	1313.63	1284.86	1256.80	1227.87	1202.23	1182.10	1164.94	1145.67	1125.01	1101.43	1073.57	1041.90	1008.81	974.54	934.16	885.70	831.44	777.30	724.06	666.21	602.22	535.83	471.33	406.69	355.50	324.58	307.78	291.62	278.24	266.80	255.38	244.46	236.18	229.73	223.39	216.39	1936.31
2017.00	1309.79	1349.79	1340.27	1379.61	1409.18	1429.81	1442.33	1448.53	1450.20	1443.41	1427.09	1404.94	1384.02	1365.67	1348.13	1332.11	1320.97	1310.65	1293.94	1317.63	1402.02	1522.42	1636.44	1755.69	1835.97	1851.97	1824.91	1802.16	1775.22	1746.33	1721.66	1698.47	1668.42	1633.86	1598.74	1564.44	1530.97	1496.35	1460.22	1429.39	1406.84	1389.52	1371.76	1355.08	1335.25	1309.73	1280.75	1252.46	1223.30	1197.32	1176.70	1158.96	1139.13	1117.89	1093.79	1065.51	1033.49	1000.07	965.50	924.86	876.14	821.67	767.36	713.94	656.09	592.39	526.45	462.37	398.18	347.29	316.44	299.53	283.28	269.79	258.15	246.40	235.08	226.40	219.59	212.81	1970.74
2018.00	1307.79	1336.17	1360.54	1348.01	1379.73	1404.57	1422.88	1435.01	1442.73	1447.83	1443.51	1427.29	1403.79	1382.45	1364.16	1346.57	1330.36	1318.92	1308.32	1291.32	1314.68	1398.70	1518.71	1632.36	1751.23	1831.26	1847.24	1820.30	1797.66	1770.87	1742.11	1717.53	1694.42	1664.47	1630.00	1594.97	1560.72	1527.30	1492.71	1456.60	1425.75	1403.14	1385.72	1367.83	1350.99	1330.99	1305.29	1276.12	1247.62	1218.23	1191.92	1170.83	1152.52	1132.13	1110.32	1085.71	1057.02	1024.67	990.93	956.07	915.17	866.23	811.58	757.11	703.53	645.71	582.32	516.86	453.23	389.50	338.94	308.16	291.16	274.82	261.22	249.39	237.32	225.60	216.53	209.36	1993.31
2019.00	1301.30	1319.76	1337.84	1355.20	1355.69	1379.80	1399.91	1415.90	1427.64	1436.88	1445.40	1443.56	1427.43	1402.58	1380.82	1362.60	1344.97	1328.56	1316.83	1305.93	1288.65	1311.68	1395.33	1514.96	1628.22	1746.70	1826.49	1842.44	1815.62	1793.10	1766.45	1737.83	1713.35	1690.31	1660.45	1626.08	1591.13	1556.96	1523.58	1489.02	1452.93	1422.07	1399.39	1381.87	1363.86	1346.85	1326.68	1300.81	1271.44	1242.72	1213.12	1186.48	1164.91	1146.03	1125.09	1102.72	1077.60	1048.50	1015.81	981.75	946.62	905.46	856.30	801.46	746.84	693.10	635.32	572.23	507.25	444.08	380.82	330.58	299.88	282.78	266.35	252.66	240.62	228.24	216.12	206.66	2004.21
2020.00	1286.11	1298.86	1313.59	1329.68	1346.53	1363.51	1380.01	1395.40	1409.08	1420.42	1431.18	1443.13	1443.76	1427.72	1401.51	1379.35	1361.18	1343.50	1326.90	1314.87	1303.69	1286.12	1308.82	1392.11	1511.36	1624.26	1742.36	1821.91	1837.83	1811.14	1788.74	1762.22	1733.73	1709.35	1686.38	1656.60	1622.33	1587.47	1553.35	1520.02	1485.49	1449.41	1418.53	1395.78	1378.17	1360.03	1342.86	1322.51	1296.46	1266.90	1237.96	1208.14	1181.17	1159.12	1139.67	1118.17	1095.23	1069.60	1040.09	1007.06	972.68	937.26	895.86	846.46	791.43	736.65	682.75	624.99	562.21	497.70	434.98	372.18	322.26	291.64	274.44	257.92	244.13	231.89	219.19	206.67	2005.31
2021.00	1260.37	1281.92	1296.70	1312.73	1329.51	1346.54	1363.21	1378.89	1393.71	1407.46	1419.23	1430.17	1442.16	1442.74	1426.50	1399.99	1377.52	1359.05	1341.09	1324.26	1312.05	1300.67	1282.91	1305.47	1388.68	1507.89	1620.77	1738.85	1818.41	1834.37	1807.73	1785.39	1758.94	1730.50	1706.14	1683.19	1653.41	1619.13	1584.23	1550.07	1516.67	1482.05	1445.85	1414.81	1391.86	1374.00	1355.59	1338.14	1317.44	1290.93	1260.84	1231.37	1200.99	1173.49	1150.97	1131.09	1109.15	1085.79	1059.71	1029.66	996.06	961.17	925.29	883.48	833.72	778.41	723.38	669.21	611.51	549.26	485.56	423.62	361.67	312.34	281.89	264.56	247.98	234.11	221.74	208.82	2023.68
2022.00	1225.91	1243.23	1277.85	1294.66	1311.98	1329.45	1346.67	1363.03	1377.88	1392.15	1405.96	1418.17	1429.28	1441.33	1441.85	1425.40	1398.58	1375.82	1357.04	1338.79	1321.73	1309.34	1297.77	1279.82	1302.24	1385.37	1504.56	1617.42	1735.49	1815.07	1831.07	1804.49	1782.20	1755.81	1727.42	1703.09	1680.14	1650.36	1616.06	1581.13	1546.92	1513.45	1478.74	1442.41	1411.21	1388.06	1369.95	1351.27	1333.54	1312.47	1285.51	1254.90	1224.89	1193.94	1165.91	1142.92	1122.61	1100.23	1076.45	1049.90	1019.31	985.14	949.74	913.41	871.18	821.06	765.46	710.17	655.73	598.08	536.34	473.46	412.30	351.19	302.44	272.15	254.71	238.05	224.12	211.60	2037.80
2023.00	1187.61	1211.85	1236.28	1273.78	1292.62	1311.24	1329.38	1346.80	1362.85	1376.88	1390.58	1404.46	1417.11	1428.39	1440.49	1440.96	1424.30	1397.18	1374.12	1355.02	1336.50	1319.21	1306.63	1294.87	1276.73	1299.01	1382.06	1501.23	1614.06	1732.13	1811.73	1827.77	1801.24	1779.01	1752.68	1724.34	1700.04	1677.10	1647.32	1612.99	1578.03	1543.77	1510.23	1475.42	1438.97	1407.62	1384.26	1365.91	1346.96	1328.93	1307.51	1280.08	1248.95	1218.41	1186.89	1158.33	1134.87	1114.12	1091.30	1067.10	1040.09	1008.96	974.22	938.30	901.51	858.87	808.39	752.50	696.96	642.24	584.64	523.43	461.35	400.98	340.70	292.55	262.42	244.86	228.12	214.12	2050.15
2024.00	1152.44	1182.16	1210.66	1237.84	1269.45	1290.32	1310.24	1329.06	1346.66	1362.40	1375.61	1388.74	1402.69	1415.77	1427.22	1439.36	1439.78	1422.92	1395.50	1372.14	1352.74	1333.93	1316.42	1303.65	1291.71	1273.38	1295.51	1378.47	1497.59	1610.39	1728.43	1808.03	1824.10	1797.63	1775.47	1749.21	1720.92	1696.65	1673.72	1643.94	1609.61	1574.62	1540.32	1506.72	1471.82	1435.25	1403.74	1380.19	1361.59	1342.37	1324.07	1302.28	1274.41	1242.75	1211.68	1179.61	1150.52	1126.59	1105.41	1082.16	1057.54	1030.07	998.41	963.11	926.68	889.44	846.39	795.56	739.39	683.60	628.62	571.09	510.41	449.15	389.58	330.15	282.59	252.63	234.95	218.15	2059.97
2025.00	1125.51	1156.63	1186.14	1214.01	1240.24	1264.80	1287.69	1308.89	1328.39	1346.18	1361.59	1373.98	1386.54	1400.55	1414.06	1425.68	1437.87	1438.23	1421.17	1393.45	1369.81	1350.11	1331.03	1313.29	1300.35	1288.21	1269.70	1291.68	1374.53	1493.57	1606.30	1724.28	1803.86	1819.96	1793.56	1771.46	1745.28	1717.06	1692.82	1669.91	1640.14	1605.80	1570.80	1536.46	1502.81	1467.83	1431.16	1399.50	1375.75	1356.92	1337.44	1318.86	1296.72	1268.40	1236.24	1204.64	1172.02	1142.42	1118.03	1096.42	1072.73	1047.71	1019.79	987.61	951.75	914.82	877.14	833.70	782.53	726.10	670.08	614.85	557.39	497.26	436.84	378.08	319.51	272.56	242.78	224.99	2066.26
2026.00	1109.70	1127.64	1156.58	1184.74	1211.96	1238.10	1263.13	1287.02	1308.96	1328.53	1345.98	1361.32	1373.77	1386.28	1400.08	1413.27	1424.58	1436.45	1436.53	1419.23	1391.32	1367.47	1347.57	1328.37	1310.68	1297.86	1285.85	1267.49	1289.57	1372.42	1491.41	1604.10	1722.03	1801.57	1817.66	1791.24	1769.11	1742.88	1714.59	1690.28	1667.25	1637.36	1602.86	1567.68	1533.16	1499.29	1464.08	1427.17	1395.16	1370.93	1351.51	1331.44	1312.21	1289.51	1260.74	1228.20	1196.18	1163.15	1133.04	1108.03	1085.72	1061.36	1035.70	1007.08	974.10	937.42	899.74	861.35	817.39	765.95	709.47	653.44	598.20	541.05	481.66	422.25	364.49	307.01	260.88	231.46	2095.52
2027.00	1101.76	1122.23	1129.29	1156.04	1182.84	1209.41	1235.45	1260.92	1285.80	1308.48	1328.12	1345.22	1360.47	1372.99	1385.45	1399.02	1411.88	1422.88	1434.43	1434.22	1416.69	1388.60	1364.57	1344.46	1325.16	1307.51	1294.83	1282.96	1264.75	1286.92	1369.74	1488.62	1601.22	1719.06	1798.52	1814.59	1788.17	1766.02	1739.76	1711.42	1687.02	1663.90	1633.88	1599.24	1563.90	1529.21	1495.15	1459.72	1422.58	1390.24	1365.53	1345.53	1324.87	1305.02	1281.75	1252.55	1219.64	1187.23	1153.79	1123.19	1097.56	1074.55	1049.53	1023.25	993.94	960.18	922.69	884.26	845.19	800.72	749.04	692.53	636.51	581.30	524.48	465.85	407.47	350.74	294.37	249.07	2127.42
2028.00	1099.28	1110.53	1124.96	1130.63	1155.17	1180.61	1206.51	1232.45	1258.37	1284.23	1307.63	1327.33	1344.08	1359.25	1371.82	1384.23	1397.58	1410.11	1420.78	1432.02	1431.51	1413.76	1385.49	1361.28	1340.97	1321.58	1303.98	1291.43	1279.70	1261.65	1283.91	1366.68	1485.41	1597.89	1715.60	1794.97	1811.01	1784.60	1762.43	1736.14	1707.76	1683.29	1660.08	1629.95	1595.18	1559.68	1524.83	1490.59	1454.95	1417.59	1384.93	1359.74	1339.18	1317.94	1297.46	1273.64	1244.00	1210.74	1177.94	1144.10	1113.03	1086.79	1063.09	1037.41	1010.52	980.53	945.99	907.69	868.54	828.79	783.83	731.92	675.40	619.41	564.23	507.77	449.91	392.57	336.89	281.64	2169.33
2029.00	1098.46	1101.07	1108.75	1120.88	1131.86	1154.19	1178.26	1203.50	1229.33	1255.69	1282.53	1306.65	1326.41	1342.81	1357.89	1370.52	1382.87	1396.00	1408.19	1418.55	1429.46	1428.67	1410.69	1382.25	1357.85	1337.36	1317.87	1300.32	1287.91	1276.31	1258.43	1280.77	1363.48	1482.06	1594.41	1711.98	1791.25	1807.25	1780.85	1758.68	1732.35	1703.93	1679.40	1656.10	1625.87	1590.96	1555.31	1520.31	1485.88	1450.04	1412.46	1379.48	1353.83	1332.70	1310.87	1289.77	1265.40	1235.34	1201.73	1168.53	1134.30	1102.75	1075.92	1051.52	1025.19	997.69	967.02	931.72	892.62	852.74	812.31	766.87	714.74	658.21	602.25	547.11	491.01	433.94	377.64	323.02	2233.08
2030.00	1096.35	1092.76	1095.36	1103.42	1116.21	1133.03	1153.15	1175.85	1200.42	1226.14	1252.94	1280.77	1305.61	1325.42	1341.47	1356.46	1369.14	1381.44	1394.34	1406.20	1416.23	1426.82	1425.74	1407.54	1378.93	1354.36	1333.67	1314.09	1296.59	1284.32	1272.86	1255.15	1277.56	1360.20	1478.63	1590.84	1708.26	1787.42	1803.40	1777.01	1754.82	1728.48	1700.01	1675.42	1652.03	1621.69	1586.65	1550.86	1515.70	1481.10	1445.05	1407.26	1373.96	1347.84	1326.14	1303.74	1282.02	1257.09	1226.61	1192.65	1159.07	1124.45	1092.43	1064.99	1039.91	1012.92	984.81	953.47	917.40	877.51	836.90	795.80	749.87	697.53	640.99	585.06	529.97	474.23	417.95	362.70	2327.17
2031.00	1093.07	1092.50	1091.13	1095.13	1103.90	1116.87	1133.30	1152.46	1174.50	1199.14	1225.35	1252.35	1280.25	1305.04	1324.65	1340.38	1355.07	1367.46	1379.47	1392.12	1403.76	1413.59	1423.96	1422.76	1404.60	1376.14	1351.70	1331.16	1311.72	1294.32	1282.12	1270.74	1253.11	1275.54	1358.10	1476.38	1588.43	1705.67	1784.66	1800.50	1773.99	1751.66	1725.14	1696.48	1671.67	1648.04	1617.44	1582.12	1545.99	1510.39	1475.28	1438.70	1400.36	1366.53	1339.93	1317.79	1294.90	1272.66	1247.19	1216.13	1181.55	1147.33	1112.10	1079.34	1050.98	1024.88	996.92	967.88	935.65	898.78	858.17	816.94	775.30	729.02	676.55	620.10	564.33	509.43	454.28	399.13	2471.92
2032.00	1088.69	1080.87	1088.55	1089.41	1094.80	1104.29	1117.42	1133.46	1151.66	1173.05	1197.75	1224.45	1251.65	1279.61	1304.37	1323.76	1339.18	1353.56	1365.64	1377.37	1389.77	1401.20	1410.82	1420.96	1419.66	1401.54	1373.22	1348.92	1328.53	1309.22	1291.93	1279.81	1268.51	1250.97	1273.41	1355.88	1474.00	1585.88	1702.92	1781.73	1797.43	1770.82	1748.34	1721.64	1692.79	1667.76	1643.89	1613.03	1577.45	1540.97	1504.93	1469.32	1432.23	1393.33	1358.97	1331.90	1309.31	1285.94	1263.19	1237.17	1205.53	1170.33	1135.49	1099.64	1066.14	1036.87	1009.76	980.83	950.85	917.75	880.07	838.75	796.89	754.73	708.09	655.50	599.13	543.54	488.84	434.28	2639.36
2033.00	1083.21	1076.21	1073.89	1084.44	1087.52	1094.32	1104.52	1117.82	1133.46	1150.70	1171.42	1196.19	1223.37	1250.77	1278.80	1303.50	1322.68	1337.78	1351.86	1363.64	1375.07	1387.22	1398.44	1407.84	1417.77	1416.35	1398.27	1370.10	1345.95	1325.71	1306.54	1289.35	1277.31	1266.09	1248.64	1271.09	1353.46	1471.41	1583.10	1699.93	1778.55	1794.11	1767.39	1744.76	1717.90	1688.86	1663.62	1639.51	1608.40	1572.54	1535.73	1499.26	1463.15	1425.54	1386.10	1351.21	1323.68	1300.64	1276.79	1253.53	1226.98	1194.75	1158.94	1123.48	1087.02	1052.79	1022.61	994.49	964.59	933.69	899.71	861.24	819.21	776.73	734.03	687.06	634.35	578.08	522.66	468.16	2827.29
2034.00	1076.94	1071.66	1069.79	1071.15	1080.10	1085.40	1093.60	1104.52	1117.97	1133.22	1149.49	1169.54	1194.37	1222.04	1249.62	1277.70	1302.35	1321.32	1336.09	1349.86	1361.34	1372.48	1384.38	1395.38	1404.56	1414.27	1412.73	1394.71	1366.69	1342.68	1322.60	1303.58	1286.50	1274.54	1263.40	1246.04	1268.50	1350.75	1468.49	1579.98	1696.57	1774.98	1790.41	1763.58	1740.81	1713.78	1684.56	1659.12	1634.78	1603.42	1567.31	1530.17	1493.27	1456.67	1418.55	1378.57	1343.17	1315.17	1291.70	1267.37	1243.60	1216.51	1183.72	1147.30	1111.23	1074.17	1039.22	1008.13	979.00	948.15	916.33	881.48	842.21	799.49	756.40	713.19	665.88	613.07	556.91	501.67	3033.96
2035.00	1070.16	1066.80	1065.69	1066.80	1070.08	1075.50	1083.03	1092.62	1104.25	1117.86	1132.71	1148.01	1167.39	1192.26	1220.41	1248.18	1276.31	1300.90	1319.64	1334.09	1347.55	1358.71	1369.56	1381.20	1391.99	1400.96	1410.43	1408.78	1390.81	1362.95	1339.10	1319.18	1300.31	1283.34	1271.47	1260.42	1243.15	1265.61	1347.72	1465.24	1576.48	1692.81	1771.00	1786.28	1759.35	1736.45	1709.27	1679.87	1654.23	1629.67	1598.06	1561.70	1524.24	1486.93	1449.84	1411.23	1370.72	1334.81	1306.35	1282.45	1257.65	1233.38	1205.77	1172.42	1135.40	1098.72	1061.07	1025.40	993.43	963.29	931.49	898.75	863.05	823.00	779.59	735.90	692.18	644.55	591.65	535.61	3257.89
2036.00	1063.74	1067.86	1065.70	1065.34	1066.84	1070.22	1075.43	1082.44	1091.68	1103.38	1117.31	1132.30	1147.68	1167.02	1191.70	1219.54	1247.02	1274.86	1299.18	1317.69	1331.93	1345.19	1356.15	1366.88	1378.54	1389.44	1398.52	1408.13	1406.60	1388.73	1360.95	1337.17	1317.32	1298.51	1281.62	1269.79	1258.78	1241.53	1263.92	1345.84	1463.07	1574.01	1689.99	1767.85	1782.84	1755.64	1732.43	1704.93	1675.15	1649.01	1623.88	1591.69	1554.71	1516.70	1478.96	1441.52	1402.50	1361.56	1325.14	1296.03	1271.38	1245.83	1220.79	1192.34	1158.11	1120.16	1082.54	1043.96	1007.33	974.34	943.19	910.43	876.84	840.29	799.39	755.19	710.85	666.61	618.78	566.13	3511.70
2037.00	1056.40	1057.52	1065.38	1064.42	1064.82	1066.71	1070.18	1075.18	1081.67	1090.57	1102.33	1116.57	1131.70	1147.15	1166.46	1190.94	1218.47	1245.66	1273.21	1297.25	1315.52	1329.56	1342.61	1353.36	1363.98	1375.66	1386.67	1395.86	1405.59	1404.19	1386.42	1358.71	1335.02	1315.24	1296.50	1279.68	1267.91	1256.93	1239.70	1262.02	1343.73	1460.65	1571.27	1686.89	1764.40	1779.11	1751.64	1728.13	1700.31	1670.14	1643.51	1617.81	1585.06	1547.46	1508.91	1470.75	1432.95	1393.53	1352.17	1315.24	1285.50	1260.10	1233.79	1207.98	1178.71	1143.59	1104.72	1066.17	1026.67	989.08	955.09	922.93	889.22	854.77	817.37	775.63	730.66	685.67	640.91	592.89	3776.42
2038.00	1048.45	1052.01	1055.04	1062.68	1062.92	1064.08	1066.35	1069.92	1074.71	1080.67	1089.22	1101.05	1115.59	1130.87	1146.39	1165.66	1189.93	1217.15	1244.04	1271.29	1295.05	1313.07	1326.90	1339.75	1350.29	1360.79	1372.48	1383.60	1392.90	1402.76	1401.49	1383.81	1356.20	1332.60	1312.89	1294.22	1277.47	1265.77	1254.82	1237.62	1259.86	1341.34	1457.93	1568.21	1683.44	1760.59	1775.00	1747.27	1723.47	1695.34	1664.78	1637.66	1611.41	1578.09	1539.89	1500.80	1462.23	1424.08	1384.27	1342.50	1305.07	1274.69	1248.56	1221.50	1194.92	1164.83	1128.83	1089.04	1049.58	1009.16	970.61	935.63	902.46	867.81	832.52	794.28	751.71	705.96	660.35	615.07	4045.67
2039.00	1040.35	1046.07	1050.61	1054.29	1059.71	1061.14	1063.06	1065.72	1069.38	1073.97	1079.40	1087.60	1099.49	1114.33	1129.74	1145.33	1164.56	1188.62	1215.52	1242.10	1269.04	1292.51	1310.29	1323.90	1336.54	1346.86	1357.25	1368.95	1380.18	1389.59	1399.57	1398.42	1380.85	1353.33	1329.82	1310.19	1291.61	1274.94	1263.29	1252.38	1235.22	1257.37	1338.61	1454.84	1564.74	1679.55	1756.32	1770.44	1742.45	1718.35	1689.93	1659.00	1631.40	1604.60	1570.71	1531.92	1492.30	1453.33	1414.84	1374.65	1332.48	1294.56	1263.55	1236.69	1208.89	1181.55	1150.65	1113.79	1073.09	1032.71	991.38	951.90	915.93	881.76	846.19	810.05	770.99	727.59	681.08	634.85	4315.02
2040.00	1032.44	1039.78	1045.52	1049.99	1053.51	1056.42	1059.05	1061.73	1064.78	1068.53	1072.90	1077.81	1085.66	1097.61	1112.75	1128.29	1143.94	1163.12	1186.96	1213.53	1239.80	1266.43	1289.60	1307.12	1320.52	1332.95	1343.05	1353.31	1365.03	1376.35	1385.87	1395.98	1394.95	1377.49	1350.07	1326.66	1307.12	1288.62	1272.03	1260.45	1249.59	1232.45	1254.52	1335.48	1451.32	1560.81	1675.18	1751.55	1765.36	1737.13	1712.75	1684.03	1652.73	1624.66	1597.32	1562.89	1523.51	1483.38	1444.01	1405.20	1364.63	1322.08	1283.69	1252.05	1224.47	1195.94	1167.84	1136.14	1098.43	1056.84	1015.56	973.34	932.93	895.98	860.83	824.33	787.36	747.49	703.28	656.03	4583.73
2041.00	1026.32	1032.74	1039.46	1044.82	1049.11	1052.61	1055.64	1058.54	1061.42	1064.54	1068.27	1072.68	1077.66	1085.48	1097.25	1112.10	1127.36	1142.74	1161.66	1185.28	1211.66	1237.74	1264.17	1287.23	1304.78	1318.31	1330.85	1341.09	1351.47	1363.27	1374.64	1384.21	1394.37	1393.39	1375.99	1348.63	1325.24	1305.69	1287.18	1270.59	1258.99	1248.06	1230.84	1252.70	1333.30	1448.66	1557.65	1671.49	1747.29	1760.51	1731.66	1706.64	1677.24	1645.33	1616.75	1588.96	1554.05	1514.16	1473.48	1433.52	1394.05	1352.83	1309.60	1270.40	1237.77	1209.07	1179.41	1150.16	1117.35	1078.63	1036.11	993.91	950.83	909.46	871.36	834.99	797.41	759.49	718.83	674.01	4861.90
2042.00	1020.41	1028.96	1032.75	1038.86	1043.83	1047.94	1051.41	1054.57	1057.72	1060.83	1064.02	1067.71	1072.15	1077.21	1085.00	1096.58	1111.14	1126.13	1141.23	1159.88	1183.26	1209.45	1235.33	1261.55	1284.51	1302.08	1315.72	1328.38	1338.76	1349.26	1361.12	1372.53	1382.16	1392.37	1391.45	1374.11	1346.81	1323.45	1303.91	1285.39	1268.79	1257.17	1246.18	1228.88	1250.54	1330.75	1445.59	1554.05	1667.33	1742.55	1755.17	1725.72	1700.06	1669.98	1637.46	1608.38	1580.16	1544.77	1504.38	1463.17	1422.62	1382.52	1340.63	1296.75	1256.75	1223.13	1193.32	1162.54	1132.14	1098.23	1058.53	1015.09	971.97	928.04	885.71	846.48	808.89	770.24	731.39	689.94	5130.84
2043.00	1014.26	1022.65	1029.54	1032.45	1037.93	1042.52	1046.44	1049.89	1053.17	1056.59	1059.90	1063.16	1066.83	1071.30	1076.43	1084.19	1095.58	1109.84	1124.54	1139.36	1157.74	1180.89	1206.87	1232.54	1258.55	1281.39	1298.98	1312.73	1325.51	1336.02	1346.63	1358.56	1370.01	1379.69	1389.94	1389.08	1371.81	1344.57	1321.26	1301.71	1283.20	1266.60	1254.96	1243.92	1226.55	1247.99	1327.79	1442.08	1549.98	1662.66	1737.27	1749.28	1719.24	1692.95	1662.21	1629.09	1599.51	1570.86	1535.01	1494.14	1452.41	1411.28	1370.55	1328.02	1283.49	1242.70	1208.11	1177.20	1145.31	1113.76	1078.76	1038.09	993.74	949.73	904.96	861.68	821.33	782.54	742.83	703.05	5392.99
2044.00	1007.25	1015.46	1022.41	1028.28	1031.83	1036.69	1040.90	1044.63	1048.05	1051.46	1055.13	1058.66	1061.98	1065.62	1070.12	1075.33	1083.06	1094.25	1108.21	1122.62	1137.15	1155.25	1178.16	1203.92	1229.38	1255.18	1277.89	1295.49	1309.35	1322.23	1332.88	1343.60	1355.59	1367.08	1376.80	1387.10	1386.29	1369.09	1341.93	1318.67	1299.14	1280.63	1264.04	1252.38	1241.29	1223.85	1245.07	1324.43	1438.14	1545.44	1657.49	1731.47	1742.88	1712.24	1685.34	1653.94	1620.23	1590.17	1561.10	1524.80	1483.45	1441.21	1399.52	1358.18	1315.02	1269.85	1228.29	1192.74	1160.73	1127.74	1095.06	1058.98	1017.34	972.10	927.21	881.61	837.41	795.94	755.96	715.20	5647.56
2045.00	999.01	1007.27	1014.47	1020.73	1026.18	1030.96	1035.19	1039.02	1042.56	1045.95	1049.48	1053.41	1057.15	1060.54	1064.15	1068.68	1073.96	1081.65	1092.64	1106.29	1120.42	1134.66	1152.48	1175.13	1200.68	1225.92	1251.48	1274.06	1291.68	1305.64	1318.63	1329.40	1340.23	1352.29	1363.80	1373.57	1383.91	1383.16	1366.04	1338.96	1315.75	1296.23	1277.73	1261.15	1249.49	1238.35	1220.84	1241.83	1320.74	1433.84	1540.51	1651.91	1725.23	1736.04	1704.82	1677.30	1645.26	1610.96	1580.44	1550.96	1514.21	1472.40	1429.66	1387.42	1345.48	1301.69	1255.90	1213.58	1177.07	1143.98	1109.91	1076.10	1038.95	996.36	950.24	904.47	858.07	812.94	770.37	729.22	5891.03
2046.00	990.74	998.88	1006.88	1013.91	1020.09	1025.53	1030.36	1034.70	1038.62	1042.23	1045.66	1049.25	1053.26	1056.98	1060.19	1063.51	1067.77	1072.78	1080.22	1091.00	1104.47	1118.42	1132.47	1150.19	1172.88	1198.55	1223.92	1249.63	1272.33	1290.02	1304.03	1317.08	1327.92	1338.80	1350.89	1362.42	1372.19	1382.52	1381.74	1364.60	1337.49	1314.21	1294.56	1275.95	1259.27	1247.49	1236.19	1218.52	1239.13	1317.32	1429.49	1535.23	1645.63	1718.08	1728.24	1696.52	1668.43	1635.79	1600.85	1569.61	1539.36	1501.82	1459.21	1415.61	1372.45	1329.52	1284.73	1237.92	1194.52	1156.86	1122.56	1087.28	1052.29	1013.97	970.21	922.96	876.14	828.81	782.74	739.19	6134.12
2047.00	981.25	990.55	998.44	1006.16	1013.02	1019.12	1024.55	1029.43	1033.87	1037.90	1041.57	1045.04	1048.68	1052.78	1056.47	1059.49	1062.52	1066.52	1071.26	1078.44	1089.00	1102.29	1116.05	1129.91	1147.54	1170.26	1196.04	1221.52	1247.36	1270.18	1287.95	1302.00	1315.11	1326.00	1336.93	1349.05	1360.60	1370.37	1380.68	1379.88	1362.72	1335.59	1312.24	1292.48	1273.75	1256.98	1245.10	1233.64	1215.81	1236.02	1313.48	1424.68	1529.45	1638.82	1710.37	1719.88	1687.66	1659.01	1625.78	1590.21	1558.27	1527.25	1488.95	1445.54	1401.10	1357.02	1313.12	1267.34	1219.53	1175.06	1136.25	1100.75	1064.29	1028.12	988.64	943.73	895.37	847.51	799.26	752.27	6365.78
2048.00	971.07	981.01	990.00	997.71	1005.16	1011.85	1017.87	1023.29	1028.22	1032.76	1036.88	1040.62	1044.13	1047.82	1051.99	1055.66	1058.50	1061.25	1064.97	1069.44	1076.36	1086.70	1099.80	1113.37	1127.04	1144.56	1167.30	1193.19	1218.78	1244.75	1267.68	1285.52	1299.61	1312.77	1323.72	1334.69	1346.83	1358.39	1368.16	1378.45	1377.63	1360.46	1333.31	1309.91	1290.04	1271.19	1254.34	1242.34	1230.74	1212.76	1232.57	1309.26	1419.47	1523.24	1631.55	1702.18	1711.04	1678.33	1649.13	1615.32	1579.13	1546.49	1514.71	1475.65	1431.46	1386.19	1341.20	1296.34	1249.59	1200.79	1155.27	1115.32	1078.63	1040.99	1003.66	963.02	916.98	867.51	818.63	769.48	6587.16
2049.00	960.93	971.27	980.70	989.28	996.75	1003.92	1010.43	1016.36	1021.77	1026.75	1031.39	1035.61	1039.42	1042.96	1046.71	1050.96	1054.60	1057.25	1059.71	1063.16	1067.36	1074.02	1084.14	1097.05	1110.43	1123.90	1141.31	1164.06	1190.06	1215.75	1241.84	1264.88	1282.78	1296.91	1310.12	1321.12	1332.13	1344.30	1355.86	1365.63	1375.89	1375.05	1357.88	1330.72	1307.26	1287.28	1268.33	1251.39	1239.30	1227.54	1209.42	1228.82	1304.73	1413.92	1516.67	1623.88	1693.58	1701.79	1668.60	1638.85	1604.47	1567.67	1534.34	1501.82	1462.00	1417.04	1370.95	1325.07	1279.27	1231.55	1181.77	1135.20	1094.12	1056.26	1017.45	978.97	937.18	890.02	839.46	789.57	6799.21
2050.00	951.37	961.66	971.18	979.97	988.09	995.56	1002.45	1008.79	1014.64	1020.03	1025.06	1029.79	1034.11	1037.98	1041.56	1045.36	1049.69	1053.30	1055.76	1057.94	1061.11	1065.04	1071.44	1081.33	1094.05	1107.23	1120.50	1137.80	1160.57	1186.66	1212.45	1238.66	1261.79	1279.75	1293.91	1307.17	1318.22	1329.27	1341.46	1353.03	1362.79	1373.03	1372.17	1354.99	1327.83	1304.32	1284.24	1265.19	1248.17	1235.97	1224.07	1205.80	1224.80	1299.92	1408.06	1509.76	1615.86	1684.61	1692.16	1658.50	1628.21	1593.27	1555.87	1521.86	1488.59	1448.03	1402.32	1355.41	1308.66	1261.91	1213.24	1162.49	1114.90	1072.70	1033.67	993.71	954.08	911.16	862.88	811.24	7004.45
