Vietnam_test	Total	Male	Female
1970			
 0-4	45174.517624	22951.959215	22222.558409
 5-9	48614.448934	24710.222609	23904.226325
 10-14 	28059.879144	14241.779512	13818.099632
 15-19 	32647.422118	16533.414644	16114.007474
 20-24 	24935.349136	12275.162598	12660.186538
 25-29 	20330.131599	9968.590410	10361.541189
 30-34 	19079.071066	9315.714114	9763.356952
 35-39 	19374.658867	9435.861796	9938.797072
 40-44 	15994.209716	7728.852753	8265.356963
 45-49 	14215.828644	6799.614006	7416.214639
 50-54 	11731.961565	5631.485492	6100.476073
 55-59 	10613.857030	5038.609484	5575.247546
 60-64 	8537.843940	3969.219435	4568.624505
 65-69 	7347.448688	3242.341883	4105.106805
 70-74 	4729.644967	1884.548933	2845.096034
 75-79 	2802.875946	956.133806	1846.742139
 80+ 	2070.363419	521.126913	1549.236506
Total	316259.512402	155204.637602	161054.874800
1971			
 0-4	46468.037517	23612.792810	22855.244708
 5-9	49816.091762	25306.452672	24509.639090
 10-14 	29081.249996	14749.217491	14332.032505
 15-19 	35077.155459	17759.066190	17318.089269
 20-24 	27628.558269	13704.129748	13924.428521
 25-29 	20662.357859	10093.763134	10568.594725
 30-34 	19048.793957	9291.160528	9757.633429
 35-39 	19292.309199	9373.585677	9918.723522
 40-44 	16799.705819	8108.746799	8690.959020
 45-49 	14382.730221	6858.846155	7523.884066
 50-54 	12173.245808	5809.152345	6364.093463
 55-59 	10664.258235	5055.444583	5608.813652
 60-64 	8839.811252	4089.317052	4750.494201
 65-69 	7305.862512	3208.399691	4097.462822
 70-74 	5018.399084	2005.566851	3012.832233
 75-79 	2848.696370	968.200024	1880.496346
 80+ 	2110.047018	526.457348	1583.589670
Total	327217.310337	160520.299096	166697.011242
1972			
 0-4	47538.733696	24149.955756	23388.777940
 5-9	51131.814831	25966.128446	25165.686384
 10-14 	30061.104182	15233.433601	14827.670581
 15-19 	37454.766572	18956.196668	18498.569903
 20-24 	30364.637394	15142.524499	15222.112895
 25-29 	21352.718787	10410.946904	10941.771883
 30-34 	19123.488000	9313.151004	9810.336996
 35-39 	19177.944471	9294.562646	9883.381825
 40-44 	17471.293461	8418.238048	9053.055413
 45-49 	14606.522406	6945.193519	7661.328887
 50-54 	12580.954058	5969.784205	6611.169852
 55-59 	10746.748781	5082.046765	5664.702016
 60-64 	9089.045655	4179.396935	4909.648720
 65-69 	7280.055223	3178.870434	4101.184789
 70-74 	5220.834784	2085.259241	3135.575543
 75-79 	2898.803385	984.966898	1913.836487
 80+ 	2143.094296	534.153473	1608.940823
Total	338242.559980	165844.809043	172397.750937
1973			
 0-4	48636.101099	24700.150392	23935.950707
 5-9	52393.710000	26601.098167	25792.611833
 10-14 	30989.719991	15692.906288	15296.813703
 15-19 	39744.587860	20099.006244	19645.581617
 20-24 	33342.850471	16706.315573	16636.534898
 25-29 	22390.670223	10917.276283	11473.393940
 30-34 	19281.957814	9374.644172	9907.313642
 35-39 	19001.394299	9188.467335	9812.926964
 40-44 	18080.000815	8696.743126	9383.257689
 45-49 	14890.511601	7065.898651	7824.612950
 50-54 	12994.636353	6132.804542	6861.831812
 55-59 	10867.345639	5126.767075	5740.578564
 60-64 	9344.627433	4276.626340	5068.001093
 65-69 	7292.270960	3168.806074	4123.464886
 70-74 	5405.891001	2157.815020	3248.075981
 75-79 	2984.083609	1017.578916	1966.504693
 80+ 	2192.923416	547.904662	1645.018753
Total	349833.282584	171470.808859	178362.473725
1974			
 0-4	49876.634797	25333.824049	24542.810748
 5-9	53586.198065	27193.802641	26392.395425
 10-14 	31906.292594	16149.842764	15756.449830
 15-19 	41944.559530	21191.812098	20752.747432
 20-24 	36464.669701	18337.169850	18127.499851
 25-29 	23866.315070	11664.811328	12201.503742
 30-34 	19541.847260	9484.864831	10056.982428
 35-39 	18838.819745	9094.937452	9743.882294
 40-44 	18569.115186	8919.289596	9649.825590
 45-49 	15288.912600	7248.138144	8040.774456
 50-54 	13396.735180	6294.497046	7102.238134
 55-59 	11070.159763	5210.261864	5859.897899
 60-64 	9598.612424	4381.831262	5216.781162
 65-69 	7389.830717	3202.199394	4187.631323
 70-74 	5582.779704	2230.481178	3352.298527
 75-79 	3127.290161	1075.996723	2051.293438
 80+ 	2276.293068	574.037629	1702.255439
Total	362325.065566	177587.797848	184737.267718
1975			
 0-4	51024.986128	25906.668992	25118.317136
 5-9	54953.213387	27891.552682	27061.660705
 10-14 	32844.480758	16624.215887	16220.264871
 15-19 	44036.002979	22230.667274	21805.335705
 20-24 	39655.537862	19991.181783	19664.356079
 25-29 	25816.725552	12674.017045	13142.708507
 30-34 	19926.559558	9655.662639	10270.896920
 35-39 	18724.310838	9030.585475	9693.725363
 40-44 	18923.458451	9079.299913	9844.158539
 45-49 	15820.618250	7500.414308	8320.203942
 50-54 	13781.890578	6454.274043	7327.616535
 55-59 	11368.738618	5337.447612	6031.291006
 60-64 	9848.515242	4494.191325	5354.323917
 65-69 	7582.226490	3283.522610	4298.703881
 70-74 	5756.232312	2305.857535	3450.374777
 75-79 	3333.096644	1161.859640	2171.237005
 80+ 	2397.310141	613.520892	1783.789249
Total	375793.903790	184234.939653	191558.964137
1976			
 0-4	52162.587629	26488.970374	25673.617255
 5-9	56270.988163	28554.421727	27716.566436
 10-14 	33755.611177	17085.933067	16669.678110
 15-19 	45917.941951	23172.733649	22745.208303
 20-24 	42518.623401	21452.375576	21066.247826
 25-29 	28130.462988	13892.900138	14237.562850
 30-34 	20265.096560	9795.897677	10469.198883
 35-39 	18646.684345	8984.745359	9661.938986
 40-44 	18960.305332	9083.807217	9876.498115
 45-49 	16491.966765	7818.642113	8673.324652
 50-54 	14064.821074	6572.692160	7492.128915
 55-59 	11783.149058	5512.087954	6271.061104
 60-64 	10033.513651	4583.775139	5449.738511
 65-69 	7889.356216	3417.836457	4471.519758
 70-74 	5888.974818	2366.569437	3522.405381
 75-79 	3599.472234	1272.944052	2326.528182
 80+ 	2549.048005	663.579210	1885.468795
Total	388928.603367	190719.911306	198208.692061
1977			
 0-4	53183.856866	27009.947095	26173.909771
 5-9	57607.716686	29229.638819	28378.077868
 10-14 	34673.291409	17555.401423	17117.889986
 15-19 	47673.671211	24054.888221	23618.782990
 20-24 	45190.211404	22798.561683	22391.649722
 25-29 	30719.377444	15260.044237	15459.333207
 30-34 	20782.726085	10030.385757	10752.340328
 35-39 	18633.740579	8969.830316	9663.910263
 40-44 	18821.827790	9003.107775	9818.720015
 45-49 	17182.213824	8144.571176	9037.642648
 50-54 	14332.805258	6689.287823	7643.517434
 55-59 	12250.270278	5707.006481	6543.263797
 60-64 	10208.168801	4670.214343	5537.954458
 65-69 	8242.584928	3574.315578	4668.269349
 70-74 	6017.278409	2425.537084	3591.741325
 75-79 	3881.848232	1390.038508	2491.809724
 80+ 	2728.955084	723.675486	2005.279597
Total	402130.544288	197236.451804	204894.092484
1978			
 0-4	54156.174634	27508.955008	26647.219626
 5-9	58943.983763	29904.583283	29039.400480
 10-14 	35551.288357	18005.550406	17545.737950
 15-19 	49329.758633	24888.250982	24441.507651
 20-24 	47715.957073	24060.791186	23655.165887
 25-29 	33507.446744	16726.674399	16780.772345
 30-34 	21612.302454	10433.274505	11179.027950
 35-39 	18669.510604	8973.784300	9695.726304
 40-44 	18598.062779	8881.546054	9716.516724
 45-49 	17795.902531	8431.653156	9364.249374
 50-54 	14650.128766	6832.844091	7817.284676
 55-59 	12714.856974	5898.079814	6816.777160
 60-64 	10409.885627	4766.119666	5643.765961
 65-69 	8590.419528	3729.889844	4860.529684
 70-74 	6164.131220	2490.671689	3673.459531
 75-79 	4147.160968	1499.381822	2647.779146
 80+ 	2934.998857	793.001520	2141.997337
Total	415491.969512	203825.051726	211666.917786
1979			
 0-4	55172.093882	28033.376175	27138.717706
 5-9	60300.295464	30600.139865	29700.155599
 10-14 	36327.353714	18393.069935	17934.283779
 15-19 	50928.954194	25694.922851	25234.031343
 20-24 	50130.296150	25261.484767	24868.811383
 25-29 	36435.296775	18253.669078	18181.627697
 30-34 	22868.814309	11068.021609	11800.792700
 35-39 	18784.213267	9011.746259	9772.467007
 40-44 	18363.596823	8756.800478	9606.796345
 45-49 	18269.217278	8649.840706	9619.376572
 50-54 	15061.028696	7023.753423	8037.275274
 55-59 	13147.449624	6074.779161	7072.670463
 60-64 	10667.128051	4882.626688	5784.501363
 65-69 	8907.268565	3873.983964	5033.284601
 70-74 	6350.648238	2571.139276	3779.508962
 75-79 	4379.087268	1594.784009	2784.303259
 80+ 	3170.538060	873.054222	2297.483837
Total	429263.280356	210617.192464	218646.087893
1980			
 0-4	56325.856310	28630.827420	27695.028890
 5-9	61437.890068	31170.903801	30266.986267
 10-14 	37211.422409	18846.301062	18365.121347
 15-19 	52485.958193	26483.484110	26002.474083
 20-24 	52439.682652	26406.028983	26033.653669
 25-29 	39459.544451	19812.878722	19646.665729
 30-34 	24608.172359	11964.181812	12643.990547
 35-39 	19014.705007	9103.492705	9911.212302
 40-44 	18153.479995	8646.789800	9506.690195
 45-49 	18580.073080	8789.311997	9790.761082
 50-54 	15579.940758	7268.514558	8311.426199
 55-59 	13536.807166	6234.200092	7302.607074
 60-64 	10988.786687	5022.686809	5966.099877
 65-69 	9185.560929	4003.143778	5182.417151
 70-74 	6581.565318	2669.574541	3911.990777
 75-79 	4573.993539	1674.994629	2898.998910
 80+ 	3434.310669	963.338873	2470.971796
Total	443597.749592	217690.653693	225907.095898
1981			
 0-4	57664.107586	29324.339474	28339.768112
 5-9	62645.508002	31794.771543	30850.736459
 10-14 	38095.091170	19292.233804	18802.857366
 15-19 	54036.571762	27267.776882	26768.794880
 20-24 	54708.824247	27537.008600	27171.815647
 25-29 	42449.961259	21326.958816	21123.002443
 30-34 	26971.825622	13200.913413	13770.912209
 35-39 	19389.879039	9263.317338	10126.561701
 40-44 	18096.610466	8615.471092	9481.139374
 45-49 	18642.488020	8810.474580	9832.013440
 50-54 	16274.757477	7596.841826	8677.915651
 55-59 	13840.246484	6361.298800	7478.947683
 60-64 	11423.548436	5206.483109	6217.065327
 65-69 	9390.830862	4103.429266	5287.401597
 70-74 	6891.219373	2799.638987	4091.580386
 75-79 	4713.941614	1733.572216	2980.369398
 80+ 	3730.046768	1065.135053	2664.911716
Total	458965.458185	225299.664798	233665.793387
1982			
 0-4	59214.110723	30126.415088	29087.695635
 5-9	63808.609483	32395.404605	31413.204877
 10-14 	38977.811680	19738.776579	19239.035102
 15-19 	55575.278444	28050.348022	27524.930422
 20-24 	56882.754496	28624.200162	28258.554334
 25-29 	45349.268444	22777.482272	22571.786172
 30-34 	29710.190563	14635.147710	15075.042853
 35-39 	20015.596347	9553.529954	10462.066392
 40-44 	18147.959181	8637.045336	9510.913845
 45-49 	18551.215758	8758.533434	9792.682324
 50-54 	16998.431011	7938.043417	9060.387594
 55-59 	14129.886880	6487.681429	7642.205451
 60-64 	11905.293379	5406.801064	6498.492315
 65-69 	9577.762755	4195.648442	5382.114313
 70-74 	7228.482212	2941.514884	4286.967328
 75-79 	4839.170833	1785.852356	3053.318477
 80+ 	4038.284850	1170.834598	2867.450252
Total	474950.107038	233223.259352	241726.847686
1983			
 0-4	60955.931796	31025.889996	29930.041800
 5-9	65004.150783	33016.052671	31988.098112
 10-14 	39827.035898	20168.439599	19658.596298
 15-19 	57056.378113	28806.482746	28249.895366
 20-24 	58936.010743	29654.257374	29281.753369
 25-29 	48124.734508	24156.728220	23968.006288
 30-34 	32688.949984	16189.268418	16499.681565
 35-39 	20983.453814	10026.517351	10956.936463
 40-44 	18268.525683	8688.548240	9579.977443
 45-49 	18382.889659	8671.093416	9711.796243
 50-54 	17649.951754	8243.839388	9406.112366
 55-59 	14468.012183	6641.068664	7826.943520
 60-64 	12381.625065	5602.184986	6779.440079
 65-69 	9788.080087	4295.510468	5492.569619
 70-74 	7555.876719	3080.794509	4475.082211
 75-79 	4978.628965	1842.907080	3135.721885
 80+ 	4344.372234	1275.087634	3069.284601
Total	491394.607987	241384.670760	250009.937227
1984			
 0-4	62815.118886	31984.323737	30830.795149
 5-9	66310.735887	33695.893377	32614.842511
 10-14 	40643.706969	20588.373350	20055.333618
 15-19 	58427.575266	29503.008339	28924.566928
 20-24 	60872.891439	30630.093692	30242.797747
 25-29 	50730.227115	25448.249460	25281.977655
 30-34 	35772.844169	17786.269463	17986.574706
 35-39 	22358.189051	10719.568958	11638.620093
 40-44 	18458.157283	8768.622517	9689.534766
 45-49 	18193.012278	8574.992400	9618.019878
 50-54 	18152.071239	8477.168538	9674.902701
 55-59 	14891.304858	6837.206210	8054.098648
 60-64 	12818.805694	5779.938136	7038.867558
 65-69 	10046.812991	4412.043366	5634.769625
 70-74 	7850.187861	3208.253016	4641.934844
 75-79 	5149.568463	1911.388518	3238.179945
 80+ 	4639.051783	1374.602786	3264.448997
Total	508130.261233	249699.995863	258430.265371
1985			
 0-4	64728.669247	32969.481492	31759.187755
 5-9	67786.201258	34463.315780	33322.885478
 10-14 	41284.822366	20911.400265	20373.422102
 15-19 	59769.855331	30193.243638	29576.611694
 20-24 	62703.220190	31559.081805	31144.138385
 25-29 	53134.670122	26639.668311	26495.001811
 30-34 	38873.663262	19376.613913	19497.049349
 35-39 	24165.465300	11647.391688	12518.073612
 40-44 	18734.959004	8887.354560	9847.604443
 45-49 	18007.023923	8482.779709	9524.244213
 50-54 	18474.755794	8623.988116	9850.767678
 55-59 	15409.496388	7079.806833	8329.689555
 60-64 	13202.752024	5935.716149	7267.035875
 65-69 	10360.000749	4546.664212	5813.336537
 70-74 	8104.647986	3320.922178	4783.725808
 75-79 	5354.720719	1992.715259	3362.005460
 80+ 	4922.556330	1469.538988	3453.017342
Total	525017.479993	258099.682894	266917.797099
1986			
 0-4	66591.493590	33927.883136	32663.610454
 5-9	69402.140682	35302.804672	34099.336010
 10-14 	41938.569957	21251.955370	20686.614587
 15-19 	60875.977507	30748.279844	30127.697663
 20-24 	64353.174005	32394.354125	31958.819880
 25-29 	55317.809976	27729.453313	27588.356664
 30-34 	41771.410819	20837.040448	20934.370372
 35-39 	26475.693734	12852.117247	13623.576487
 40-44 	19079.715542	9034.209742	10045.505801
 45-49 	17920.330764	8440.603114	9479.727650
 50-54 	18505.915522	8631.939983	9873.975539
 55-59 	16070.761155	7388.193013	8682.568141
 60-64 	13478.634366	6048.947602	7429.686764
 65-69 	10763.231187	4712.680884	6050.550303
 70-74 	8283.493804	3404.897807	4878.595997
 75-79 	5616.836579	2094.858678	3521.977901
 80+ 	5184.580224	1556.500550	3628.079674
Total	541629.769415	266356.719526	275273.049889
1987			
 0-4	68325.329911	34819.746201	33505.583710
 5-9	71154.193331	36211.279139	34942.914192
 10-14 	42552.043120	21571.651001	20980.392120
 15-19 	61885.119114	31255.810887	30629.308227
 20-24 	65852.942475	33157.042542	32695.899933
 25-29 	57285.353776	28717.302424	28568.051352
 30-34 	44471.964731	22182.722631	22289.242100
 35-39 	29083.000796	14214.588574	14868.412222
 40-44 	19631.107011	9288.591649	10342.515361
 45-49 	17910.310324	8434.844852	9475.465471
 50-54 	18355.452705	8553.794047	9801.658658
 55-59 	16734.652416	7696.388132	9038.264284
 60-64 	13721.695095	6152.527271	7569.167824
 65-69 	11194.625483	4886.108460	6308.517022
 70-74 	8436.646893	3478.189435	4958.457457
 75-79 	5893.423829	2202.800191	3690.623638
 80+ 	5442.129407	1641.386817	3800.742590
Total	557929.990416	274464.774254	283465.216162
1988			
 0-4	69853.241446	35606.341522	34246.899925
 5-9	72973.147964	37151.712156	35821.435808
 10-14 	43166.814325	21894.143059	21272.671266
 15-19 	62844.660637	31737.833881	31106.826756
 20-24 	67138.293875	33811.156405	33327.137470
 25-29 	59018.471629	29590.813857	29427.657772
 30-34 	46952.806630	23410.562976	23542.243654
 35-39 	31855.393599	15658.614067	16196.779532
 40-44 	20481.126925	9703.163192	10777.963733
 45-49 	17940.099477	8444.278690	9495.820786
 50-54 	18102.298664	8428.206369	9674.092296
 55-59 	17298.145216	7956.054497	9342.090718
 60-64 	13991.034547	6272.389199	7718.645347
 65-69 	11600.988149	5046.014994	6554.973155
 70-74 	8600.022110	3553.410833	5046.611277
 75-79 	6151.110100	2304.664116	3846.445984
 80+ 	5707.315439	1728.479882	3978.835557
Total	573674.970732	282297.839695	291377.131037
1989			
 0-4	71121.996457	36263.589126	34858.407331
 5-9	74731.697804	38057.881096	36673.816708
 10-14 	43818.439494	22236.628874	21581.810620
 15-19 	63782.065856	32221.420942	31560.644914
 20-24 	68111.963323	34294.520995	33817.442329
 25-29 	60501.398531	30341.036263	30160.362269
 30-34 	49165.617101	24501.857071	24663.760030
 35-39 	34656.340489	17106.267218	17550.073271
 40-44 	21690.973991	10313.300992	11377.672999
 45-49 	18010.284362	8468.415089	9541.869273
 50-54 	17802.922925	8282.499294	9520.423631
 55-59 	17682.518465	8130.217281	9552.301184
 60-64 	14318.390781	6421.869815	7896.520966
 65-69 	11946.876441	5179.617702	6767.258738
 70-74 	8792.861042	3636.868120	5155.992922
 75-79 	6368.503594	2392.654293	3975.849301
 80+ 	5983.932363	1819.374326	4164.558037
Total	588486.783020	289668.018497	298818.764523
1990			
 0-4	72068.872192	36764.404776	35304.467416
 5-9	76318.603418	38874.595210	37444.008208
 10-14 	44514.693452	22602.484447	21912.209005
 15-19 	64357.012401	32506.216028	31850.796372
 20-24 	68962.830834	34730.296008	34232.534826
 25-29 	61687.060768	30945.743073	30741.317695
 30-34 	51045.600765	25426.488513	25619.112252
 35-39 	37373.790292	18495.418944	18878.371348
 40-44 	23268.780834	11124.580993	12144.199841
 45-49 	18132.309697	8514.034907	9618.274790
 50-54 	17477.769037	8126.706176	9351.062861
 55-59 	17852.929774	8202.953818	9649.975957
 60-64 	14703.875305	6600.102158	8103.773147
 65-69 	12213.681946	5280.917501	6932.764445
 70-74 	9014.037912	3727.000621	5287.037291
 75-79 	6537.163722	2463.467792	4073.695930
 80+ 	6265.723949	1912.473466	4353.250483
Total	601794.736298	296297.884431	305496.851867
1991			
 0-4	72573.144527	37050.582528	35522.561999
 5-9	77590.208316	39529.550325	38060.657991
 10-14 	45199.963406	22962.763949	22237.199457
 15-19 	64751.384741	32719.314459	32032.070282
 20-24 	69401.703704	34942.610325	34459.093380
 25-29 	62458.869923	31336.649880	31122.220043
 30-34 	52532.091264	26162.244257	26369.847007
 35-39 	39761.436741	19690.521368	20070.915373
 40-44 	25256.229411	12163.896334	13092.333077
 45-49 	18279.295760	8567.536007	9711.759753
 50-54 	17213.280589	8002.266176	9211.014414
 55-59 	17697.066114	8122.907099	9574.159015
 60-64 	15180.433845	6818.919044	8361.514801
 65-69 	12345.006122	5329.442703	7015.563419
 70-74 	9285.812430	3831.097941	5454.714490
 75-79 	6625.216496	2505.648029	4119.568467
 80+ 	6551.648341	2007.592803	4544.055538
Total	612702.791732	301743.543226	310959.248507
1992			
 0-4	72428.993080	37013.551163	35415.441917
 5-9	78426.842288	39966.407554	38460.434734
 10-14 	45806.977344	23282.871906	22524.105439
 15-19 	64734.327658	32722.754721	32011.572936
 20-24 	69461.965134	34967.634261	34494.330874
 25-29 	62789.144307	31506.497059	31282.647248
 30-34 	53557.037860	26672.888671	26884.149189
 35-39 	41756.475916	20672.647045	21083.828872
 40-44 	27392.462224	13285.348464	14107.113760
 45-49 	18556.178686	8691.396392	9864.782293
 50-54 	16966.120268	7886.168352	9079.951915
 55-59 	17308.632366	7934.871858	9373.760507
 60-64 	15590.358764	7005.798297	8584.560467
 65-69 	12397.791954	5348.958164	7048.833790
 70-74 	9539.597668	3923.764521	5615.833147
 75-79 	6666.490479	2529.933762	4136.556717
 80+ 	6811.019994	2094.838899	4716.181095
Total	620190.415991	305506.331091	314684.084901
1993			
 0-4	71357.778308	36504.967780	34852.810528
 5-9	78715.619954	40131.198744	38584.421210
 10-14 	46217.719142	23501.957358	22715.761784
 15-19 	64291.048291	32514.241810	31776.806481
 20-24 	69071.710954	34767.752080	34303.958874
 25-29 	62555.269665	31390.413142	31164.856523
 30-34 	54025.872026	26909.547103	27116.324923
 35-39 	43256.134696	21400.224855	21855.909841
 40-44 	29475.119539	14378.136097	15096.983442
 45-49 	19008.674219	8915.129479	10093.544740
 50-54 	16677.228483	7747.355514	8929.872970
 55-59 	16748.902356	7669.095305	9079.807051
 60-64 	15812.641458	7105.244634	8707.396824
 65-69 	12409.006033	5354.701873	7054.304159
 70-74 	9713.022468	3981.477304	5731.545164
 75-79 	6681.231339	2542.221651	4139.009688
 80+ 	7013.655288	2164.455317	4849.199971
Total	623030.634219	306978.120046	316052.514173
1994			
 0-4	69036.443705	35353.609137	33682.834568
 5-9	78303.342029	39946.288770	38357.053260
 10-14 	46298.086404	23551.268966	22746.817438
 15-19 	63425.859675	32094.981977	31330.877698
 20-24 	68186.569226	34331.982269	33854.586957
 25-29 	61646.361304	30919.849874	30726.511430
 30-34 	53883.493260	26844.482234	27039.011026
 35-39 	44151.340156	21826.878651	22324.461505
 40-44 	31297.358246	15330.287239	15967.071008
 45-49 	19642.585664	9246.023017	10396.562647
 50-54 	16327.796737	7576.568864	8751.227873
 55-59 	16062.204257	7347.041267	8715.162990
 60-64 	15760.597459	7077.822466	8682.774993
 65-69 	12390.003050	5350.296269	7039.706781
 70-74 	9764.686203	3989.700433	5774.985769
 75-79 	6676.322989	2543.845100	4132.477888
 80+ 	7138.408804	2209.476794	4928.932010
Total	619991.459168	305540.403326	314451.055842
1995			
 0-4	65261.121707	33449.658898	31811.462809
 5-9	77042.286145	39335.675301	37706.610845
 10-14 	45980.916844	23396.870638	22584.046206
 15-19 	62184.007856	31486.371267	30697.636589
 20-24 	66505.896325	33477.756973	33028.139353
 25-29 	60317.585632	30249.941287	30067.644345
 30-34 	53130.715749	26478.635934	26652.079815
 35-39 	44391.054015	21931.518761	22459.535254
 40-44 	32721.723790	16068.220395	16653.503394
 45-49 	20426.120123	9668.251676	10757.868447
 50-54 	15929.131505	7380.580150	8548.551354
 55-59 	15279.751714	6983.456887	8296.294827
 60-64 	15417.404445	6916.736654	8500.667791
 65-69 	12336.135095	5332.332809	7003.802286
 70-74 	9683.655443	3945.838180	5737.817262
 75-79 	6649.069397	2533.109609	4115.959787
 80+ 	7180.880091	2228.416448	4952.463644
Total	610437.455876	300863.371868	309574.084008
1996			
 0-4	60255.161523	30906.364103	29348.797420
 5-9	74867.793651	38262.110566	36605.683085
 10-14 	45284.080436	23048.061121	22236.019315
 15-19 	60677.007702	30743.459548	29933.548155
 20-24 	64482.336462	32467.915425	32014.421037
 25-29 	58529.814316	29332.940605	29196.873711
 30-34 	51866.727538	25852.461958	26014.265580
 35-39 	44068.564027	21768.644228	22299.919799
 40-44 	33608.912100	16513.431037	17095.481063
 45-49 	21404.207618	10206.239871	11197.967747
 50-54 	15499.246733	7167.356610	8331.890123
 55-59 	14524.209205	6635.329740	7888.879464
 60-64 	14749.828820	6608.104375	8141.724445
 65-69 	12299.413264	5320.495871	6978.917393
 70-74 	9458.341634	3848.128566	5610.213068
 75-79 	6629.663193	2520.449573	4109.213621
 80+ 	7145.911124	2222.481248	4923.429876
Total	595351.219347	293423.974445	301927.244902
1997			
 0-4	54804.386040	28127.326899	26677.059142
 5-9	71671.274039	36663.798016	35007.476023
 10-14 	44339.406243	22574.917098	21764.489145
 15-19 	59137.929028	29983.003817	29154.925211
 20-24 	62222.549735	31335.638104	30886.911631
 25-29 	56590.040479	28340.869424	28249.171055
 30-34 	50351.067052	25099.597698	25251.469354
 35-39 	43380.670441	21431.896749	21948.773692
 40-44 	34099.092194	16747.467707	17351.624487
 45-49 	22428.198338	10769.366198	11658.832140
 50-54 	15198.270287	7022.214693	8176.055594
 55-59 	13827.849329	6314.616772	7513.232557
 60-64 	13935.312678	6233.379773	7701.932905
 65-69 	12207.819701	5282.473364	6925.346337
 70-74 	9188.415354	3736.251257	5452.164097
 75-79 	6597.971913	2500.742870	4097.229043
 80+ 	7077.774075	2205.539018	4872.235057
Total	577058.026926	284369.099456	292688.927470
1998			
 0-4	49732.007339	25536.768532	24195.238806
 5-9	67615.593900	34620.736909	32994.856990
 10-14 	43321.602437	22068.814578	21252.787859
 15-19 	57769.708828	29307.139128	28462.569700
 20-24 	60078.055286	30265.100862	29812.954424
 25-29 	54748.336740	27398.839384	27349.497356
 30-34 	48788.469518	24319.011910	24469.457609
 35-39 	42540.592061	21023.915979	21516.676081
 40-44 	34353.994945	16859.202636	17494.792309
 45-49 	23471.968114	11335.182103	12136.786010
 50-54 	15139.363133	7003.162183	8136.200950
 55-59 	13215.460214	6029.439860	7186.020354
 60-64 	13111.855322	5856.135790	7255.719532
 65-69 	12043.803408	5210.333267	6833.470141
 70-74 	8956.526449	3642.908570	5313.617879
 75-79 	6549.720244	2473.782235	4075.938009
 80+ 	7018.518890	2190.956187	4827.562704
Total	558455.576829	275141.430116	283314.146713
1999			
 0-4	45549.545083	23400.408463	22149.136620
 5-9	63054.199761	32312.116710	30742.083051
 10-14 	42311.065927	21570.516722	20740.549205
 15-19 	56663.469652	28762.037749	27901.431903
 20-24 	58298.526628	29381.377713	28917.148915
 25-29 	53183.995134	26606.022410	26577.972724
 30-34 	47306.269456	23564.293822	23741.975634
 35-39 	41723.392181	20631.955998	21091.436183
 40-44 	34494.889262	16918.280347	17576.608915
 45-49 	24524.710666	11894.095495	12630.615171
 50-54 	15392.234470	7144.820989	8247.413481
 55-59 	12718.226488	5791.667512	6926.558976
 60-64 	12358.035452	5510.789801	6847.245651
 65-69 	11802.604803	5100.976844	6701.627960
 70-74 	8806.492746	3583.205409	5223.287337
 75-79 	6490.226691	2442.241441	4047.985250
 80+ 	6994.956072	2187.205623	4807.750449
Total	541672.840473	266802.013048	274870.827425
2000			
 0-4	42410.831073	21798.365416	20612.465656
 5-9	58311.789492	29903.569541	28408.219951
 10-14 	41304.359140	21077.447996	20226.911144
 15-19 	55857.898891	28368.007652	27489.891240
 20-24 	57013.739655	28748.211931	28265.527723
 25-29 	51750.040049	25864.857490	25885.182559
 30-34 	46185.462179	22997.869598	23187.592580
 35-39 	41031.108644	20309.598477	20721.510168
 40-44 	34600.325004	16971.517657	17628.807347
 45-49 	25597.527231	12452.528637	13144.998594
 50-54 	15981.043559	7457.919441	8523.124118
 55-59 	12358.794806	5610.701860	6748.092946
 60-64 	11697.669766	5206.107448	6491.562318
 65-69 	11498.321300	4960.137244	6538.184057
 70-74 	8748.645485	3558.339085	5190.306399
 75-79 	6429.533559	2409.663663	4019.869896
 80+ 	7017.999793	2197.587650	4820.412143
Total	527795.089626	259892.430786	267902.658841
2001			
 0-4	40142.372913	20642.447813	19499.925100
 5-9	53808.474758	27612.682373	26195.792386
 10-14 	40239.295804	20555.865732	19683.430072
 15-19 	55318.973317	28108.133697	27210.839621
 20-24 	56211.205982	28357.213552	27853.992430
 25-29 	50683.228011	25320.594184	25362.633827
 30-34 	45288.249517	22530.119714	22758.129803
 35-39 	40475.303157	20056.662971	20418.640187
 40-44 	34722.342394	17051.890677	17670.451717
 45-49 	26604.489813	12962.993478	13641.496335
 50-54 	16952.839792	7969.261105	8983.578686
 55-59 	12128.478426	5481.041409	6647.437017
 60-64 	11186.240942	4965.393236	6220.847706
 65-69 	11084.668521	4767.461571	6317.206950
 70-74 	8808.051476	3575.658271	5232.393205
 75-79 	6353.031890	2371.454485	3981.577405
 80+ 	7098.696604	2225.085862	4873.610742
Total	517105.943318	254553.960131	262551.983187
2002			
 0-4	38651.086463	19885.781550	18765.304913
 5-9	49900.389997	25623.143160	24277.246837
 10-14 	38920.604449	19903.184165	19017.420284
 15-19 	55026.162393	27974.241936	27051.920457
 20-24 	55914.345257	28223.642409	27690.702848
 25-29 	49904.938036	24921.250693	24983.687342
 30-34 	44693.403523	22214.295803	22479.107720
 35-39 	40109.203068	19900.410323	20208.792745
 40-44 	34899.795970	17173.958766	17725.837204
 45-49 	27591.017739	13457.935827	14133.081912
 50-54 	18171.793020	8603.145812	9568.647207
 55-59 	12117.800121	5455.554480	6662.245641
 60-64 	10803.068469	4778.325974	6024.742496
 65-69 	10644.450586	4561.536001	6082.914585
 70-74 	8906.673529	3604.266106	5302.407423
 75-79 	6302.912800	2343.168750	3959.744051
 80+ 	7223.449599	2265.069830	4958.379769
Total	509781.095018	250888.911583	258892.183435
2003			
 0-4	37829.962647	19475.657807	18354.304840
 5-9	46724.961263	24005.458835	22719.502428
 10-14 	37265.519874	19076.656094	18188.863781
 15-19 	54942.857023	27948.824924	26994.032100
 20-24 	56058.664945	28314.412142	27744.252803
 25-29 	49455.982950	24693.196977	24762.785974
 30-34 	44381.732084	22039.255707	22342.476377
 35-39 	39897.420680	19815.471379	20081.949300
 40-44 	35140.296049	17333.057326	17807.238723
 45-49 	28567.718694	13946.430182	14621.288512
 50-54 	19564.425293	9319.203278	10245.222015
 55-59 	12380.030703	5566.393915	6813.636788
 60-64 	10525.278361	4633.958314	5891.320047
 65-69 	10228.739943	4367.139514	5861.600429
 70-74 	8994.751954	3625.817857	5368.934097
 75-79 	6307.793451	2336.075107	3971.718344
 80+ 	7378.108907	2312.484624	5065.624283
Total	505644.244822	248809.493982	256834.750839
2004			
 0-4	37453.089968	19302.224441	18150.865527
 5-9	44400.758264	22821.999598	21578.758665
 10-14 	35358.843653	18119.462843	17239.380810
 15-19 	55016.561283	28007.365249	27009.196035
 20-24 	56546.199132	28581.983075	27964.216056
 25-29 	49375.760697	24660.180274	24715.580424
 30-34 	44348.623602	22014.804378	22333.819223
 35-39 	39795.660856	19771.359380	20024.301476
 40-44 	35461.781005	17533.806415	17927.974590
 45-49 	29530.877959	14430.395968	15100.481991
 50-54 	21063.183398	10080.893766	10982.289632
 55-59 	12948.132145	5833.847242	7114.284903
 60-64 	10355.080004	4534.723334	5820.356669
 65-69 	9866.414024	4197.805725	5668.608299
 70-74 	9039.597119	3628.923729	5410.673390
 75-79 	6380.710524	2355.350119	4025.360405
 80+ 	7555.146346	2364.952071	5190.194275
Total	504496.419979	248240.077608	256256.342372
2005			
 0-4	37441.855334	19332.898671	18108.956663
 5-9	42890.157370	22055.310514	20834.846856
 10-14 	33329.257245	17097.185146	16232.072099
 15-19 	55189.324844	28122.768966	27066.555878
 20-24 	57301.072716	28987.002589	28314.070127
 25-29 	49676.418079	24827.218793	24849.199286
 30-34 	44376.086755	22013.997072	22362.089683
 35-39 	39950.414470	19859.545310	20090.869159
 40-44 	35869.971035	17777.497935	18092.473101
 45-49 	30474.614997	14908.918138	15565.696859
 50-54 	22626.417734	10865.351876	11761.065858
 55-59 	13828.297302	6261.558135	7566.739166
 60-64 	10300.340453	4485.697711	5814.642742
 65-69 	9561.999702	4054.594370	5507.405333
 70-74 	9032.641136	3611.053043	5421.588092
 75-79 	6520.633697	2400.330188	4120.303510
 80+ 	7753.660334	2422.312181	5331.348153
Total	506123.163202	249083.240638	257039.922564
2006			
 0-4	37716.874710	19531.175710	18185.699000
 5-9	42033.036809	21627.239343	20405.797466
 10-14 	31436.624030	16144.895278	15291.728752
 15-19 	55387.511944	28260.289652	27127.222292
 20-24 	58255.226320	29497.530978	28757.695342
 25-29 	50329.224701	25182.324235	25146.900466
 30-34 	44644.397888	22154.254021	22490.143867
 35-39 	40220.511728	19995.403513	20225.108215
 40-44 	36343.585769	18048.083566	18295.502204
 45-49 	31410.444950	15393.689376	16016.755574
 50-54 	24151.193133	11617.164906	12534.028226
 55-59 	15065.188375	6875.154425	8190.033950
 60-64 	10354.082756	4484.364128	5869.718628
 65-69 	9362.277694	3957.520484	5404.757211
 70-74 	8926.887717	3553.888263	5372.999454
 75-79 	6746.519103	2477.315192	4269.203910
 80+ 	7966.549314	2482.701874	5483.847440
Total	510350.136941	251282.994943	259067.141998
2007			
 0-4	38215.839669	19855.713327	18360.126341
 5-9	41765.569723	21512.723943	20252.845779
 10-14 	29877.102250	15362.085952	14515.016297
 15-19 	55442.729703	28330.259191	27112.470511
 20-24 	59387.094271	30101.685328	29285.408943
 25-29 	51331.408442	25720.239967	25611.168475
 30-34 	45060.902248	22372.416921	22688.485327
 35-39 	40656.964198	20214.071314	20442.892883
 40-44 	36909.983594	18360.913589	18549.070005
 45-49 	32351.004265	15888.022960	16462.981305
 50-54 	25655.104395	12351.718001	13303.386395
 55-59 	16545.510274	7611.253180	8934.257094
 60-64 	10593.946568	4573.001077	6020.945491
 65-69 	9250.606505	3897.341650	5353.264855
 70-74 	8777.585946	3480.610520	5296.975426
 75-79 	6997.457918	2562.889896	4434.568021
 80+ 	8211.821119	2552.578723	5659.242396
Total	517030.631086	254747.525540	262283.105545
2008			
 0-4	38871.815361	20260.126587	18611.688774
 5-9	42006.434523	21676.119025	20330.315498
 10-14 	28671.240924	14758.316941	13912.923984
 15-19 	55229.340340	28265.620346	26963.719994
 20-24 	60694.192485	30798.781057	29895.411428
 25-29 	52636.905912	26414.504793	26222.401120
 30-34 	45670.263227	22693.408781	22976.854447
 35-39 	41255.252045	20511.912684	20743.339360
 40-44 	37536.653458	18697.143370	18839.510088
 45-49 	33297.985513	16390.068729	16907.916784
 50-54 	27140.453995	13075.755014	14064.698981
 55-59 	18208.471232	8435.933517	9772.537716
 60-64 	11072.674464	4780.256718	6292.417746
 65-69 	9207.675083	3863.683830	5343.991252
 70-74 	8622.287502	3407.377444	5214.910057
 75-79 	7230.993350	2641.080116	4589.913233
 80+ 	8503.979465	2637.166917	5866.812548
Total	525856.618879	259307.255869	266549.363010
2009			
 0-4	39581.391765	20681.579560	18899.812205
 5-9	42578.593837	22025.205399	20553.388439
 10-14 	27874.210354	14361.057711	13513.152644
 15-19 	54617.999519	27996.105857	26621.893662
 20-24 	62142.250903	31572.362919	30569.887984
 25-29 	54182.172790	27230.952348	26951.220442
 30-34 	46529.920131	23143.841540	23386.078591
 35-39 	42031.315118	20901.999056	21129.316061
 40-44 	38182.116446	19026.109872	19156.006574
 45-49 	34260.091204	16901.442198	17358.649006
 50-54 	28591.281032	13787.311199	14803.969833
 55-59 	19993.527070	9317.044546	10676.482524
 60-64 	11833.472429	5129.637996	6703.834432
 65-69 	9239.929446	3859.940005	5379.989440
 70-74 	8485.325216	3344.977746	5140.347470
 75-79 	7416.233967	2701.234516	4714.999451
 80+ 	8849.209097	2738.660558	6110.548539
Total	536389.040323	264719.463025	271669.577298
2010			
 0-4	40250.805851	21065.474186	19185.331666
 5-9	43409.028364	22519.436882	20889.591482
 10-14 	27481.459941	14167.357142	13314.102800
 15-19 	53451.507912	27436.384717	26015.123194
 20-24 	63625.149122	32369.114988	31256.034134
 25-29 	55918.432208	28142.247310	27776.184898
 30-34 	47672.162436	23736.132170	23936.030267
 35-39 	42790.993275	21264.510658	21526.482617
 40-44 	38987.250526	19430.499215	19556.751310
 45-49 	35230.815412	17416.110199	17814.705213
 50-54 	29979.902312	14476.324290	15503.578022
 55-59 	21852.689272	10230.419964	11622.269309
 60-64 	12897.506990	5632.857067	7264.649924
 65-69 	9362.822290	3894.701294	5468.120995
 70-74 	8373.900939	3296.936185	5076.964754
 75-79 	7542.344244	2741.168952	4801.175292
 80+ 	9242.501818	2855.271108	6387.230710
Total	548069.272913	270674.946325	277394.326588
2011			
 0-4	40808.164794	21376.591476	19431.573319
 5-9	44397.675791	23095.763859	21301.911931
 10-14 	27423.123467	14140.113326	13283.010142
 15-19 	51787.572510	26611.830314	25175.742196
 20-24 	64972.130574	33098.236305	31873.894269
 25-29 	57795.394764	29118.640558	28676.754206
 30-34 	49088.181416	24460.530944	24627.650472
 35-39 	43717.930184	21707.715094	22010.215090
 40-44 	39816.412836	19822.128746	19994.284090
 45-49 	36178.868755	17909.079660	18269.789095
 50-54 	31296.403846	15142.103856	16154.299991
 55-59 	23670.164281	11115.136065	12555.028215
 60-64 	14317.457993	6319.082528	7998.375465
 65-69 	9577.508481	3969.161490	5608.346991
 70-74 	8333.581815	3281.900289	5051.681526
 75-79 	7566.067344	2745.831671	4820.235673
 80+ 	9686.274991	2988.273840	6698.001151
Total	560432.913842	276902.120020	283530.793822
2012			
 0-4	41209.559077	21595.953264	19613.605813
 5-9	45383.998768	23666.517610	21717.481158
 10-14 	27638.944228	14259.952049	13378.992180
 15-19 	49870.828371	25651.231494	24219.596876
 20-24 	65715.614303	33522.935172	32192.679131
 25-29 	59694.295284	30107.816790	29586.478494
 30-34 	50706.076874	25290.928484	25415.148390
 35-39 	44670.212520	22157.932636	22512.279884
 40-44 	40684.022132	20223.167397	20460.854735
 45-49 	37100.610057	18380.529040	18720.081017
 50-54 	32518.030980	15771.477408	16746.553571
 55-59 	25415.834129	11962.850330	13452.983799
 60-64 	15964.311989	7120.956516	8843.355473
 65-69 	9947.072239	4117.151267	5829.920972
 70-74 	8345.002697	3288.700107	5056.302591
 75-79 	7525.886915	2730.148544	4795.738371
 80+ 	10138.637474	3123.284033	7015.353440
Total	572528.938037	282971.532141	289557.405896
2013			
 0-4	41460.988785	21728.796693	19732.192092
 5-9	46250.957070	24167.530552	22083.426518
 10-14 	28058.263318	14497.019273	13561.244045
 15-19 	48030.026446	24723.441276	23306.585169
 20-24 	65580.308990	33499.675880	32080.633110
 25-29 	61546.899778	31078.105464	30468.794314
 30-34 	52446.418897	26188.681400	26257.737496
 35-39 	45663.681051	22633.388200	23030.292851
 40-44 	41573.245353	20628.768763	20944.476590
 45-49 	37954.947884	18807.921668	19147.026216
 50-54 	33633.291661	16353.482907	17279.808754
 55-59 	27061.045372	12763.483065	14297.562306
 60-64 	17756.688803	7995.361421	9761.327382
 65-69 	10517.258522	4363.077018	6154.181504
 70-74 	8390.193124	3306.167193	5084.025931
 75-79 	7452.536273	2705.502492	4747.033781
 80+ 	10567.288940	3249.655866	7317.633074
Total	583944.040268	288690.059133	295253.981136
2014			
 0-4	41585.143840	21790.739334	19794.404506
 5-9	46919.849911	24554.000859	22365.849052
 10-14 	28557.412687	14787.686610	13769.726077
 15-19 	46582.899992	23993.857472	22589.042519
 20-24 	64524.886493	33003.782910	31521.103583
 25-29 	63258.352284	31982.543278	31275.809006
 30-34 	54215.032091	27105.660831	27109.371260
 35-39 	46730.757800	23154.882313	23575.875487
 40-44 	42492.992349	21055.020913	21437.971436
 45-49 	38700.214508	19163.540868	19536.673640
 50-54 	34653.938397	16889.391400	17764.546997
 55-59 	28577.539722	13506.493768	15071.045954
 60-64 	19611.847130	8898.538068	10713.309063
 65-69 	11323.050468	4726.039427	6597.011041
 70-74 	8474.049093	3335.077584	5138.971510
 75-79 	7368.894542	2679.447733	4689.446809
 80+ 	10950.190428	3360.446163	7589.744266
Total	594527.051736	293987.149530	300539.902206
2015			
 0-4	41596.110783	21785.588403	19810.522379
 5-9	47367.149239	24811.563273	22555.585966
 10-14 	29093.775667	15106.865597	13986.910071
 15-19 	45636.311327	23518.576719	22117.734608
 20-24 	62608.735825	32062.710308	30546.025517
 25-29 	64712.085651	32763.671395	31948.414256
 30-34 	55958.997814	28013.306209	27945.691605
 35-39 	47901.350657	23738.847770	24162.502887
 40-44 	43254.100359	21392.101549	21861.998810
 45-49 	39489.901994	19541.402652	19948.499342
 50-54 	35588.923583	17381.731289	18207.192294
 55-59 	29945.455739	14184.399346	15761.056393
 60-64 	21469.717605	9799.347453	11670.370152
 65-69 	12378.544591	5214.386153	7164.158438
 70-74 	8611.197747	3382.833232	5228.364515
 75-79 	7284.985397	2654.587837	4630.397560
 80+ 	11283.510972	3455.398632	7828.112340
Total	604180.854951	298807.317818	305373.537134
2016			
 0-4	41366.035722	21643.985542	19722.050181
 5-9	47559.012716	24924.441957	22634.570759
 10-14 	29597.662044	15408.636291	14189.025753
 15-19 	45059.952234	23225.631138	21834.321096
 20-24 	60098.661045	30798.108752	29300.552293
 25-29 	65666.430970	33278.878779	32387.552191
 30-34 	57546.959781	28829.629050	28717.330731
 35-39 	49097.909305	24338.372709	24759.536596
 40-44 	43984.632512	21723.234024	22261.398488
 45-49 	40135.182394	19831.633371	20303.549022
 50-54 	36363.816001	17786.349960	18577.466041
 55-59 	31117.675804	14779.184397	16338.491407
 60-64 	23176.588597	10620.009015	12556.579582
 65-69 	13705.997576	5842.950649	7863.046927
 70-74 	8789.796632	3445.386165	5344.410468
 75-79 	7231.513107	2641.799813	4589.713295
 80+ 	11532.027759	3523.341793	8008.685965
Total	612029.854198	302641.573404	309388.280794
2017			
 0-4	41101.569345	21476.423970	19625.145376
 5-9	47624.527434	24962.800329	22661.727105
 10-14 	30036.541744	15672.108443	14364.433302
 15-19 	44896.278348	23153.805819	21742.472529
 20-24 	57548.044740	29522.090323	28025.954417
 25-29 	65947.431367	33473.821741	32473.609627
 30-34 	59094.376204	29642.741463	29451.634741
 35-39 	50447.793946	25034.039905	25413.754041
 40-44 	44721.124215	22064.188863	22656.935352
 45-49 	40819.099459	20138.259285	20680.840174
 50-54 	37122.915199	18175.383362	18947.531837
 55-59 	32197.007791	15336.194816	16860.812975
 60-64 	24793.674642	11394.329863	13399.344779
 65-69 	15231.832521	6569.812264	8662.020257
 70-74 	9106.370451	3569.456512	5536.913939
 75-79 	7223.883048	2644.632262	4579.250786
 80+ 	11740.493023	3579.036850	8161.456172
Total	619652.963477	306409.126069	313243.837408
2018			
 0-4	40713.266923	21240.020671	19473.246252
 5-9	47544.016746	24912.395431	22631.621315
 10-14 	30356.434311	15867.018655	14489.415656
 15-19 	45079.329799	23265.326433	21814.003366
 20-24 	55208.265437	28344.946552	26863.318885
 25-29 	65309.726916	33200.558009	32109.168907
 30-34 	60533.296258	30404.987633	30128.308625
 35-39 	51862.859747	25769.655721	26093.204026
 40-44 	45458.693039	22413.612305	23045.080734
 45-49 	41493.702705	20437.052032	21056.650674
 50-54 	37791.307463	18509.779460	19281.528003
 55-59 	33147.581232	15834.779143	17312.802089
 60-64 	26283.628370	12109.836056	14173.792314
 65-69 	16870.512959	7351.878742	9518.634217
 70-74 	9597.891381	3775.773565	5822.117816
 75-79 	7241.084305	2653.271502	4587.812803
 80+ 	11908.314958	3623.544676	8284.770282
Total	626399.912551	309714.436587	316685.475963
2019			
 0-4	40201.612150	20938.314206	19263.297944
 5-9	47341.583714	24790.281373	22551.302341
 10-14 	30541.734914	15984.143534	14557.591380
 15-19 	45430.426614	23473.051996	21957.374619
 20-24 	53385.880839	27424.797207	25961.083632
 25-29 	63790.010859	32474.608018	31315.402840
 30-34 	61821.758756	31096.376928	30725.381828
 35-39 	53289.493292	26515.830582	26773.662710
 40-44 	46258.809470	22803.897183	23454.912287
 45-49 	42189.903991	20752.723463	21437.180528
 50-54 	38344.305858	18770.350627	19573.955231
 55-59 	33996.156412	16284.504874	17711.651538
 60-64 	27636.041205	12765.348096	14870.693109
 65-69 	18553.102650	8153.296401	10399.806249
 70-74 	10300.419493	4083.357929	6217.061563
 75-79 	7291.145985	2670.703655	4620.442330
 80+ 	12046.045531	3660.420384	8385.625147
Total	632418.431733	312642.006457	319776.425276
2020			
 0-4	39589.800289	20586.689356	19003.110933
 5-9	47029.770021	24602.366397	22427.403624
 10-14 	30604.505142	16029.372699	14575.132443
 15-19 	45903.750267	23760.225347	22143.524920
 20-24 	52172.665126	26810.915628	25361.749498
 25-29 	61495.217194	31347.086943	30148.130251
 30-34 	62876.520819	31675.916346	31200.604473
 35-39 	54698.991383	27255.666694	27443.324689
 40-44 	47168.647515	23259.280165	23909.367350
 45-49 	42737.462402	20985.542110	21751.920292
 50-54 	38949.298463	19057.175549	19892.122914
 55-59 	34765.665279	16694.440258	18071.225022
 60-64 	28844.224181	13359.508944	15484.715237
 65-69 	20231.129007	8949.425137	11281.703870
 70-74 	11227.281811	4499.477800	6727.804011
 75-79 	7389.416595	2704.215102	4685.201493
 80+ 	12161.868852	3692.079044	8469.789808
Total	637846.214348	315269.383521	322576.830827
2021			
 0-4	38907.739805	20201.256091	18706.483714
 5-9	46604.858110	24348.140970	22256.717141
 10-14 	30577.090295	16022.354599	14554.735696
 15-19 	46437.318981	24094.949767	22342.369214
 20-24 	51462.607272	26452.359908	25010.247364
 25-29 	58790.101895	30003.454523	28786.647372
 30-34 	63571.509420	32078.590869	31492.918551
 35-39 	56056.412691	27969.627869	28086.784822
 40-44 	48189.454805	23780.403856	24409.050949
 45-49 	43337.809945	21257.946738	22079.863207
 50-54 	39493.655413	19299.348249	20194.307164
 55-59 	35450.772657	17054.068415	18396.704242
 60-64 	29920.057003	13901.738873	16018.318129
 65-69 	21803.001290	9688.647169	12114.354121
 70-74 	12417.761610	5044.801060	7372.960550
 75-79 	7539.692237	2755.984481	4783.707756
 80+ 	12273.129919	3724.354856	8548.775063
Total	642832.973349	317678.028293	325154.945056
2022			
 0-4	38194.648788	19802.486290	18392.162498
 5-9	46068.574688	24032.442868	22036.131819
 10-14 	30490.147748	15977.297000	14512.850748
 15-19 	46972.804567	24437.665442	22535.139125
 20-24 	51232.398907	26348.142788	24884.256119
 25-29 	56100.696348	28660.349518	27440.346830
 30-34 	63606.051625	32148.288857	31457.762768
 35-39 	57353.633840	28655.068569	28698.565271
 40-44 	49336.687473	24373.800051	24962.887422
 45-49 	43916.908592	21522.132633	22394.775958
 50-54 	40045.012988	19541.986679	20503.026309
 55-59 	36091.886548	17385.066153	18706.820395
 60-64 	30881.722261	14397.289506	16484.432754
 65-69 	23272.094143	10378.203662	12893.890481
 70-74 	13774.847987	5670.629036	8104.218952
 75-79 	7804.136284	2856.461421	4947.674863
 80+ 	12386.375088	3758.137063	8628.238025
Total	647528.627876	319945.447536	327583.180340
2023			
 0-4	37488.479723	19409.651581	18078.828142
 5-9	45436.706328	23666.422794	21770.283535
 10-14 	30348.084150	15895.080788	14453.003362
 15-19 	47460.629077	24751.945713	22708.683364
 20-24 	51424.549139	26475.812687	24948.736452
 25-29 	53703.532751	27457.616301	26245.916449
 30-34 	62824.605168	31803.254333	31021.350835
 35-39 	58596.534531	29316.705046	29279.829485
 40-44 	50587.759316	25025.848984	25561.910332
 45-49 	44532.781857	21812.377552	22720.404305
 50-54 	40619.327218	19793.030705	20826.296513
 55-59 	36673.459902	17677.588689	18995.871214
 60-64 	31742.734791	14848.926866	16893.807925
 65-69 	24637.337352	11021.922866	13615.414487
 70-74 	15239.700444	6347.048162	8892.652282
 75-79 	8225.679308	3026.861040	5198.818267
 80+ 	12502.561893	3792.140781	8710.421112
Total	652044.462949	322122.234889	329922.228060
2024			
 0-4	36818.302954	19035.671436	17782.631518
 5-9	44719.133386	23257.454045	21461.679341
 10-14 	30153.389227	15779.896929	14373.492299
 15-19 	47834.369570	24993.605034	22840.764537
 20-24 	51839.324765	26734.773177	25104.551588
 25-29 	51870.390316	26535.629484	25334.760832
 30-34 	61259.205531	31056.664563	30202.540968
 35-39 	59744.269137	29934.948853	29809.320285
 40-44 	51890.066109	25707.668889	26182.397220
 45-49 	45244.206322	22159.201444	23085.004877
 50-54 	41245.220574	20075.360316	21169.860258
 55-59 	37171.329183	17913.021449	19258.307734
 60-64 	32529.535200	15265.966901	17263.568299
 65-69 	25890.940632	11619.657221	14271.283411
 70-74 	16752.900235	7044.356407	9708.543828
 75-79 	8835.011743	3282.764337	5552.247406
 80+ 	12633.114929	3830.209461	8802.905468
Total	656430.709814	324226.849947	332203.859868
2025			
 0-4	36203.226007	18689.143744	17514.082263
 5-9	43943.491958	22821.561329	21121.930628
 10-14 	29905.128669	15631.572440	14273.556229
 15-19 	48050.065290	25135.660582	22914.404708
 20-24 	52414.907538	27094.303848	25320.603690
 25-29 	50671.867967	25932.788233	24739.079733
 30-34 	59001.742898	29952.354691	29049.388207
 35-39 	60712.388769	30468.653011	30243.735758
 40-44 	53212.801472	26401.690946	26811.110525
 45-49 	46093.432818	22584.280397	23509.152421
 50-54 	41753.949831	20291.451504	21462.498327
 55-59 	37744.815615	18186.052697	19558.762918
 60-64 	33262.233995	15656.107903	17606.126092
 65-69 	27026.492729	12170.122147	14856.370582
 70-74 	18273.099554	7742.554294	10530.545259
 75-79 	9642.388002	3629.679641	6012.708361
 80+ 	12794.161674	3879.067826	8915.093848
Total	660706.194782	326267.045232	334439.149549
2026			
 0-4	35653.822020	18375.466116	17278.355904
 5-9	43141.998875	22374.788501	20767.210374
 10-14 	29596.989235	15448.667730	14148.321504
 15-19 	48096.956971	25177.069303	22919.887668
 20-24 	53062.347244	27501.515256	25560.831988
 25-29 	49991.627816	25592.679772	24398.948044
 30-34 	56387.646721	28660.462170	27727.184551
 35-39 	61370.859451	30851.392221	30519.467230
 40-44 	54516.034935	27086.224847	27429.810087
 45-49 	47075.850301	23085.451670	23990.398630
 50-54 	42335.207109	20556.131216	21779.075893
 55-59 	38278.897645	18425.635849	19853.261796
 60-64 	33931.400697	16007.187278	17924.213420
 65-69 	28052.091693	12680.419770	15371.671923
 70-74 	19710.332533	8397.869161	11312.463372
 75-79 	10680.387335	4084.125770	6596.261565
 80+ 	12999.345211	3943.891569	9055.453643
Total	664881.795791	328248.978200	336632.817592
2027			
 0-4	35182.358664	18103.753477	17078.605187
 5-9	42345.278360	21930.852089	20414.426270
 10-14 	29227.025526	15232.863413	13994.162113
 15-19 	48002.520043	25132.873384	22869.646660
 20-24 	53685.146969	27894.805396	25790.341573
 25-29 	49793.666723	25507.232768	24286.433955
 30-34 	53809.051469	27379.474767	26429.576703
 35-39 	61417.303552	30927.016672	30490.286881
 40-44 	55783.045530	27754.377499	28028.668031
 45-49 	48199.082339	23665.373737	24533.708601
 50-54 	42910.165592	20820.037592	22090.128000
 55-59 	38832.847543	18672.073227	20160.774316
 60-64 	34570.456968	16337.107073	18233.349894
 65-69 	28980.990235	13153.436222	15827.554013
 70-74 	21064.836257	9015.356017	12049.480240
 75-79 	11865.924912	4606.587503	7259.337410
 80+ 	13299.022370	4046.782824	9252.239546
Total	668968.723053	330180.003659	338788.719393
2028			
 0-4	34793.304628	17879.544455	16913.760173
 5-9	41579.600042	21502.292165	20077.307877
 10-14 	28802.208839	14989.086596	13813.122243
 15-19 	47801.712816	25022.949656	22778.763160
 20-24 	54208.033225	28228.544236	25979.488989
 25-29 	50008.539572	25647.774611	24360.764961
 30-34 	51517.556350	26235.999572	25281.556778
 35-39 	60688.861857	30610.579017	30078.282840
 40-44 	57010.535837	28406.317992	28604.217845
 45-49 	49433.943916	24307.398902	25126.545014
 50-54 	43528.491181	21112.928358	22415.562823
 55-59 	39415.582184	18929.660595	20485.921589
 60-64 	35158.847258	16633.744551	18525.102707
 65-69 	29821.785454	13589.646540	16232.138914
 70-74 	22332.543129	9596.996576	12735.546552
 75-79 	13147.348013	5172.098703	7975.249311
 80+ 	13726.773235	4202.664320	9524.108916
Total	672975.667536	332068.226843	340907.440692
2029			
 0-4	34481.007268	17701.903484	16779.103784
 5-9	40870.971505	21102.311415	19768.660090
 10-14 	28327.879208	14720.912736	13606.966473
 15-19 	47527.829597	24869.557028	22658.272568
 20-24 	54569.723868	28464.325630	26105.398238
 25-29 	50433.748854	25912.499336	24521.249518
 30-34 	49766.494622	25360.422207	24406.072415
 35-39 	59205.161538	29909.038182	29296.123356
 40-44 	58151.529768	29019.539463	29131.990304
 45-49 	50723.450232	24980.809445	25742.640787
 50-54 	44242.464768	21461.871078	22780.593690
 55-59 	40049.648652	19217.792409	20831.856243
 60-64 	35669.096920	16877.256235	18791.840685
 65-69 	30595.832187	13995.782053	16600.050134
 70-74 	23503.364736	10141.279172	13362.085564
 75-79 	14473.104860	5756.187756	8716.917105
 80+ 	14311.501933	4424.460612	9887.041322
Total	676902.810516	333915.948242	342986.862274
2030			
 0-4	34242.049066	17569.062409	16672.986657
 5-9	40236.606784	20741.066751	19495.540034
 10-14 	27821.630865	14438.086101	13383.544764
 15-19 	47193.286476	24676.507817	22516.778660
 20-24 	54747.523257	28587.548556	26159.974702
 25-29 	51006.137671	26269.796619	24736.341052
 30-34 	48620.705069	24787.963789	23832.741280
 35-39 	57046.765907	28860.341444	28186.424463
 40-44 	59119.131257	29551.860068	29567.271189
 45-49 	52033.911873	25666.795691	26367.116182
 50-54 	45090.236041	21886.324344	23203.911697
 55-59 	40569.515053	19442.284646	21127.230407
 60-64 	36251.764484	17156.267990	19095.496494
 65-69 	31319.725968	14377.712870	16942.013098
 70-74 	24569.381970	10646.065608	13923.316362
 75-79 	15807.898689	6342.757979	9465.140710
 80+ 	15064.280717	4717.152100	10347.128617
Total	680740.551147	335717.594780	345022.956367
2031			
 0-4	34069.011040	17474.754760	16594.256280
 5-9	39684.072562	20425.435497	19258.637064
 10-14 	27305.797088	14151.637241	13154.159847
 15-19 	46781.482786	24434.018990	22347.463795
 20-24 	54755.788457	28610.580542	26145.207916
 25-29 	51639.393201	26667.969953	24971.423247
 30-34 	47967.559936	24464.203158	23503.356778
 35-39 	54532.744603	27625.553423	26907.191180
 40-44 	59783.542430	29937.276077	29846.266353
 45-49 	53324.125765	26343.207441	26980.918324
 50-54 	46065.731963	22383.458674	23682.273289
 55-59 	41156.106855	19711.567379	21444.539475
 60-64 	36794.022581	17402.079249	19391.943332
 65-69 	31982.321442	14722.772306	17259.549136
 70-74 	25535.474720	11116.309331	14419.165390
 75-79 	17075.442405	6896.613512	10178.828893
 80+ 	16011.660462	5092.627129	10919.033333
Total	684464.278294	337460.064661	347004.213633
2032			
 0-4	33949.081037	17411.201120	16537.879918
 5-9	39220.667712	20161.545442	19059.122270
 10-14 	26799.674320	13869.916378	12929.757942
 15-19 	46278.368439	24137.711184	22140.657255
 20-24 	54630.461248	28550.689200	26079.772048
 25-29 	52240.029820	27047.430250	25192.599570
 30-34 	47772.428471	24381.424555	23391.003916
 35-39 	52040.343600	26394.703305	25645.640294
 40-44 	59847.591380	30022.956207	29824.635173
 45-49 	54575.879638	27002.385686	27573.493952
 50-54 	47175.133882	22955.198332	24219.935550
 55-59 	41732.472904	19978.180053	21754.292850
 60-64 	37351.866760	17652.634468	19699.232292
 65-69 	32614.249293	15047.157972	17567.091321
 70-74 	26412.493844	11553.844998	14858.648846
 75-79 	18273.772694	7421.030048	10852.742646
 80+ 	17120.622588	5534.863561	11585.759027
Total	688035.137630	339122.872760	348912.264869
2033			
 0-4	33863.816043	17367.741204	16496.074838
 5-9	38846.432020	19949.859459	18896.572561
 10-14 	26317.254032	13599.470546	12717.783485
 15-19 	45684.587653	23791.470294	21893.117359
 20-24 	54390.973740	28417.641696	25973.332044
 25-29 	52734.306518	27364.126544	25370.179973
 30-34 	47967.878875	24511.843228	23456.035647
 35-39 	49813.650764	25290.011056	24523.639708
 40-44 	59149.458797	29724.783245	29424.675552
 45-49 	55783.548285	27643.235149	28140.313136
 50-54 	48388.257338	23584.571032	24803.686306
 55-59 	42345.292060	20269.947815	22075.344245
 60-64 	37932.141690	17911.099656	20021.042034
 65-69 	33194.381924	15338.752893	17855.629031
 70-74 	27207.142789	11958.439961	15248.702829
 75-79 	19397.659533	7917.016146	11480.643387
 80+ 	18367.068318	6032.211067	12334.857252
Total	691383.850379	340672.220992	350711.629387
2034			
 0-4	33796.108798	17333.379788	16462.729010
 5-9	38549.529777	19784.808368	18764.721409
 10-14 	25873.040477	13348.156239	12524.884239
 15-19 	44993.989127	23395.033666	21598.955461
 20-24 	54054.986550	28226.070101	25828.916449
 25-29 	53061.775122	27580.513669	25481.261452
 30-34 	48357.489053	24757.074220	23600.414834
 35-39 	48098.834731	24437.637129	23661.197602
 40-44 	57704.508121	29047.470350	28657.037770
 45-49 	56898.103610	28242.260077	28655.843533
 50-54 	49646.984637	24240.604386	25406.380252
 55-59 	43043.485531	20611.976364	22431.509167
 60-64 	38554.164310	18194.750500	20359.413810
 65-69 	33694.853506	15578.070081	18116.783425
 70-74 	27937.352784	12335.178166	15602.174618
 75-79 	20436.332068	8382.477635	12053.854432
 80+ 	19728.677745	6574.403954	13154.273790
Total	694430.215948	342069.864693	352360.351255
2035			
 0-4	33732.774474	17301.198337	16431.576137
 5-9	38318.654200	19659.572708	18659.081492
 10-14 	25476.261241	13122.147135	12354.114107
 15-19 	44223.392656	22959.766125	21263.626531
 20-24 	53625.087359	27975.975868	25649.111491
 25-29 	53199.586890	27682.043573	25517.543317
 30-34 	48878.768077	25085.902947	23792.865129
 35-39 	46958.860547	23871.665227	23087.195320
 40-44 	55588.049556	28026.113967	27561.935589
 45-49 	57831.536109	28756.865023	29074.671086
 50-54 	50915.743474	24903.731690	26012.011784
 55-59 	43861.970876	21021.914709	22840.056167
 60-64 	39058.031186	18414.143740	20643.887446
 65-69 	34257.377616	15847.522894	18409.854722
 70-74 	28616.685154	12688.437552	15928.247602
 75-79 	21381.289590	8814.894696	12566.394894
 80+ 	21190.213614	7155.306924	14034.906690
Total	697114.282618	343287.203115	353827.079503
2036			
 0-4	33665.729758	17267.008734	16398.721024
 5-9	38137.466400	19563.335598	18574.130802
 10-14 	25129.382273	12925.291265	12204.091007
 15-19 	43397.454817	22498.765896	20898.688921
 20-24 	53082.454175	27658.475640	25423.978535
 25-29 	53161.670740	27680.780193	25480.890547
 30-34 	49447.202696	25447.953003	23999.249693
 35-39 	46284.242160	23539.447454	22744.794706
 40-44 	53108.985544	26815.912627	26293.072917
 45-49 	58454.482429	29121.571286	29332.911143
 50-54 	52151.977099	25551.327553	26600.649546
 55-59 	44793.043818	21496.199259	23296.844559
 60-64 	39614.717443	18670.509521	20944.207922
 65-69 	34772.666992	16081.660202	18691.006790
 70-74 	29232.549487	13005.439106	16227.110381
 75-79 	22234.282051	9217.114792	13017.167259
 80+ 	22719.600255	7760.977789	14958.622466
Total	699387.908138	344301.769917	355086.138221
2037			
 0-4	33588.099654	17227.272336	16360.827318
 5-9	37988.691983	19486.241825	18502.450158
 10-14 	24834.319242	12759.897220	12074.422022
 15-19 	42546.422024	22027.221227	20519.200797
 20-24 	52414.615490	27271.288406	25143.327084
 25-29 	52982.542037	27593.211652	25389.330385
 30-34 	49972.124626	25785.707260	24186.417367
 35-39 	46041.194154	23433.433965	22607.760189
 40-44 	50635.102197	25601.249301	25033.852896
 45-49 	58475.640865	29187.312443	29288.328422
 50-54 	53336.332101	26175.197440	27161.134661
 55-59 	45841.265518	22035.943785	23805.321733
 60-64 	40150.237183	18918.992612	21231.244571
 65-69 	35293.111715	16315.727864	18977.383850
 70-74 	29812.588387	13300.504018	16512.084369
 75-79 	23003.883701	9590.076336	13413.807365
 80+ 	24291.648704	8383.291419	15908.357285
Total	701207.819581	345092.569107	356115.250474
2038			
 0-4	33491.856936	17177.873594	16313.983342
 5-9	37856.980269	19419.452172	18437.528097
 10-14 	24589.621805	12624.503238	11965.118567
 15-19 	41700.583385	21560.532340	20140.051045
 20-24 	51627.578073	26821.161210	24806.416864
 25-29 	52679.656577	27428.016186	25251.640392
 30-34 	50383.092609	26057.222966	24325.869643
 35-39 	46164.807309	23527.001721	22637.805588
 40-44 	48407.301363	24502.197998	23905.103365
 45-49 	57738.601309	28873.118865	28865.482443
 50-54 	54462.870303	26774.049732	27688.820571
 55-59 	46976.739681	22624.522488	24352.217193
 60-64 	40709.355171	19185.940597	21523.414575
 65-69 	35824.216231	16552.014719	19272.201513
 70-74 	30336.927551	13562.438267	16774.489284
 75-79 	23695.931877	9933.350796	13762.581081
 80+ 	25886.852087	9016.137408	16870.714679
Total	702532.972538	345639.534295	356893.438243
2039			
 0-4	33371.910209	17116.210298	16255.699912
 5-9	37729.351355	19354.494626	18374.856729
 10-14 	24387.540011	12514.855094	11872.684916
 15-19 	40887.092761	21111.025033	19776.067727
 20-24 	50723.684283	26312.106795	24411.577489
 25-29 	52270.582084	27199.689707	25070.892377
 30-34 	50623.724634	26227.416982	24396.307651
 35-39 	46466.280676	23725.957523	22740.323153
 40-44 	46668.539191	23642.740482	23025.798709
 45-49 	56262.005140	28185.303569	28076.701571
 50-54 	55484.482779	27325.411271	28159.071508
 55-59 	48143.469421	23232.357373	24911.112047
 60-64 	41339.845556	19495.503619	21844.341937
 65-69 	36383.707982	16806.175863	19577.532119
 70-74 	30780.524045	13773.835446	17006.688599
 75-79 	24326.432101	10251.134718	14075.297382
 80+ 	27483.381079	9652.050829	17831.330250
Total	703332.553306	345926.269229	357406.284077
2040			
 0-4	33225.073540	17040.663998	16184.409542
 5-9	37595.932929	19286.371327	18309.561602
 10-14 	24220.902574	12426.478235	11794.424338
 15-19 	40124.419022	20687.319480	19437.099542
 20-24 	49730.374339	25760.446239	23969.928100
 25-29 	51760.745110	26909.948427	24850.796683
 30-34 	50674.809365	26283.787849	24391.021517
 35-39 	46887.027973	24001.178232	22885.849741
 40-44 	45482.242750	23057.029448	22425.213302
 45-49 	54124.057249	27160.233045	26963.824204
 50-54 	56317.429731	27788.994450	28528.435281
 55-59 	49308.329090	23841.292972	25467.036119
 60-64 	42076.258164	19864.844428	22211.413736
 65-69 	36824.456385	16997.612459	19826.843925
 70-74 	31275.545583	14009.830093	17265.715490
 75-79 	24908.036712	10547.352284	14360.684428
 80+ 	29067.042974	10286.017052	18781.025923
Total	703602.683490	345949.400019	357653.283471
2041			
 0-4	33050.643818	16950.894527	16099.749291
 5-9	37449.785003	19211.555663	18238.229340
 10-14 	24079.306964	12352.611784	11726.695180
 15-19 	39424.111457	20296.316172	19127.795285
 20-24 	48684.392065	25184.653823	23499.738242
 25-29 	51136.823719	26552.957536	24583.866183
 30-34 	50553.196321	26239.715272	24313.481049
 35-39 	47348.172703	24305.626786	23042.545916
 40-44 	44743.905118	22695.165069	22048.740049
 45-49 	51630.293380	25950.614006	25679.679374
 50-54 	56839.206970	28103.103540	28736.103430
 55-59 	50432.499348	24430.790499	26001.708849
 60-64 	42912.920217	20291.404215	22621.516003
 65-69 	37307.012932	17219.300144	20087.712789
 70-74 	31722.014152	14211.499468	17510.514684
 75-79 	25429.725668	10810.826845	14618.898823
 80+ 	30618.017228	10910.856819	19707.160409
Total	703362.027063	345717.892168	357644.134895
2042			
 0-4	32848.377007	16846.797325	16001.579682
 5-9	37285.814143	19127.453801	18158.360342
 10-14 	23952.683424	12287.589509	11665.093915
 15-19 	38799.518212	19947.443884	18852.074328
 20-24 	47624.276106	24602.656666	23021.619440
 25-29 	50392.408873	26129.440334	24262.968539
 30-34 	50295.913256	26113.025879	24182.887377
 35-39 	47766.001175	24585.972688	23180.028487
 40-44 	44422.496373	22550.749116	21871.747257
 45-49 	49142.483858	24736.818554	24405.665304
 50-54 	56771.780649	28126.271289	28645.509360
 55-59 	51500.544064	24994.630850	26505.913214
 60-64 	43856.297621	20777.180159	23079.117462
 65-69 	37765.958133	17432.100921	20333.857212
 70-74 	32170.239211	14411.766883	17758.472328
 75-79 	25918.000663	11054.844974	14863.155689
 80+ 	32129.595588	11523.329868	20606.265720
Total	702642.388355	345248.072699	357394.315656
2043			
 0-4	32616.554163	16727.508275	15889.045889
 5-9	37100.821618	19032.442844	18068.378774
 10-14 	23834.024744	12227.335326	11606.689418
 15-19 	38255.765058	19645.789139	18609.975919
 20-24 	46584.818353	24031.608114	22553.210239
 25-29 	49538.445501	25648.302926	23890.142575
 30-34 	49923.615124	25914.080144	24009.534980
 35-39 	48076.798280	24804.077237	23272.721043
 40-44 	44457.179878	22599.100352	21858.079526
 45-49 	46898.690275	23636.899111	23261.791165
 50-54 	55970.282535	27783.866725	28186.415811
 55-59 	52510.519974	25533.458894	26977.061080
 60-64 	44880.416548	21307.704595	23572.711954
 65-69 	38246.057360	17661.615049	20584.442311
 70-74 	32626.497415	14613.080137	18013.417278
 75-79 	26357.149992	11270.648063	15086.501929
 80+ 	33598.656381	12121.150491	21477.505890
Total	701476.293200	344558.667419	356917.625781
2044			
 0-4	32354.819331	16592.856879	15761.962452
 5-9	36893.476114	18925.861626	17967.614488
 10-14 	23718.201842	12168.251191	11549.950651
 15-19 	37785.976102	19389.553500	18396.422602
 20-24 	45598.790733	23487.862465	22110.928268
 25-29 	48581.538405	25115.431472	23466.106933
 30-34 	49456.766200	25658.605631	23798.160568
 35-39 	48230.279103	24928.355756	23301.923347
 40-44 	44668.055008	22750.892570	21917.162438
 45-49 	45137.023832	22771.802194	22365.221638
 50-54 	54459.684868	27085.405362	27374.279506
 55-59 	53420.757827	26027.621935	27393.135892
 60-64 	45934.747885	21856.506634	24078.241251
 65-69 	38794.865515	17931.368384	20863.497131
 70-74 	33107.967025	14829.731383	18278.235642
 75-79 	26727.333839	11444.271634	15283.062205
 80+ 	35027.340098	12704.259828	22323.080270
Total	699897.623726	343668.638445	356228.985281
2045			
 0-4	32064.730715	16443.651732	15621.078983
 5-9	36662.650331	18807.150123	17855.500208
 10-14 	23601.301659	12108.455274	11492.846385
 15-19 	37385.833822	19175.901822	18209.932000
 20-24 	44688.629180	22983.711084	21704.918096
 25-29 	47551.532087	24548.231601	23003.300486
 30-34 	48903.829886	25349.922514	23553.907372
 35-39 	48211.358294	24948.608298	23262.749997
 40-44 	45001.064184	22979.423143	22021.641041
 45-49 	43919.523947	22174.796531	21744.727416
 50-54 	52321.156717	26068.612546	26252.544170
 55-59 	54154.359344	26440.478674	27713.880670
 60-64 	46990.775734	22407.954850	24582.820884
 65-69 	39446.718543	18257.997732	21188.720811
 70-74 	33486.129708	14993.273710	18492.855998
 75-79 	27147.326997	11641.118679	15506.208318
 80+ 	36419.270958	13273.776096	23145.494861
Total	697956.192106	342603.064412	355353.127695
2046			
 0-4	31750.452683	16282.033614	15468.419070
 5-9	36407.505112	18675.910492	17731.594621
 10-14 	23479.876387	12046.238534	11433.637853
 15-19 	37047.340513	18998.180834	18049.159679
 20-24 	43866.389312	22527.994875	21338.394438
 25-29 	46485.907359	23965.607449	22520.299909
 30-34 	48254.482694	24983.720810	23270.761884
 35-39 	48038.483458	24878.857187	23159.626272
 40-44 	45382.584754	23240.841033	22141.743720
 45-49 	43145.307928	21798.066412	21347.241516
 50-54 	49853.115807	24881.717846	24971.397961
 55-59 	54596.931719	26714.833813	27882.097906
 60-64 	48014.450286	22944.138454	25070.311832
 65-69 	40198.264102	18640.046307	21558.217796
 70-74 	33905.666934	15184.954794	18720.712140
 75-79 	27529.832435	11810.901962	15718.930473
 80+ 	37751.533130	13816.212171	23935.320959
Total	695708.124615	341390.256587	354317.868028
2047			
 0-4	31417.101321	16110.625778	15306.475543
 5-9	36127.672326	18531.958910	17595.713416
 10-14 	23351.242302	11980.243583	11370.998719
 15-19 	36759.772259	18849.723287	17910.048972
 20-24 	43145.312893	22130.091529	21015.221364
 25-29 	45422.824235	23385.392120	22037.432115
 30-34 	47504.535609	24561.627889	22942.907721
 35-39 	47748.821800	24736.996505	23011.825295
 40-44 	45734.413778	23485.264837	22249.148941
 45-49 	42784.355576	21635.482380	21148.873196
 50-54 	47405.140552	23697.757394	23707.383158
 55-59 	54484.396112	26717.417669	27766.978443
 60-64 	48993.743657	23460.544336	25533.199321
 65-69 	41056.890884	19079.881006	21977.009878
 70-74 	34310.983917	15372.211103	18938.772814
 75-79 	27920.220594	11982.368924	15937.851669
 80+ 	39044.140613	14341.313582	24702.827030
Total	693211.568427	340058.900831	353152.667597
2048			
 0-4	31069.668161	15931.986517	15137.681644
 5-9	35822.015708	18374.728569	17447.287140
 10-14 	23214.229447	11909.883849	11304.345598
 15-19 	36509.249831	18722.267262	17786.982569
 20-24 	42529.573079	21793.076298	20736.496781
 25-29 	44395.019667	22823.674213	21571.345454
 30-34 	46664.892605	24092.306427	22572.586178
 35-39 	47363.048492	24533.399615	22829.648877
 40-44 	45996.928288	23677.006717	22319.921571
 45-49 	42778.076714	21663.416654	21114.660060
 50-54 	45206.401304	22629.544215	22576.857089
 55-59 	53680.591886	26378.643103	27301.948783
 60-64 	49928.863179	23958.818390	25970.044789
 65-69 	41999.556247	19564.741258	22434.814989
 70-74 	34743.747515	15578.125082	19165.622433
 75-79 	28323.440167	12157.079316	16166.360850
 80+ 	40283.366326	14841.303346	25442.062980
Total	690508.668617	338630.000832	351878.667785
2049			
 0-4	30717.760082	15751.037677	14966.722405
 5-9	35492.732557	18205.347960	17287.384597
 10-14 	23068.652688	11835.070527	11233.582161
 15-19 	36282.436189	18606.872229	17675.563960
 20-24 	42009.869171	21513.078996	20496.790175
 25-29 	43433.224714	22295.759401	21137.465313
 30-34 	45741.469860	23581.104230	22160.365630
 35-39 	46900.715225	24282.983481	22617.731744
 40-44 	46122.302552	23786.037654	22336.264898
 45-49 	42953.320388	21796.379047	21156.941341
 50-54 	43485.007338	21792.223514	21692.783824
 55-59 	52210.875729	25708.283852	26502.591877
 60-64 	50781.057257	24420.923287	26360.133970
 65-69 	42980.009388	20070.800090	22909.209298
 70-74 	35247.824136	15823.844698	19423.979438
 75-79 	28753.248746	12346.337771	16406.910975
 80+ 	41454.624786	15305.223907	26149.400879
Total	687635.130806	337121.308322	350513.822484
2050			
 0-4	30365.431590	15569.991595	14795.439996
 5-9	35147.192046	18027.592955	17119.599091
 10-14 	22913.753412	11755.409444	11158.343968
 15-19 	36069.788355	18498.561922	17571.226433
 20-24 	41577.843761	21284.730468	20293.113293
 25-29 	42557.606485	21812.660398	20744.946088
 30-34 	44761.112745	23043.554369	21717.558376
 35-39 	46368.663207	23988.008951	22380.654256
 40-44 	46094.658569	23801.600407	22293.058162
 45-49 	43256.576047	22007.792702	21248.783345
 50-54 	42296.872040	21215.304259	21081.567781
 55-59 	50149.434312	24739.788350	25409.645963
 60-64 	51472.948831	24809.650901	26663.297930
 65-69 	43966.640331	20580.595529	23386.044802
 70-74 	35847.461740	16120.067783	19727.393957
 75-79 	29094.658175	12491.339827	16603.318348
 80+ 	42646.477878	15780.965776	26865.512102
Total	684587.119525	335527.615635	349059.503890
