Vietnam_test	Total	Male	Female
1970			
 0-4	48709.200760	24813.747574	23895.453186
 5-9	21843.360605	11106.488700	10736.871906
 10-14 	8817.865218	4474.246592	4343.618626
 15-19 	22129.273860	11209.430524	10919.843336
 20-24 	13517.883552	6659.741794	6858.141758
 25-29 	10507.802109	5152.556140	5355.245969
 30-34 	9799.714391	4784.679941	5015.034450
 35-39 	9973.091957	4856.817421	5116.274536
 40-44 	8257.021334	3989.770054	4267.251280
 45-49 	7360.406529	3520.358854	3840.047675
 50-54 	6087.861903	2922.131615	3165.730288
 55-59 	5518.036006	2619.406925	2898.629081
 60-64 	4444.675989	2066.221414	2378.454576
 65-69 	3829.223114	1689.689865	2139.533249
 70-74 	2466.712593	982.793912	1483.918681
 75-79 	1462.700421	498.915980	963.784441
 80+ 	1081.095585	272.076003	809.019582
Total	185805.925926	91619.073307	94186.852619
1971			
 0-4	48674.510402	24777.586530	23896.923872
 5-9	22048.079729	11206.418463	10841.661265
 10-14 	8940.011985	4534.039399	4405.972586
 15-19 	22352.206523	11316.055210	11036.151312
 20-24 	13680.425137	6737.556444	6942.868693
 25-29 	10641.763010	5214.002028	5427.760982
 30-34 	9930.671550	4843.132578	5087.538972
 35-39 	10105.299148	4914.620479	5190.678669
 40-44 	8365.649419	4035.745968	4329.903451
 45-49 	7451.126932	3556.054838	3895.072095
 50-54 	6160.431771	2951.342664	3209.089106
 55-59 	5569.797043	2637.217367	2932.579677
 60-64 	4470.778845	2066.881156	2403.897689
 65-69 	3816.965490	1670.176236	2146.789254
 70-74 	2431.339704	956.943919	1474.395785
 75-79 	1419.488476	475.456084	944.032392
 80+ 	1009.584310	248.047889	761.536421
Total	187068.129475	92141.277252	94926.852224
1972			
 0-4	49603.994224	25246.150714	24357.843510
 5-9	22603.659297	11482.940333	11120.718964
 10-14 	9283.790191	4704.115022	4579.675169
 15-19 	24003.162493	12158.688450	11844.474044
 20-24 	14921.494071	7386.973748	7534.520323
 25-29 	10899.757671	5328.366438	5571.391233
 30-34 	9891.286407	4815.207588	5076.078819
 35-39 	10160.498505	4930.233827	5230.264678
 40-44 	8654.366162	4168.810585	4485.555577
 45-49 	7602.876395	3614.568495	3988.307900
 50-54 	6327.199330	3017.485009	3309.714321
 55-59 	5642.226718	2663.815349	2978.411369
 60-64 	4565.360732	2098.563442	2466.797290
 65-69 	3833.649785	1668.670489	2164.979297
 70-74 	2530.039520	996.992842	1533.046678
 75-79 	1446.255583	483.865724	962.389858
 80+ 	1027.336991	251.952184	775.384808
Total	192996.954075	95017.400237	97979.553838
1973			
 0-4	50612.900749	25754.419484	24858.481264
 5-9	23155.436586	11758.694308	11396.742279
 10-14 	9597.809283	4859.556056	4738.253227
 15-19 	25566.705107	12941.748558	12624.956549
 20-24 	16454.229590	8197.704912	8256.524678
 25-29 	11215.688468	5468.289087	5747.399381
 30-34 	9924.886108	4825.164624	5099.721484
 35-39 	10090.211874	4884.193505	5206.018369
 40-44 	9027.649087	4341.921748	4685.727339
 45-49 	7707.206334	3653.763689	4053.442644
 50-54 	6552.363784	3106.992793	3445.370991
 55-59 	5676.464918	2674.116565	3002.348352
 60-64 	4709.939295	2152.353402	2557.585892
 65-69 	3811.370577	1650.249203	2161.121374
 70-74 	2648.998135	1045.351676	1603.646459
 75-79 	1471.331947	492.286624	979.045323
 80+ 	1047.737973	256.988195	790.749778
Total	199270.929813	98063.794430	101207.135383
1974			
 0-4	51700.378531	26301.339070	25399.039461
 5-9	23728.167553	12047.922718	11680.244835
 10-14 	9894.720412	5007.219137	4887.501275
 15-19 	27054.018747	13677.343946	13376.674801
 20-24 	18188.179822	9115.925525	9072.254297
 25-29 	11670.000767	5681.051473	5988.949295
 30-34 	10036.021886	4874.690850	5161.331036
 35-39 	9953.562342	4807.541820	5146.020522
 40-44 	9432.443457	4530.365587	4902.077870
 45-49 	7811.245060	3697.462899	4113.782161
 50-54 	6816.377556	3213.423619	3602.953937
 55-59 	5712.017163	2687.187401	3024.829762
 60-64 	4889.346563	2224.391342	2664.955221
 65-69 	3794.949410	1637.020796	2157.928614
 70-74 	2782.095662	1100.005292	1682.090369
 75-79 	1513.492498	508.565946	1004.926552
 80+ 	1080.494322	266.290879	814.203443
Total	206057.511750	101377.748300	104679.763450
1975			
 0-4	52863.136298	26886.566500	25976.569798
 5-9	24311.522789	12344.638988	11966.883801
 10-14 	10188.506363	5154.111058	5034.395304
 15-19 	28486.735517	14385.886743	14100.848773
 20-24 	19971.866292	10052.526069	9919.340223
 25-29 	12371.732254	6030.295481	6341.436773
 30-34 	10213.743508	4956.509664	5257.233844
 35-39 	9836.103765	4743.032616	5093.071150
 40-44 	9776.035480	4690.178140	5085.857340
 45-49 	7979.435063	3775.491068	4203.943995
 50-54 	7078.767850	3321.135122	3757.632727
 55-59 	5797.801285	2724.257168	3073.544117
 60-64 	5068.897853	2301.256042	2767.641811
 65-69 	3831.180302	1650.000308	2181.179994
 70-74 	2910.810480	1153.998592	1756.811887
 75-79 	1587.538005	538.871348	1048.666657
 80+ 	1130.748040	281.845749	848.902291
Total	213404.561144	104990.600658	108413.960487
1976			
 0-4	54037.963573	27488.362935	26549.600637
 5-9	24836.469334	12608.241240	12228.228095
 10-14 	10475.640477	5298.345162	5177.295315
 15-19 	29784.893998	15032.299832	14752.594165
 20-24 	21571.947694	10881.546935	10690.400759
 25-29 	13260.289300	6488.268863	6772.020437
 30-34 	10368.556546	5023.098790	5345.457757
 35-39 	9731.081757	4684.671094	5046.410662
 40-44 	9958.318110	4771.272065	5187.046045
 45-49 	8216.049714	3886.566610	4329.483103
 50-54 	7294.100501	3409.618406	3884.482095
 55-59 	5944.479666	2787.351961	3157.127704
 60-64 	5216.045244	2367.818867	2848.226377
 65-69 	3931.889745	1692.978295	2238.911450
 70-74 	3018.611874	1200.326094	1818.285780
 75-79 	1693.793314	582.825139	1110.968175
 80+ 	1197.664461	303.261650	894.402811
Total	220537.795308	108506.853940	112030.941368
1977			
 0-4	55074.011500	28015.492785	27058.518716
 5-9	25390.222915	12889.643450	12500.579465
 10-14 	10761.834654	5442.945644	5318.889010
 15-19 	30990.208715	15635.313740	15354.894975
 20-24 	23071.659275	11646.708843	11424.950432
 25-29 	14381.665196	7076.667283	7304.997913
 30-34 	10552.770426	5101.755516	5451.014910
 35-39 	9661.816087	4644.903053	5016.913035
 40-44 	10009.674282	4788.980840	5220.693442
 45-49 	8521.769553	4031.068794	4490.700759
 50-54 	7472.019296	3483.875552	3988.143744
 55-59 	6146.429497	2873.156063	3273.273434
 60-64 	5336.575379	2425.338526	2911.236853
 65-69 	4083.950810	1759.612828	2324.337982
 70-74 	3107.605837	1239.689042	1867.916795
 75-79 	1826.470085	637.765693	1188.704392
 80+ 	1278.422889	329.457948	948.964941
Total	227667.106395	112022.375600	115644.730795
1978			
 0-4	56028.305684	28503.651508	27524.654176
 5-9	25961.536416	13179.120448	12782.415967
 10-14 	11047.485126	5588.156416	5459.328710
 15-19 	32102.810527	16194.265591	15908.544936
 20-24 	24482.776576	12353.921473	12128.855103
 25-29 	15764.375207	7809.933254	7954.441953
 30-34 	10772.074497	5194.471238	5577.603260
 35-39 	9646.819734	4633.035471	5013.784263
 40-44 	9926.873499	4741.530321	5185.343178
 45-49 	8906.260715	4212.701687	4693.559028
 50-54 	7601.298264	3539.065868	4062.232396
 55-59 	6404.416033	2980.710363	3423.705669
 60-64 	5421.508808	2468.287831	2953.220977
 65-69 	4282.092510	1846.385689	2435.706821
 70-74 	3167.769101	1267.357907	1900.411194
 75-79 	1981.598094	701.514294	1280.083800
 80+ 	1367.228241	358.273119	1008.955122
Total	234865.229031	115572.382479	119292.846552
1979			
 0-4	56994.007192	29000.889884	27993.117307
 5-9	26532.955007	13467.205880	13065.749127
 10-14 	11332.859670	5734.135640	5598.724030
 15-19 	33154.493074	16724.516994	16429.976080
 20-24 	25827.960385	13018.831352	12809.129033
 25-29 	17339.548423	8644.969285	8694.579138
 30-34 	11114.917178	5351.328110	5763.589068
 35-39 	9693.491580	4651.614548	5041.877032
 40-44 	9762.224820	4654.911517	5107.313303
 45-49 	9310.719547	4402.936339	4907.783208
 50-54 	7718.332756	3591.960169	4126.372587
 55-59 	6690.183121	3098.362842	3591.820279
 60-64 	5495.087704	2505.855913	2989.231790
 65-69 	4499.221716	1941.648847	2557.572870
 70-74 	3217.780668	1290.651548	1927.129120
 75-79 	2140.286750	766.123435	1374.163316
 80+ 	1465.795436	390.620972	1075.174464
Total	242289.865026	119236.563274	123053.301752
1980			
 0-4	58067.939844	29556.401377	28511.538467
 5-9	27098.792319	13751.925709	13346.866610
 10-14 	11606.380740	5874.517492	5731.863248
 15-19 	34179.344765	17242.110295	16937.234470
 20-24 	27133.263737	13661.968531	13471.295206
 25-29 	18968.784245	9499.168879	9469.615366
 30-34 	11696.769524	5638.469581	6058.299944
 35-39 	9793.035669	4694.519971	5098.515699
 40-44 	9599.118928	4570.184181	5028.934747
 45-49 	9638.033484	4555.638985	5082.394499
 50-54 	7882.762975	3669.178553	4213.584422
 55-59 	6958.694628	3208.378276	3750.316352
 60-64 	5599.406204	2555.108348	3044.297856
 65-69 	4697.090060	2029.815069	2667.274991
 70-74 	3290.920003	1322.954478	1967.965525
 75-79 	2279.586650	822.508760	1457.077891
 80+ 	1579.065239	428.525924	1150.539315
Total	250068.989013	123081.374408	126987.614606
1981			
 0-4	59361.148568	30226.057627	29135.090942
 5-9	27692.456156	14056.631895	13635.824261
 10-14 	11852.059645	5998.495632	5853.564012
 15-19 	35219.674505	17767.533288	17452.141217
 20-24 	28439.303902	14309.722385	14129.581517
 25-29 	20582.785317	10330.763188	10252.022129
 30-34 	12601.857949	6103.000063	6498.857886
 35-39 	9962.594685	4770.068432	5192.526252
 40-44 	9504.820165	4520.443471	4984.376694
 45-49 	9836.361471	4646.763408	5189.598062
 50-54 	8133.245814	3787.725980	4345.519834
 55-59 	7187.311103	3302.860169	3884.450934
 60-64 	5761.686663	2627.104963	3134.581700
 65-69 	4856.320349	2103.022076	2753.298273
 70-74 	3406.478182	1372.064295	2034.413887
 75-79 	2389.153343	866.843591	1522.309752
 80+ 	1709.187464	472.726250	1236.461214
Total	258496.445282	127261.826714	131234.618568
1982			
 0-4	60898.605910	31021.263975	29877.341935
 5-9	28213.606669	14323.053591	13890.553079
 10-14 	12103.055958	6126.248612	5976.807346
 15-19 	36236.866739	18282.722849	17954.143890
 20-24 	29683.096864	14929.174136	14753.922728
 25-29 	22152.769192	11126.568865	11026.200326
 30-34 	13788.875947	6721.580609	7067.295338
 35-39 	10194.740842	4874.411977	5320.328865
 40-44 	9464.335773	4498.112463	4966.223310
 45-49 	9910.371287	4678.274144	5232.097143
 50-54 	8454.860731	3940.036896	4514.823836
 55-59 	7375.887737	3381.898739	3993.988997
 60-64 	5972.296655	2717.082416	3255.214238
 65-69 	4981.690996	2162.684550	2819.006446
 70-74 	3555.872292	1434.721684	2121.150608
 75-79 	2473.327257	901.097874	1572.229384
 80+ 	1853.442715	521.924279	1331.518436
Total	267313.703563	131640.857658	135672.845906
1983			
 0-4	62634.519239	31917.554187	30716.965052
 5-9	28686.297293	14566.593662	14119.703632
 10-14 	12356.963364	6254.963400	6101.999965
 15-19 	37219.987741	18783.135549	18436.852192
 20-24 	30830.996619	15504.217053	15326.779566
 25-29 	23652.107416	11873.551092	11778.556324
 30-34 	15257.137371	7494.016112	7763.121259
 35-39 	10477.943200	5000.723819	5477.219382
 40-44 	9486.328486	4507.814456	4978.514030
 45-49 	9851.793834	4646.241945	5205.551888
 50-54 	8855.551671	4129.232126	4726.319545
 55-59 	7513.477278	3441.207520	4072.269759
 60-64 	6234.307636	2825.852679	3408.454957
 65-69 	5069.593908	2207.042662	2862.551246
 70-74 	3740.406130	1511.430396	2228.975735
 75-79 	2530.713996	925.188109	1605.525887
 80+ 	2011.869455	575.934462	1435.934992
Total	276409.994638	136164.699227	140245.295411
1984			
 0-4	64502.507616	32880.345946	31622.161670
 5-9	29146.935943	14805.842142	14341.093800
 10-14 	12606.534669	6380.806755	6225.727914
 15-19 	38159.168265	19263.696066	18895.472198
 20-24 	31882.255852	16034.118198	15848.137655
 25-29 	25060.771634	12566.936231	12493.835402
 30-34 	16901.515285	8359.454346	8542.060939
 35-39 	10877.055401	5186.723425	5690.331976
 40-44 	9565.010496	4545.098681	5019.911815
 45-49 	9705.368485	4572.416632	5132.951853
 50-54 	9271.467262	4324.540324	4946.926938
 55-59 	7634.485971	3496.256005	4138.229966
 60-64 	6519.471748	2942.172974	3577.298775
 65-69 	5144.459078	2245.432241	2899.026837
 70-74 	3938.504487	1593.835716	2344.668771
 75-79 	2579.300848	945.956133	1633.344716
 80+ 	2175.558535	631.434572	1544.123962
Total	285670.371575	140775.066389	144895.305186
1985			
 0-4	66442.851666	33878.988858	32563.862808
 5-9	29636.254456	15061.189856	14575.064600
 10-14 	12848.601094	6502.647387	6345.953707
 15-19 	39010.563426	19699.698954	19310.864472
 20-24 	32857.408469	16527.130337	16330.278132
 25-29 	26381.837666	13216.497698	13165.339968
 30-34 	18562.975975	9225.873340	9337.102635
 35-39 	11493.023162	5491.068641	6001.954520
 40-44 	9683.946278	4599.895240	5084.051038
 45-49 	9550.598969	4495.232723	5055.366245
 50-54 	9601.386065	4478.201880	5123.184185
 55-59 	7796.685933	3572.161644	4224.524288
 60-64 	6782.158580	3048.378034	3733.780547
 65-69 	5245.414694	2292.908652	2952.506043
 70-74 	4116.350054	1668.983819	2447.366235
 75-79 	2645.847083	973.197864	1672.649219
 80+ 	2332.498951	684.154770	1648.344181
Total	294988.402521	145416.209698	149572.192824
1986			
 0-4	68335.872328	34852.515518	33483.356811
 5-9	30177.520278	15343.874446	14833.645832
 10-14 	13086.628483	6625.091258	6461.537225
 15-19 	39690.218585	20040.134870	19650.083715
 20-24 	33750.576523	16978.963366	16771.613157
 25-29 	27597.218940	13818.259160	13778.959780
 30-34 	20119.628984	10024.655740	10094.973244
 35-39 	12370.791111	5940.544421	6430.246690
 40-44 	9833.125029	4666.643866	5166.481162
 45-49 	9435.901636	4437.923109	4997.978527
 50-54 	9777.960882	4558.752517	5219.208365
 55-59 	8027.083757	3679.896590	4347.187168
 60-64 	6991.664667	3132.944871	3858.719795
 65-69 	5391.759435	2356.492374	3035.267061
 70-74 	4252.947206	1728.718631	2524.228575
 75-79 	2742.968623	1011.463708	1731.504915
 80+ 	2475.955822	731.845250	1744.110572
Total	304057.822290	149928.719697	154129.102593
1987			
 0-4	70105.804190	35762.423714	34343.380476
 5-9	30798.526625	15667.435591	15131.091034
 10-14 	13278.500933	6723.450780	6555.050153
 15-19 	40339.651447	20368.459700	19971.191748
 20-24 	34565.377931	17391.629882	17173.748049
 25-29 	28693.870722	14364.976887	14328.893835
 30-34 	21582.324615	10763.411100	10818.913515
 35-39 	13495.909666	6525.946216	6969.963450
 40-44 	10025.981519	4752.406689	5273.574829
 45-49 	9361.243212	4400.740124	4960.503088
 50-54 	9816.922538	4573.821853	5243.100685
 55-59 	8316.966139	3815.188852	4501.777287
 60-64 	7152.840738	3198.509779	3954.330959
 65-69 	5576.940597	2433.153665	3143.786932
 70-74 	4355.097511	1775.386342	2579.711169
 75-79 	2864.466950	1058.682110	1805.784841
 80+ 	2609.574631	775.882227	1833.692404
Total	312939.999966	154351.505512	158588.494454
1988			
 0-4	71673.200810	36568.226279	35104.974531
 5-9	31478.969277	16020.915579	15458.053698
 10-14 	13435.720313	6805.082022	6630.638291
 15-19 	40952.335606	20676.648981	20275.686625
 20-24 	35301.809545	17765.479082	17536.330463
 25-29 	29653.126400	14847.006358	14806.120042
 30-34 	22935.514710	11434.616868	11500.897842
 35-39 	14870.739593	7248.468729	7622.270863
 40-44 	10254.600919	4852.454386	5402.146533
 45-49 	9338.214040	4389.897596	4948.316444
 50-54 	9713.726538	4521.470378	5192.256161
 55-59 	8673.874963	3981.000556	4692.874407
 60-64 	7256.089913	3241.595109	4014.494803
 65-69 	5803.095600	2523.356342	3279.739258
 70-74 	4420.258212	1807.813340	2612.444871
 75-79 	3010.644084	1114.931427	1895.712657
 80+ 	2733.415769	816.436002	1916.979767
Total	321505.336292	158615.399035	162889.937257
1989			
 0-4	72987.630554	37247.671301	35739.959253
 5-9	32180.116962	16384.181588	15795.935374
 10-14 	13574.361835	6878.168270	6696.193565
 15-19 	41496.401727	20948.961032	20547.440695
 20-24 	35941.779961	18091.448390	17850.331571
 25-29 	30472.621028	15261.895978	15210.725050
 30-34 	24163.496422	12035.026604	12128.469819
 35-39 	16391.895174	8048.214504	8343.680670
 40-44 	10584.946268	5004.958374	5579.987894
 45-49 	9362.085453	4401.692824	4960.392630
 50-54 	9515.283429	4424.352866	5090.930563
 55-59 	9033.098371	4146.680777	4886.417594
 60-64 	7334.828452	3276.982252	4057.846200
 65-69 	6041.963608	2616.353762	3425.609845
 70-74 	4469.664397	1833.574489	2636.089908
 75-79 	3162.708794	1173.527285	1989.181509
 80+ 	2854.093186	855.834747	1998.258439
Total	329566.975621	162629.525043	166937.450579
1990			
 0-4	73992.943320	37777.191489	36215.751831
 5-9	32856.015405	16734.062549	16121.952857
 10-14 	13709.665217	6950.278635	6759.386582
 15-19 	41944.144181	21173.394889	20770.749293
 20-24 	36419.942497	18334.960284	18084.982213
 25-29 	31149.460421	15605.917939	15543.542482
 30-34 	25257.209642	12567.602174	12689.607467
 35-39 	17894.383163	8830.462425	9063.920738
 40-44 	11111.721755	5264.982406	5846.739349
 45-49 	9413.796792	4424.895273	4988.901519
 50-54 	9299.098241	4319.510388	4979.587853
 55-59 	9292.128826	4264.598919	5027.529907
 60-64 	7442.336371	3327.205801	4115.130571
 65-69 	6248.198022	2695.287115	3552.910907
 70-74 	4535.743547	1864.206177	2671.537370
 75-79 	3291.678897	1224.265477	2067.413420
 80+ 	2980.260639	897.054879	2083.205760
Total	336838.726939	166255.876819	170582.850120
1991			
 0-4	74561.964149	38093.823881	36468.140268
 5-9	33436.716061	17034.994767	16401.721294
 10-14 	13850.929859	7025.846484	6825.083375
 15-19 	42294.637335	21358.720321	20935.917014
 20-24 	36648.663036	18444.579041	18204.083996
 25-29 	31662.597619	15866.831786	15795.765834
 30-34 	26190.528960	13024.259545	13166.269415
 35-39 	19253.174078	9525.480056	9727.694022
 40-44 	11874.200017	5656.106598	6218.093419
 45-49 	9482.886999	4453.920448	5028.966552
 50-54 	9112.419279	4229.387759	4883.031520
 55-59 	9385.679333	4304.813702	5080.865631
 60-64 	7601.875266	3401.256347	4200.618919
 65-69 	6392.291118	2749.602579	3642.688539
 70-74 	4633.279944	1904.570899	2728.709045
 75-79 	3380.053452	1260.893616	2119.159836
 80+ 	3113.413584	940.727277	2172.686307
Total	342875.310092	169275.815107	173599.494986
1992			
 0-4	74525.075494	38109.603501	36415.471993
 5-9	33849.485397	17249.973563	16599.511835
 10-14 	13998.430064	7104.767641	6893.662422
 15-19 	42372.048576	21404.220957	20967.827619
 20-24 	36737.616684	18487.734874	18249.881810
 25-29 	31982.698484	16030.364022	15952.334462
 30-34 	26917.173494	13382.075873	13535.097621
 35-39 	20449.918435	10126.314197	10323.604238
 40-44 	12833.896793	6157.240308	6676.656485
 45-49 	9570.499593	4490.042336	5080.457258
 50-54 	8945.467946	4149.780638	4795.687308
 55-59 	9322.666151	4271.870807	5050.795344
 60-64 	7794.683180	3490.289672	4304.393508
 65-69 	6473.099025	2779.260173	3693.838853
 70-74 	4750.284143	1949.661441	2800.622702
 75-79 	3430.672471	1284.129545	2146.542926
 80+ 	3246.298005	984.681390	2261.616616
Total	347200.013934	171452.010936	175748.002998
1993			
 0-4	73668.329989	37710.826173	35957.503816
 5-9	34020.684433	17341.522216	16679.162217
 10-14 	14129.926323	7175.527310	6954.399014
 15-19 	42172.941628	21312.814244	20860.127383
 20-24 	36665.509186	18450.111002	18215.398184
 25-29 	32085.279227	16084.903192	16000.376035
 30-34 	27387.577230	13617.453074	13770.124156
 35-39 	21437.615622	10610.651504	10826.964118
 40-44 	13962.090471	6753.937806	7208.152665
 45-49 	9656.443090	4522.975678	5133.467412
 50-54 	8799.400810	4082.037366	4717.363444
 55-59 	9094.508382	4162.276211	4932.232171
 60-64 	8015.814183	3591.429009	4424.385174
 65-69 	6476.579017	2778.926371	3697.652647
 70-74 	4881.449945	1997.044089	2884.405857
 75-79 	3439.036292	1292.127329	2146.908963
 80+ 	3373.502700	1027.244371	2346.258329
Total	349266.688529	172511.806946	176754.881584
1994			
 0-4	71625.966329	36703.016852	34922.949477
 5-9	33907.822052	17289.380019	16618.442033
 10-14 	14219.746105	7224.922190	6994.823915
 15-19 	41718.534105	21094.870327	20623.663777
 20-24 	36395.505714	18313.069514	18082.436200
 25-29 	31956.703201	16024.504867	15932.198334
 30-34 	27585.609083	13722.593594	13863.015489
 35-39 	22177.107877	10965.275798	11211.832079
 40-44 	15126.549164	7372.550369	7753.998795
 45-49 	9790.519292	4582.873891	5207.645401
 50-54 	8661.641194	4018.912523	4642.728671
 55-59 	8745.598155	3997.410306	4748.187849
 60-64 	8194.940861	3672.241421	4522.699440
 65-69 	6429.871291	2760.010076	3669.861216
 70-74 	4996.722698	2035.931637	2960.791061
 75-79 	3420.672162	1289.814028	2130.858134
 80+ 	3482.252818	1064.186155	2418.066664
Total	348435.762102	172131.563568	176304.198533
1995			
 0-4	68138.862560	34947.345944	33191.516616
 5-9	33491.646801	17085.520463	16406.126338
 10-14 	14248.133466	7242.797006	7005.336460
 15-19 	41052.581816	20771.934418	20280.647398
 20-24 	35907.041026	18067.307490	17839.733536
 25-29 	31567.510141	15834.111075	15733.399066
 30-34 	27521.582507	13701.568448	13820.014060
 35-39 	22656.561842	11193.592431	11462.969411
 40-44 	16152.146462	7914.990119	8237.156343
 45-49 	10048.991761	4714.927740	5334.064021
 50-54 	8512.261940	3949.089540	4563.172400
 55-59 	8352.901585	3813.597072	4539.304513
 60-64 	8237.624467	3690.127881	4547.496586
 65-69 	6379.649188	2741.293983	3638.355205
 70-74 	5056.740512	2052.785994	3003.954519
 75-79 	3400.659283	1285.333072	2115.326211
 80+ 	3558.181185	1090.760294	2467.420891
Total	344283.076543	170097.082971	174185.993572
1996			
 0-4	63390.440037	32534.918233	30855.521803
 5-9	32783.218680	16735.882169	16047.336511
 10-14 	14205.485743	7224.165791	6981.319952
 15-19 	40265.894395	20389.362267	19876.532127
 20-24 	35274.807366	17759.280900	17515.526466
 25-29 	30928.063736	15513.803760	15414.259976
 30-34 	27243.839782	13578.487069	13665.352713
 35-39 	22894.170713	11311.518544	11582.652168
 40-44 	16943.191851	8328.477556	8614.714295
 45-49 	10466.676141	4939.473160	5527.202981
 50-54 	8354.125679	3873.618448	4480.507231
 55-59 	7974.242671	3637.850042	4336.392629
 60-64 	8104.704764	3628.034774	4476.669991
 65-69 	6352.595654	2732.958728	3619.636926
 70-74 	5046.534256	2043.366384	3003.167872
 75-79 	3393.792598	1283.486760	2110.305838
 80+ 	3597.940519	1105.774956	2492.165563
Total	337219.724584	166620.459542	170599.265042
1997			
 0-4	57957.169142	29762.345993	28194.823148
 5-9	31841.596161	16269.821727	15571.774434
 10-14 	14101.921244	7174.086965	6927.834279
 15-19 	39481.470846	20008.558806	19472.912040
 20-24 	34449.349069	17354.834009	17094.515060
 25-29 	30231.138517	15172.374271	15058.764246
 30-34 	26824.075687	13389.214430	13434.861258
 35-39 	22934.438034	11341.852804	11592.585230
 40-44 	17544.450753	8638.645590	8905.805163
 45-49 	11025.544053	5244.770545	5780.773508
 50-54 	8213.392597	3805.586031	4407.806566
 55-59 	7624.935174	3477.368647	4147.566526
 60-64 	7840.237822	3506.526513	4333.711308
 65-69 	6348.685843	2734.692693	3613.993150
 70-74 	4984.169133	2015.320234	2968.848900
 75-79 	3399.078758	1284.095676	2114.983082
 80+ 	3612.028902	1112.615444	2499.413458
Total	328413.681735	162292.710378	166120.971358
1998			
 0-4	52652.635831	27050.783560	25601.852271
 5-9	30744.795185	15725.505699	15019.289487
 10-14 	13963.767346	7105.953918	6857.813428
 15-19 	38809.566944	19684.158395	19125.408549
 20-24 	33589.945797	16938.042002	16651.903795
 25-29 	29584.434259	14859.575102	14724.859157
 30-34 	26368.508173	13185.978978	13182.529195
 35-39 	22854.577811	11322.598866	11531.978945
 40-44 	18012.660069	8875.252319	9137.407750
 45-49 	11743.465665	5638.306052	6105.159613
 50-54 	8108.205841	3752.806344	4355.399497
 55-59 	7336.527272	3346.970161	3989.557111
 60-64 	7480.517557	3342.338969	4138.178587
 65-69 	6389.171183	2755.203149	3633.968034
 70-74 	4884.064306	1974.774708	2909.289598
 75-79 	3425.982429	1290.740607	2135.241822
 80+ 	3612.945869	1115.230183	2497.715685
Total	319561.771537	157964.219013	161597.552524
1999			
 0-4	48148.029164	24747.788079	23400.241085
 5-9	29487.954102	15098.050593	14389.903510
 10-14 	13821.326693	7035.817957	6785.508736
 15-19 	38329.930311	19455.285015	18874.645296
 20-24 	32843.909878	16580.125784	16263.784094
 25-29 	29057.325392	14606.983804	14450.341589
 30-34 	25969.314462	13012.510830	12956.803632
 35-39 	22746.012705	11297.724185	11448.288520
 40-44 	18410.714989	9075.742836	9334.972153
 45-49 	12568.462251	6087.959502	6480.502748
 50-54 	8113.664533	3754.962446	4358.702088
 55-59 	7119.367258	3248.624652	3870.742606
 60-64 	7091.364166	3164.880800	3926.483366
 65-69 	6441.480250	2778.856106	3662.624144
 70-74 	4787.434895	1937.034798	2850.400097
 75-79 	3466.794114	1301.316611	2165.477502
 80+ 	3619.899114	1119.640842	2500.258272
Total	312022.984278	154303.304839	157719.679439
2000			
 0-4	44706.013034	22989.045968	21716.967066
 5-9	28040.434346	14370.014416	13670.419930
 10-14 	13695.412217	6975.196165	6720.216052
 15-19 	38083.064842	19342.059191	18741.005651
 20-24 	32316.529174	16330.912183	15985.616990
 25-29 	28691.187530	14433.379814	14257.807716
 30-34 	25661.081140	12882.867386	12778.213753
 35-39 	22681.242360	11301.201015	11380.041345
 40-44 	18796.389869	9277.307252	9519.082617
 45-49 	13416.448501	6544.511937	6871.936563
 50-54 	8317.306445	3859.377398	4457.929047
 55-59 	6966.747709	3175.775350	3790.972358
 60-64 	6742.913630	3005.059075	3737.854555
 65-69 	6448.899983	2779.865942	3669.034041
 70-74 	4739.653605	1918.101888	2821.551718
 75-79 	3504.835291	1310.521830	2194.313461
 80+ 	3650.613347	1131.400355	2519.212993
Total	306458.773023	151626.597165	154832.175858
2001			
 0-4	42348.567754	21786.897999	20561.669755
 5-9	26424.217538	13552.324008	12871.893530
 10-14 	13585.301446	6924.292249	6661.009196
 15-19 	38045.698129	19333.185256	18712.512872
 20-24 	32048.961761	16208.813671	15840.148090
 25-29 	28506.218979	14353.229087	14152.989892
 30-34 	25421.168359	12779.433649	12641.734710
 35-39 	22691.658695	11346.806587	11344.852108
 40-44 	19194.793795	9496.480163	9698.313632
 45-49 	14234.422266	6977.269648	7257.152618
 50-54 	8756.212344	4086.959930	4669.252414
 55-59 	6875.562420	3125.163871	3750.398549
 60-64 	6468.271079	2876.729528	3591.541551
 65-69 	6381.147921	2744.580748	3636.567174
 70-74 	4757.892128	1923.081624	2834.810504
 75-79 	3531.714132	1315.576872	2216.137260
 80+ 	3712.638316	1152.837008	2559.801308
Total	302984.447061	149983.661898	153000.785163
2002			
 0-4	40939.383943	21072.136220	19867.247723
 5-9	24740.178198	12697.105940	12043.072259
 10-14 	13482.054435	6878.580589	6603.473847
 15-19 	38183.188654	19412.257423	18770.931231
 20-24 	32076.568681	16234.180047	15842.388633
 25-29 	28408.113912	14311.767166	14096.346746
 30-34 	25349.607598	12760.092293	12589.515305
 35-39 	22784.336448	11434.699498	11349.636951
 40-44 	19606.185604	9731.686580	9874.499024
 45-49 	15045.662820	7400.013699	7645.649122
 50-54 	9413.861379	4428.474210	4985.387170
 55-59 	6858.016887	3104.546304	3753.470583
 60-64 	6260.843571	2777.071921	3483.771651
 65-69 	6258.485559	2683.446464	3575.039095
 70-74 	4833.521439	1948.996077	2884.525362
 75-79 	3552.848229	1318.280100	2234.568129
 80+ 	3803.847189	1183.088868	2620.758321
Total	301596.704548	149376.423397	152220.281151
2003			
 0-4	40187.569483	20696.141604	19491.427879
 5-9	23157.969266	11892.848164	11265.121102
 10-14 	13365.027507	6827.181426	6537.846081
 15-19 	38448.192788	19555.540368	18892.652421
 20-24 	32362.112161	16388.347182	15973.764979
 25-29 	28406.828493	14317.275278	14089.553215
 30-34 	25429.649819	12811.550652	12618.099166
 35-39 	22954.498470	11557.476240	11397.022230
 40-44 	20018.822669	9973.108401	10045.714269
 45-49 	15844.807432	7809.202636	8035.604796
 50-54 	10288.298087	4883.630081	5404.668006
 55-59 	6912.060750	3114.325807	3797.734943
 60-64 	6124.415719	2708.536731	3415.878989
 65-69 	6083.503839	2599.212972	3484.290867
 70-74 	4968.555966	1997.645957	2970.910009
 75-79 	3564.452467	1317.557881	2246.894586
 80+ 	3923.207451	1221.429320	2701.778131
Total	302039.972369	149671.010699	152368.961670
2004			
 0-4	39870.109595	20551.475166	19318.634429
 5-9	21852.912821	11230.574313	10622.338508
 10-14 	13178.804788	6740.868049	6437.936738
 15-19 	38816.343803	19753.638318	19062.705484
 20-24 	32863.392524	16653.190642	16210.201882
 25-29 	28528.908476	14386.620949	14142.287526
 30-34 	25634.620356	12922.645702	12711.974654
 35-39 	23200.245590	11713.219547	11487.026042
 40-44 	20439.954128	10221.662492	10218.291636
 45-49 	16628.088953	8206.226411	8421.862542
 50-54 	11310.009093	5413.860865	5896.148228
 55-59 	7084.642958	3182.434063	3902.208895
 60-64 	6054.322070	2668.644838	3385.677232
 65-69 	5886.757369	2506.431536	3380.325833
 70-74 	5125.430904	2054.305396	3071.125508
 75-79 	3583.854528	1320.209768	2263.644760
 80+ 	4063.152566	1265.158896	2797.993670
Total	304121.550520	150791.166951	153330.383569
2005			
 0-4	39926.499308	20615.885038	19310.614270
 5-9	20912.821042	10755.534422	10157.286620
 10-14 	12866.098000	6589.417530	6276.680470
 15-19 	39269.524912	19999.625833	19269.899079
 20-24 	33537.880337	17006.444192	16531.436145
 25-29 	28799.007778	14530.933891	14268.073888
 30-34 	25940.616934	13081.208254	12859.408680
 35-39 	23492.024599	11884.409759	11607.614840
 40-44 	20880.878353	10478.661556	10402.216797
 45-49 	17399.971941	8597.333028	8802.638913
 50-54 	12375.482720	5959.977319	6415.505401
 55-59 	7439.624222	3344.857965	4094.766256
 60-64 	6038.375869	2650.578208	3387.797661
 65-69 	5713.332143	2424.399875	3288.932269
 70-74 	5248.257814	2095.965814	3152.291999
 75-79 	3637.883906	1335.931302	2301.952603
 80+ 	4213.993142	1311.126793	2902.866350
Total	307692.273020	152662.290779	155029.982241
2006			
 0-4	40298.696597	20862.425881	19436.270716
 5-9	20366.845765	10483.841448	9883.004317
 10-14 	12412.776997	6365.534027	6047.242970
 15-19 	39772.312094	20277.904304	19494.407790
 20-24 	34336.641975	17425.190029	16911.451945
 25-29 	29245.132760	14766.988066	14478.144694
 30-34 	26354.410725	13299.997189	13054.413536
 35-39 	23787.038690	12047.120856	11739.917834
 40-44 	21350.703056	10747.778909	10602.924147
 45-49 	18162.737133	8988.687437	9174.049696
 50-54 	13418.375512	6486.263017	6932.112495
 55-59 	8010.686244	3621.137219	4389.549026
 60-64 	6075.147469	2654.335272	3420.812197
 65-69 	5590.997581	2364.895770	3226.101810
 70-74 	5305.544752	2110.445446	3195.099305
 75-79 	3739.749144	1369.385576	2370.363568
 80+ 	4371.266832	1358.083961	3013.182871
Total	312599.063326	155230.014406	157369.048919
2007			
 0-4	40922.985568	21253.937102	19669.048466
 5-9	20183.359802	10398.653540	9784.706262
 10-14 	11852.625838	6086.006178	5766.619661
 15-19 	40271.941722	20560.416876	19711.524846
 20-24 	35219.346662	17885.998906	17333.347756
 25-29 	29889.159652	15103.458769	14785.700884
 30-34 	26779.445876	13519.533459	13259.912417
 35-39 	24170.356730	12250.209926	11920.146803
 40-44 	21849.556902	11026.094312	10823.462590
 45-49 	18908.080930	9374.458643	9533.622287
 50-54 	14450.120513	6998.470231	7451.650283
 55-59 	8787.998513	4004.622077	4783.376436
 60-64 	6174.914716	2685.112655	3489.802061
 65-69 	5514.873750	2325.282118	3189.591631
 70-74 	5308.195596	2102.791758	3205.403837
 75-79 	3883.134939	1418.104532	2465.030407
 80+ 	4536.383173	1406.493086	3129.890087
Total	318702.480881	158399.644168	160302.836713
2008			
 0-4	41713.305367	21736.166824	19977.138543
 5-9	20248.696900	10442.104386	9806.592514
 10-14 	11268.452563	5793.649540	5474.803022
 15-19 	40682.013463	20801.842356	19880.171107
 20-24 	36146.491547	18367.376631	17779.114916
 25-29 	30711.032170	15528.720393	15182.311777
 30-34 	27235.666017	13751.351664	13484.314353
 35-39 	24639.140153	12488.951844	12150.188309
 40-44 	22378.402373	11312.541628	11065.860745
 45-49 	19625.387749	9748.463488	9876.924261
 50-54 	15465.375417	7493.822696	7971.552720
 55-59 	9777.516122	4497.998629	5279.517493
 60-64 	6334.994847	2741.513394	3593.481453
 65-69 	5489.756338	2307.687792	3182.068546
 70-74 	5254.624971	2072.917532	3181.707439
 75-79 	4070.903269	1483.110982	2587.792288
 80+ 	4707.041625	1455.623641	3251.417984
Total	325748.800891	162023.843419	163724.957471
2009			
 0-4	42558.325965	22238.239246	20320.086719
 5-9	20469.125989	10568.588846	9900.537143
 10-14 	10760.838330	5539.872307	5220.966023
 15-19 	40806.569307	20898.926137	19907.643171
 20-24 	37104.009087	18865.283893	18238.725193
 25-29 	31685.020956	16032.459912	15652.561044
 30-34 	27763.452000	14018.648323	13744.803677
 35-39 	25182.308571	12760.311539	12421.997032
 40-44 	22939.953564	11610.398601	11329.554962
 45-49 	20320.336316	10115.902538	10204.433778
 50-54 	16457.622584	7975.735025	8481.887559
 55-59 	10920.872377	5070.059320	5850.813057
 60-64 	6602.276258	2850.030634	3752.245624
 65-69 	5514.288605	2311.383190	3202.905416
 70-74 	5168.468600	2031.938298	3136.530302
 75-79 	4272.183263	1553.010544	2719.172719
 80+ 	4891.105235	1508.507020	3382.598214
Total	333416.757006	165949.295372	167467.461634
2010			
 0-4	43350.156762	22695.526148	20654.630613
 5-9	20818.661685	10767.898108	10050.763578
 10-14 	10389.345312	5354.496315	5034.848997
 15-19 	40433.447439	20738.542026	19694.905414
 20-24 	38066.561602	19369.089375	18697.472227
 25-29 	32767.226330	16590.649408	16176.576922
 30-34 	28384.711769	14329.467570	14055.244199
 35-39 	25772.587904	13046.349823	12726.238080
 40-44 	23493.625007	11894.222320	11599.402688
 45-49 	20987.535561	10469.870524	10517.665037
 50-54 	17415.149597	8444.666773	8970.482825
 55-59 	12114.638941	5664.578082	6450.060859
 60-64 	7043.124120	3047.407545	3995.716575
 65-69 	5579.874787	2331.886403	3247.988384
 70-74 	5087.815226	1996.199918	3091.615307
 75-79 	4437.202238	1609.433039	2827.769198
 80+ 	5099.218318	1568.929414	3530.288904
Total	341240.882598	169919.212790	171321.669808
2011			
 0-4	44004.608163	23060.068171	20944.539992
 5-9	21265.295270	11022.944860	10242.350410
 10-14 	10182.572359	5251.010628	4931.561731
 15-19 	39496.970054	20282.404046	19214.566008
 20-24 	38993.955883	19857.981746	19135.974137
 25-29 	33913.087174	17178.709971	16734.377203
 30-34 	29133.077971	14698.899385	14434.178585
 35-39 	26422.727860	13357.661354	13065.066506
 40-44 	23992.029305	12135.217446	11856.811859
 45-49 	21631.094157	10812.067977	10819.026181
 50-54 	18327.006646	8899.981703	9427.024943
 55-59 	13284.281686	6242.995372	7041.286314
 60-64 	7696.170216	3355.134020	4341.036196
 65-69 	5688.183868	2370.560647	3317.623222
 70-74 	5039.069376	1976.661340	3062.408035
 75-79 	4535.247621	1641.887586	2893.360035
 80+ 	5333.518139	1637.770670	3695.747469
Total	348938.895748	173781.956922	175156.938826
2012			
 0-4	44449.910221	23299.431632	21150.478590
 5-9	21741.879934	11300.604773	10441.275161
 10-14 	10118.980739	5219.888395	4899.092344
 15-19 	38070.355960	19569.666591	18500.689370
 20-24 	39758.831676	20271.313248	19487.518428
 25-29 	35031.593161	17755.133081	17276.460079
 30-34 	29983.134078	15124.288902	14858.845175
 35-39 	27003.283301	13628.375041	13374.908260
 40-44 	24492.949199	12372.810100	12120.139099
 45-49 	22224.168812	11126.144706	11098.024106
 50-54 	19155.627337	9323.833642	9831.793695
 55-59 	14407.539357	6795.408758	7612.130599
 60-64 	8537.999047	3762.072154	4775.926893
 65-69 	5840.637912	2427.890811	3412.747101
 70-74 	5013.311836	1968.488051	3044.823785
 75-79 	4569.857186	1652.552444	2917.304743
 80+ 	5583.900324	1711.809191	3872.091133
Total	355983.960081	177309.711520	178674.248561
2013			
 0-4	44690.752405	23425.329234	21265.423171
 5-9	22192.732023	11567.728308	10625.003716
 10-14 	10141.934434	5232.618834	4909.315600
 15-19 	36434.699240	18745.620514	17689.078726
 20-24 	40251.632282	20550.532698	19701.099584
 25-29 	36065.719754	18286.956265	17778.763489
 30-34 	30899.410484	15584.736532	15314.673952
 35-39 	27528.251939	13867.340176	13660.911763
 40-44 	24993.245806	12601.159989	12392.085817
 45-49 	22769.208779	11407.477532	11361.731247
 50-54 	19885.098146	9703.916750	10181.181396
 55-59 	15461.506196	7308.721283	8152.784913
 60-64 	9564.862191	4265.945679	5298.916512
 65-69 	6032.195437	2500.669498	3531.525940
 70-74 	5016.291273	1972.569307	3043.721966
 75-79 	4539.386835	1640.820613	2898.566222
 80+ 	5847.229364	1790.366017	4056.863347
Total	362314.156588	180452.509228	181861.647361
2014			
 0-4	44778.741842	23468.663084	21310.078757
 5-9	22569.944936	11793.175882	10776.769055
 10-14 	10207.876150	5268.889225	4938.986925
 15-19 	34936.042429	17988.820317	16947.222112
 20-24 	40290.549744	20598.034213	19692.515532
 25-29 	36991.387649	18762.617537	18228.770112
 30-34 	31844.427064	16061.168198	15783.258865
 35-39 	28026.093666	14091.845218	13934.248447
 40-44 	25478.966113	12815.207302	12663.758811
 45-49 	23269.517390	11657.076010	11612.441380
 50-54 	20521.405251	10039.830808	10481.574443
 55-59 	16430.273568	7777.803777	8652.469791
 60-64 	10706.624677	4828.826331	5877.798346
 65-69 	6305.142032	2611.673903	3693.468129
 70-74 	5048.065948	1986.961529	3061.104419
 75-79 	4466.477467	1615.012868	2851.464600
 80+ 	6105.226519	1867.188431	4238.038088
Total	367976.762446	183232.794634	184743.967812
2015			
 0-4	44744.208654	23440.596746	21303.611908
 5-9	22842.357787	11956.049176	10886.308611
 10-14 	10310.418813	5327.805084	4982.613729
 15-19 	33787.255661	17408.708338	16378.547322
 20-24 	39712.743623	20328.762867	19383.980756
 25-29 	37805.059612	19187.778515	18617.281097
 30-34 	32810.118273	16555.803014	16254.315258
 35-39 	28559.357444	14344.082591	14215.274853
 40-44 	25969.169792	13034.683313	12934.486479
 45-49 	23726.374031	11882.734697	11843.639334
 50-54 	21093.925900	10347.015788	10746.910112
 55-59 	17320.805487	8213.593904	9107.211583
 60-64 	11860.929185	5396.466887	6464.462297
 65-69 	6724.578886	2796.720389	3927.858497
 70-74 	5104.129465	2009.032171	3095.097294
 75-79 	4388.942585	1589.257276	2799.685309
 80+ 	6332.655621	1933.790162	4398.865459
Total	373093.030818	185752.880918	187340.149900
2016			
 0-4	44538.226006	23313.461334	21224.764671
 5-9	22987.886038	12042.715571	10945.170467
 10-14 	10436.565500	5403.576594	5032.988906
 15-19 	33078.544580	17049.911980	16028.632599
 20-24 	38486.539644	19719.880827	18766.658817
 25-29 	38460.389705	19535.443486	18924.946219
 30-34 	33753.238639	17042.905803	16710.332836
 35-39 	29155.855865	14637.888570	14517.967294
 40-44 	26474.265839	13270.836581	13203.429258
 45-49 	24091.339874	12055.983636	12035.356237
 50-54 	21603.796995	10622.791431	10981.005564
 55-59 	18120.721387	8613.455846	9507.265540
 60-64 	12944.441724	5925.494422	7018.947302
 65-69 	7319.372461	3072.177324	4247.195137
 70-74 	5183.318561	2038.311496	3145.007065
 75-79 	4328.865805	1571.128766	2757.737039
 80+ 	6511.620898	1984.421025	4527.199873
Total	377474.989520	187900.384695	189574.604825
2017			
 0-4	44263.848388	23140.980587	21122.867800
 5-9	23022.021359	12063.608482	10958.412877
 10-14 	10577.798371	5491.556558	5086.241813
 15-19 	32809.244836	16917.216036	15892.028800
 20-24 	36799.141673	18875.064347	17924.077326
 25-29 	38930.972635	19799.787535	19131.185100
 30-34 	34641.690321	17505.512912	17136.177409
 35-39 	29829.654393	14976.735654	14852.918740
 40-44 	26903.028018	13465.810123	13437.217894
 45-49 	24457.687344	12225.169664	12232.517680
 50-54 	22067.131798	10869.176420	11197.955378
 55-59 	18834.321104	8976.813605	9857.507499
 60-64 	13967.112161	6420.237446	7546.874715
 65-69 	8082.943250	3433.404753	4649.538497
 70-74 	5300.652645	2081.417860	3219.234784
 75-79 	4290.115903	1560.966661	2729.149242
 80+ 	6655.811314	2023.785277	4632.026036
Total	381433.175513	189827.243922	191605.931591
2018			
 0-4	43851.422039	22889.024386	20962.397653
 5-9	22965.443849	12033.357789	10932.086060
 10-14 	10715.381958	5579.365205	5136.016753
 15-19 	32807.760200	16921.202042	15886.558158
 20-24 	34945.680612	17941.238994	17004.441619
 25-29 	39133.786545	19932.161022	19201.625523
 30-34 	35428.401057	17916.118209	17512.282848
 35-39 	30547.704602	15342.864491	15204.840111
 40-44 	27264.162091	13627.762792	13636.399299
 45-49 	24814.709241	12383.854370	12430.854871
 50-54 	22478.843800	11082.963905	11395.879895
 55-59 	19444.891137	9295.354242	10149.536895
 60-64 	14911.437520	6872.807910	8038.629610
 65-69 	9010.617778	3878.486560	5132.131218
 70-74 	5452.214722	2136.998946	3315.215775
 75-79 	4276.861875	1560.250974	2716.610901
 80+ 	6765.782649	2052.542216	4713.240432
Total	384815.101674	191446.354053	193368.747621
2019			
 0-4	43300.338272	22562.050094	20738.288178
 5-9	22852.157054	11971.838460	10880.318594
 10-14 	10830.488446	5653.877740	5176.610706
 15-19 	32943.077063	17000.852887	15942.224176
 20-24 	33274.348724	17097.796073	16176.552651
 25-29 	38922.113804	19853.868233	19068.245571
 30-34 	36114.097705	18275.401116	17838.696589
 35-39 	31294.883074	15726.590646	15568.292428
 40-44 	27603.393497	13779.807174	13823.586323
 45-49 	25162.787142	12532.520341	12630.266802
 50-54 	22853.889472	11270.831001	11583.058471
 55-59 	19969.511986	9574.887954	10394.624032
 60-64 	15773.710427	7284.381043	8489.329383
 65-69 	10040.981539	4374.865443	5666.116097
 70-74 	5679.329528	2226.678254	3452.651273
 75-79 	4290.406294	1568.471513	2721.934781
 80+ 	6849.738873	2073.703353	4776.035520
Total	387755.252899	192828.421325	194926.831573
2020			
 0-4	42636.288136	22178.005265	20458.282871
 5-9	22703.702607	11888.393306	10815.309302
 10-14 	10909.818381	5705.903811	5203.914571
 15-19 	33200.230649	17155.798168	16044.432480
 20-24 	31989.812554	16449.274820	15540.537734
 25-29 	38156.665535	19489.298553	18667.366983
 30-34 	36706.962892	18588.854154	18118.108739
 35-39 	32063.463190	16121.948993	15941.514197
 40-44 	27972.339807	13948.791699	14023.548108
 45-49 	25510.916355	12677.547706	12833.368649
 50-54 	23184.664840	11428.988539	11755.676301
 55-59 	20433.869424	9824.484724	10609.384700
 60-64 	16560.946495	7663.212028	8897.734468
 65-69 	11079.406541	4872.861993	6206.544548
 70-74 	6040.199221	2380.838835	3659.360386
 75-79 	4327.252096	1583.344366	2743.907730
 80+ 	6918.860893	2091.219762	4827.641132
Total	390395.399616	194048.766721	196346.632895
2021			
 0-4	41895.669699	21758.167571	20137.502128
 5-9	22527.716994	11786.094233	10741.622760
 10-14 	10946.962720	5731.238460	5215.724260
 15-19 	33552.892180	17374.969365	16177.922815
 20-24 	31185.677870	16044.300016	15141.377854
 25-29 	36840.376814	18838.916045	18001.460769
 30-34 	37195.160909	18854.110165	18341.050744
 35-39 	32837.542370	16522.101166	16315.441204
 40-44 	28421.259216	14163.375032	14257.884184
 45-49 	25892.494510	12843.942231	13048.552279
 50-54 	23446.063027	11542.521916	11903.541110
 55-59 	20860.003677	10052.503603	10807.500075
 60-64 	17279.650470	8016.023699	9263.626771
 65-69 	12062.487581	5340.001393	6722.486188
 70-74 	6565.658784	2615.740379	3949.918405
 75-79 	4390.522563	1606.255926	2784.266637
 80+ 	6981.783095	2107.934757	4873.848339
Total	392881.922479	195198.195956	197683.726523
2022			
 0-4	41120.026200	21324.430769	19795.595430
 5-9	22321.218490	11663.551696	10657.666794
 10-14 	10943.192842	5731.206808	5211.986034
 15-19 	33963.146847	17635.988327	16327.158520
 20-24 	30835.236073	15869.981038	14965.255034
 25-29 	35121.806967	17978.387201	17143.419766
 30-34 	37543.016848	19054.100871	18488.915978
 35-39 	33594.279035	16915.260450	16679.018585
 40-44 	28979.572820	14440.145387	14539.427433
 45-49 	26224.856532	12985.692997	13239.163535
 50-54 	23732.169899	11667.382984	12064.786914
 55-59 	21257.141257	10262.328894	10994.812364
 60-64 	17925.613132	8340.687320	9584.925812
 65-69 	12994.188572	5779.412497	7214.776075
 70-74 	7243.982752	2925.469182	4318.513570
 75-79 	4488.726098	1641.367028	2847.359070
 80+ 	7042.568987	2125.035870	4917.533117
Total	395330.743352	196340.429320	198990.314032
2023			
 0-4	40349.152231	20895.844645	19453.307586
 5-9	22073.900173	11516.408073	10557.492101
 10-14 	10907.652348	5712.826112	5194.826236
 15-19 	34375.962823	17902.524556	16473.438268
 20-24 	30777.241364	15844.860641	14932.380723
 25-29 	33289.893165	17056.344470	16233.548695
 30-34 	37686.966667	19154.896033	18532.070634
 35-39 	34305.679007	17285.899349	17019.779659
 40-44 	29631.457035	14770.767647	14860.689388
 45-49 	26534.363501	13119.710760	13414.652741
 50-54 	24048.167953	11804.053326	12244.114627
 55-59 	21634.535599	10457.309509	11177.226090
 60-64 	18495.364335	8634.999554	9860.364781
 65-69 	13868.237479	6188.511159	7679.726321
 70-74 	8074.933626	3309.912206	4765.021420
 75-79 	4621.127839	1688.552219	2932.575621
 80+ 	7107.831344	2144.793670	4963.037674
Total	397782.466489	197488.213928	200294.252562
2024			
 0-4	39612.206245	20484.917003	19127.289242
 5-9	21778.409364	11343.017208	10435.392157
 10-14 	10853.566952	5684.051449	5169.515503
 15-19 	34726.812294	18130.747513	16596.064781
 20-24 	30878.789295	15906.534486	14972.254809
 25-29 	31663.990721	16236.955269	15427.035452
 30-34 	37472.742562	19074.582627	18398.159935
 35-39 	34962.092306	17630.072661	17332.019644
 40-44 	30352.501676	15141.915965	15210.585710
 45-49 	26857.888262	13265.250295	13592.637966
 50-54 	24385.921999	11949.222357	12436.699642
 55-59 	22000.480664	10641.180802	11359.299863
 60-64 	19001.438623	8902.891665	10098.546958
 65-69 	14679.649805	6567.917624	8111.732181
 70-74 	9003.942413	3741.538340	5262.404073
 75-79 	4822.271791	1765.165531	3057.106261
 80+ 	7181.622558	2167.905669	5013.716889
Total	400234.327529	198633.866463	201600.461066
2025			
 0-4	38928.421201	20100.320679	18828.100521
 5-9	21440.883964	11148.777110	10292.106853
 10-14 	10788.802639	5648.070582	5140.732058
 15-19 	34970.136240	18290.110703	16680.025536
 20-24 	31118.112703	16050.825170	15067.287533
 25-29 	30428.631254	15614.611855	14814.019399
 30-34 	36750.786345	18733.571135	18017.215210
 35-39 	35557.808466	17947.248277	17610.560189
 40-44 	31121.635503	15541.406464	15580.229039
 45-49 	27234.234973	13442.481714	13791.753260
 50-54 	24743.535047	12103.437412	12640.097635
 55-59 	22339.867642	10806.365312	11533.502330
 60-64 	19463.065916	9150.224034	10312.841882
 65-69 	15431.421257	6923.460815	8507.960442
 70-74 	9946.942409	4178.132219	5768.810190
 75-79 	5141.087882	1895.660299	3245.427583
 80+ 	7267.090588	2194.656572	5072.434016
Total	402672.464029	199769.360354	202903.103676
2026			
 0-4	38315.709725	19751.626256	18564.083469
 5-9	21072.760279	10940.780895	10131.979384
 10-14 	10714.483829	5604.988531	5109.495298
 15-19 	35082.142486	18365.799219	16716.343266
 20-24 	31462.480700	16263.385635	15199.095064
 25-29 	29663.873269	15230.641319	14433.231950
 30-34 	35507.166949	18122.555825	17384.611124
 35-39 	36065.756719	18225.222854	17840.533865
 40-44 	31907.588578	15951.743923	15955.844655
 45-49 	27698.675581	13669.676425	14028.999157
 50-54 	25141.479243	12282.547454	12858.931789
 55-59 	22619.658976	10932.965454	11686.693522
 60-64 	19895.233410	9381.114034	10514.119375
 65-69 	16125.201998	7258.786672	8866.415326
 70-74 	10846.529391	4591.436912	6255.092479
 75-79 	5602.987376	2092.894737	3510.092639
 80+ 	7370.724122	2227.239648	5143.484474
Total	405092.452631	200893.405792	204199.046838
2027			
 0-4	37786.770044	19447.076494	18339.693549
 5-9	20688.901560	10726.916498	9961.985062
 10-14 	10626.540536	5552.666172	5073.874364
 15-19 	35063.830681	18360.603534	16703.227147
 20-24 	31868.063235	16519.181100	15348.882135
 25-29 	29336.550763	15068.721431	14267.829331
 30-34 	33871.078953	17306.712795	16564.366158
 35-39 	36439.518069	18440.622578	17998.895491
 40-44 	32677.625963	16354.913728	16322.712234
 45-49 	28270.243327	13956.684795	14313.558532
 50-54 	25491.664875	12437.505048	13054.159827
 55-59 	22923.729358	11070.031374	11853.697984
 60-64 	20301.365242	9595.570195	10705.795048
 65-69 	16753.357061	7569.965671	9183.391390
 70-74 	11704.308930	4983.211311	6721.097618
 75-79 	6196.530835	2351.461085	3845.069750
 80+ 	7499.363690	2268.611364	5230.752327
Total	407499.443121	202010.455173	205488.987948
2028			
 0-4	37343.477989	19190.807875	18152.670114
 5-9	20304.910057	10514.423652	9790.486404
 10-14 	10517.886313	5487.839361	5030.046952
 15-19 	34941.547497	18295.497340	16646.050157
 20-24 	32276.616309	16780.777540	15495.838769
 25-29 	29288.368679	15048.939198	14239.429481
 30-34 	32116.191619	16426.639260	15689.552359
 35-39 	36613.087805	18558.552944	18054.534861
 40-44 	33402.275946	16735.092627	16667.183319
 45-49 	28931.546614	14294.773912	14636.772702
 50-54 	25817.583459	12583.833043	13233.750417
 55-59 	23254.861732	11217.099217	12037.762515
 60-64 	20687.843181	9795.578849	10892.264332
 65-69 	17310.541999	7854.060525	9456.481474
 70-74 	12513.355216	5350.715389	7162.639827
 75-79 	6920.179943	2670.733947	4249.445995
 80+ 	7655.797025	2319.890803	5335.906222
Total	409896.071382	203125.255483	206770.815899
2029			
 0-4	36984.285010	18984.922109	17999.362902
 5-9	19934.262407	10308.872926	9625.389480
 10-14 	10384.060936	5409.220837	4974.840100
 15-19 	34755.373651	18194.713906	16560.659745
 20-24 	32624.134504	17005.169216	15618.965288
 25-29 	29390.504162	15110.830825	14279.673337
 30-34 	30551.377427	15640.875298	14910.502129
 35-39 	36433.269966	18498.061385	17935.208581
 40-44 	34070.288630	17087.734173	16982.554457
 45-49 	29657.814499	14670.756738	14987.057761
 50-54 	26154.212663	12739.823936	13414.388728
 55-59 	23604.195558	11370.721096	12233.474462
 60-64 	21061.376812	9984.067686	11077.309126
 65-69 	17807.190240	8113.963232	9693.227008
 70-74 	13267.524289	5693.727343	7573.796947
 75-79 	7727.407916	3028.457903	4698.950013
 80+ 	7869.198540	2394.090163	5475.108377
Total	412276.477211	204236.008771	208040.468441
2030			
 0-4	36707.793297	18829.331111	17878.462186
 5-9	19587.493140	10114.962451	9472.530689
 10-14 	10227.760635	5319.287549	4908.473085
 15-19 	34529.638531	18068.004994	16461.633538
 20-24 	32866.425415	17162.820307	15703.605108
 25-29 	29622.091956	15250.471661	14371.620296
 30-34 	29357.429066	15041.703184	14315.725882
 35-39 	35752.620205	18180.971272	17571.648933
 40-44 	34675.435558	17412.074894	17263.360664
 45-49 	30428.419300	15072.835799	15355.583501
 50-54 	26539.179963	12924.844948	13614.335015
 55-59 	23969.632001	11531.379843	12438.252158
 60-64 	21407.089202	10153.692285	11253.396917
 65-69 	18260.819601	8354.623119	9906.196483
 70-74 	13967.893280	6016.516825	7951.376455
 75-79 	8547.306693	3390.778479	5156.528214
 80+ 	8177.986901	2508.466194	5669.520707
Total	414625.014744	205332.764915	209292.249829
2031			
 0-4	36504.904172	18718.751691	17786.152481
 5-9	19274.349710	9937.780844	9336.568865
 10-14 	10054.491195	5221.487139	4833.004057
 15-19 	34267.755421	17915.741432	16352.013988
 20-24 	32980.327394	17239.299502	15741.027892
 25-29 	29952.143033	15454.429637	14497.713396
 30-34 	28613.970714	14670.136121	13943.834593
 35-39 	34556.246660	17597.573749	16958.672912
 40-44 	35191.057392	17696.162197	17494.895195
 45-49 	31212.899786	15484.085953	15728.813832
 50-54 	27006.916569	13156.492411	13850.424158
 55-59 	24370.651257	11714.090433	12656.560825
 60-64 	21692.919325	10285.385410	11407.533916
 65-69 	18685.303104	8579.568547	10105.734557
 70-74 	14614.901704	6321.728846	8293.172858
 75-79 	9331.526645	3735.073832	5596.452813
 80+ 	8602.862022	2672.263873	5930.598149
Total	416913.226105	206400.051618	210513.174487
2032			
 0-4	36360.833916	18643.673092	17717.160824
 5-9	19001.131019	9781.443049	9219.687969
 10-14 	9871.291490	5119.588865	4751.702625
 15-19 	33957.036645	17731.465849	16225.570796
 20-24 	32965.792821	17236.660959	15729.131862
 25-29 	30338.415501	15698.714568	14639.700932
 30-34 	28289.720011	14510.846784	13778.873228
 35-39 	32968.408697	16810.355377	16158.053320
 40-44 	35571.092031	17916.897398	17654.194633
 45-49 	31978.719181	15886.704463	16092.014718
 50-54 	27575.686751	13444.077736	14131.609015
 55-59 	24722.192041	11872.215136	12849.976905
 60-64 	21999.292721	10425.557549	11573.735172
 65-69 	19083.573806	8788.595179	10294.978626
 70-74 	15201.447277	6605.830817	8595.616459
 75-79 	10081.386079	4062.824254	6018.561825
 80+ 	9135.631285	2881.723640	6253.907645
Total	419101.651271	207417.174717	211684.476555
2033			
 0-4	36257.047653	18591.174007	17665.873646
 5-9	18767.777756	9647.531817	9120.245939
 10-14 	9685.378975	5016.973938	4668.405038
 15-19 	33574.643616	17504.803309	16069.840307
 20-24 	32846.156915	17173.873058	15672.283857
 25-29 	30723.684299	15946.756225	14776.928074
 30-34 	28231.117456	14486.466802	13744.650654
 35-39 	31254.977220	15955.546002	15299.431218
 40-44 	35749.411491	18039.489428	17709.922063
 45-49 	32695.263453	16264.354410	16430.909043
 50-54 	28227.438523	13778.641980	14448.796544
 55-59 	25045.943006	12020.080890	13025.862116
 60-64 	22328.035621	10573.353955	11754.681666
 65-69 	19460.662206	8983.021644	10477.640562
 70-74 	15721.980726	6865.908645	8856.072082
 75-79 	10790.699737	4371.782308	6418.917429
 80+ 	9772.300839	3135.178412	6637.122427
Total	421132.519493	208354.936829	212777.582664
2034			
 0-4	36174.959374	18549.555484	17625.403890
 5-9	18572.319503	9536.516998	9035.802505
 10-14 	9502.926836	4916.190412	4586.736424
 15-19 	33105.585805	17231.286478	15874.299327
 20-24 	32657.821268	17073.047154	15584.774114
 25-29 	31044.656529	16156.263826	14888.392704
 30-34 	28312.293229	14537.972729	13774.320500
 35-39 	29717.407747	15187.403545	14530.004202
 40-44 	35573.855670	17983.903366	17589.952304
 45-49 	33348.911204	16611.238681	16737.672524
 50-54 	28936.135267	14146.517009	14789.618257
 55-59 	25374.292591	12174.425447	13199.867144
 60-64 	22669.133456	10724.829730	11944.303726
 65-69 	19821.403534	9164.817367	10656.586167
 70-74 	16184.636570	7103.779750	9080.856820
 75-79 	11452.473457	4661.063918	6791.409539
 80+ 	10495.360098	3424.219351	7071.140747
Total	422944.172139	209183.031244	213761.140894
2035			
 0-4	36099.395109	18511.130945	17588.264164
 5-9	18413.254111	9448.057658	8965.196454
 10-14 	9328.873180	4819.414046	4509.459134
 15-19 	32558.812875	16918.958075	15639.854800
 20-24 	32422.969279	16942.973055	15479.996224
 25-29 	31257.258470	16297.961957	14959.296513
 30-34 	28511.962795	14661.042120	13850.920676
 35-39 	28532.492185	14595.830335	13936.661850
 40-44 	34898.651311	17673.209531	17225.441780
 45-49 	33931.629292	16925.618952	17006.010340
 50-54 	29679.970636	14535.438219	15144.532418
 55-59 	25742.409410	12353.114161	13389.295249
 60-64 	23019.079177	10879.722620	12139.356557
 65-69 	20150.389719	9326.512751	10823.876968
 70-74 	16604.153504	7323.090059	9281.063444
 75-79 	12065.357880	4933.159582	7132.198298
 80+ 	11278.632148	3736.391598	7542.240550
Total	424495.291082	209881.625664	214613.665417
2036			
 0-4	36018.650897	18469.932350	17548.718547
 5-9	18285.580561	9379.346631	8906.233930
 10-14 	9167.969016	4729.088477	4438.880539
 15-19 	31952.863847	16579.249905	15373.613942
 20-24 	32144.850317	16784.008184	15360.842133
 25-29 	31338.193373	16357.400769	14980.792603
 30-34 	28799.449742	14842.372092	13957.077650
 35-39 	27778.131447	14220.808635	13557.322812
 40-44 	33708.931628	17097.785918	16611.145710
 45-49 	34416.121763	17195.233855	17220.887908
 50-54 	30427.952955	14928.372295	15499.580659
 55-59 	26182.699937	12572.482869	13610.217067
 60-64 	23395.194075	11051.556055	12343.638020
 65-69 	20416.411769	9449.899941	10966.511828
 70-74 	16992.360670	7526.436005	9465.924665
 75-79 	12628.156715	5189.503763	7438.652952
 80+ 	12102.927399	4063.048239	8039.879160
Total	425756.446109	210436.525983	215319.920127
2037			
 0-4	35924.159160	18421.572993	17502.586167
 5-9	18181.911528	9325.639302	8856.272227
 10-14 	9023.562487	4647.304801	4376.257686
 15-19 	31311.675204	16224.890758	15086.784446
 20-24 	31812.374048	16590.516071	15221.857977
 25-29 	31287.356258	16336.505213	14950.851045
 30-34 	29133.741926	15058.739099	14075.002828
 35-39 	27423.898739	14047.513416	13376.385323
 40-44 	32127.122171	16318.953286	15808.168885
 45-49 	34757.165915	17397.522877	17359.643038
 50-54 	31147.817749	15307.816875	15840.000875
 55-59 	26712.379121	12841.188437	13871.190684
 60-64 	23716.293650	11196.565744	12519.727906
 65-69 	20695.811904	9578.333965	11117.477939
 70-74 	17351.758049	7713.471649	9638.286400
 75-79 	13134.791163	5427.161878	7707.629285
 80+ 	12965.757280	4403.932463	8561.824817
Total	426707.576354	210837.628826	215869.947528
2038			
 0-4	35810.328867	18363.191639	17447.137228
 5-9	18093.771734	9280.860205	8812.911529
 10-14 	8896.232217	4575.122126	4321.110091
 15-19 	30659.941648	15867.442359	14792.499289
 20-24 	31405.658129	16353.593455	15052.064674
 25-29 	31128.378407	16254.111301	14874.267106
 30-34 	29460.323741	15275.225113	14185.098629
 35-39 	27321.267232	14001.406214	13319.861018
 40-44 	30415.538389	15470.563626	14944.974763
 45-49 	34891.445881	17499.311380	17392.134501
 50-54 	31810.148408	15658.172709	16151.975699
 55-59 	27314.222942	13150.788212	14163.434730
 60-64 	24003.887731	11328.656887	12675.230844
 65-69 	20990.743803	9711.161776	11279.582027
 70-74 	17687.186717	7885.402839	9801.783877
 75-79 	13580.931804	5643.838369	7937.093436
 80+ 	13862.084657	4757.496124	9104.588533
Total	427332.092308	211076.344334	216255.747974
2039			
 0-4	35673.122856	18292.728324	17380.394532
 5-9	18013.333247	9239.899794	8773.433453
 10-14 	8785.763447	4513.182161	4272.581285
 15-19 	30018.813918	15515.735615	14503.078303
 20-24 	30912.786971	16070.217125	14842.569846
 25-29 	30898.497780	16132.632904	14765.864875
 30-34 	29719.847528	15451.900306	14267.947222
 35-39 	27349.491345	14026.150774	13323.340570
 40-44 	28871.439125	14704.006963	14167.432162
 45-49 	34672.966489	17424.174843	17248.791645
 50-54 	32402.932923	15974.456103	16428.476820
 55-59 	27963.863028	13488.592612	14475.270416
 60-64 	24290.227418	11464.198277	12826.029140
 65-69 	21292.382509	9845.020005	11447.362503
 70-74 	18003.616617	8044.170889	9959.445727
 75-79 	13974.038363	5841.045455	8132.992908
 80+ 	14775.228717	5117.957713	9657.271004
Total	427618.352280	211146.069866	216472.282414
2040			
 0-4	35509.077210	18208.420493	17300.656717
 5-9	17934.549965	9199.701642	8734.848323
 10-14 	8692.170521	4461.737531	4230.432990
 15-19 	29405.590601	15177.556070	14228.034530
 20-24 	30344.864860	15749.368334	14595.496526
 25-29 	30621.478151	15981.823909	14639.654242
 30-34 	29871.940375	15561.654418	14310.285956
 35-39 	27489.375567	14118.324205	13371.051363
 40-44 	27668.958190	14107.355361	13561.602829
 45-49 	33963.304846	17099.403686	16863.901160
 50-54 	32920.316462	16255.975600	16664.340862
 55-59 	28641.480534	13843.453292	14798.027242
 60-64 	24610.217653	11620.592032	12989.625621
 65-69 	21597.876604	9979.810060	11618.066544
 70-74 	18287.692260	8183.421462	10104.270798
 75-79 	14327.407387	6021.850092	8305.557295
 80+ 	15686.063476	5478.866193	10207.197283
Total	427572.364662	211049.314379	216523.050283
2041			
 0-4	35315.851662	18109.083711	17206.767951
 5-9	17853.088418	9158.059408	8695.029010
 10-14 	8613.840955	4419.868099	4193.972856
 15-19 	28836.978716	14861.590362	13975.388354
 20-24 	29722.022317	15403.194590	14318.827728
 25-29 	30303.239854	15803.506335	14499.733519
 30-34 	29896.683845	15591.926176	14304.757669
 35-39 	27712.975376	14265.975962	13446.999414
 40-44 	26884.849352	13719.819078	13165.030275
 45-49 	32752.622151	16518.053878	16234.568274
 50-54 	33338.414736	16492.237472	16846.177264
 55-59 	29318.985572	14199.975736	15119.009836
 60-64 	24996.245326	11813.864010	13182.381316
 65-69 	21923.889647	10128.061206	11795.828441
 70-74 	18512.131397	8287.414795	10224.716602
 75-79 	14652.167590	6188.664768	8463.502822
 80+ 	16581.575910	5835.853040	10745.722870
Total	427215.562824	210797.148624	216418.414200
2042			
 0-4	35092.495008	17994.245973	17098.249035
 5-9	17766.224672	9113.580392	8652.644280
 10-14 	8548.063482	4385.735656	4162.327826
 15-19 	28325.007636	14575.314717	13749.692919
 20-24 	29069.243744	15044.930295	14024.313450
 25-29 	29936.114155	15593.821087	14342.293068
 30-34 	29796.682392	15546.019878	14250.662514
 35-39 	27982.719326	14447.778993	13534.940333
 40-44 	26490.133195	13527.427556	12962.705639
 45-49 	31164.334815	15741.688665	15422.646150
 50-54 	33616.544052	16663.130430	16953.413622
 55-59 	29967.634590	14542.615938	15425.018652
 60-64 	25466.319019	12052.889219	13413.429800
 65-69 	22197.389651	10251.227678	11946.161974
 70-74 	18748.777869	8395.900975	10352.876894
 75-79 	14951.860884	6341.766082	8610.094802
 80+ 	17459.194777	6187.954666	11271.240110
Total	426578.739268	210406.028200	216172.711069
2043			
 0-4	34839.024560	17863.933385	16975.091175
 5-9	17672.646373	9065.595059	8607.051314
 10-14 	8491.496077	4356.811080	4134.684997
 15-19 	27872.382718	14322.507038	13549.875680
 20-24 	28411.743041	14686.474325	13725.268716
 25-29 	29503.645907	15345.584354	14158.061553
 30-34 	29597.130751	15443.340566	14153.790184
 35-39 	28248.209953	14631.238823	13616.971130
 40-44 	26341.983030	13458.947628	12883.035402
 45-49 	29456.542786	14901.339452	14555.203334
 50-54 	33696.786504	16738.489052	16958.297452
 55-59 	30561.573380	14857.731319	15703.842061
 60-64 	26005.708736	12330.552234	13675.156502
 65-69 	22440.778127	10363.218560	12077.559567
 70-74 	19001.031648	8508.898608	10492.133041
 75-79 	15231.971304	6482.718853	8749.252451
 80+ 	18315.979421	6533.842282	11782.137139
Total	425688.634316	209891.222619	215797.411696
2044			
 0-4	34555.814447	17718.351874	16837.462573
 5-9	17571.749976	9013.800575	8557.949401
 10-14 	8440.886008	4330.909801	4109.976207
 15-19 	27478.952668	14105.268822	13373.683846
 20-24 	27770.845337	14336.874742	13433.970594
 25-29 	28996.277723	15056.845304	13939.432420
 30-34 	29335.962696	15306.528826	14029.433870
 35-39 	28454.495580	14779.107176	13675.388404
 40-44 	26325.039672	13460.945373	12864.094299
 45-49 	27919.179896	14143.800776	13775.379119
 50-54 	33441.331036	16646.721261	16794.609775
 55-59 	31091.590939	15141.754216	15949.836723
 60-64 	26592.866298	12635.731175	13957.135122
 65-69 	22686.048496	10479.919896	12206.128601
 70-74 	19261.906289	8623.933961	10637.972328
 75-79 	15497.834347	6613.599658	8884.234689
 80+ 	19148.622121	6871.719071	12276.903050
Total	424569.403529	209265.812507	215303.591022
2045			
 0-4	34244.432375	17558.314751	16686.117624
 5-9	17462.942257	8957.900565	8505.041691
 10-14 	8393.657171	4306.725303	4086.931868
 15-19 	27145.250341	13924.462843	13220.787498
 20-24 	27163.752418	14003.920307	13159.832111
 25-29 	28425.954893	14736.840005	13689.114889
 30-34 	29037.494998	15145.739435	13891.755563
 35-39 	28564.617356	14866.365613	13698.251743
 40-44 	26421.828717	13530.698542	12891.130175
 45-49 	26720.688393	13553.683550	13167.004842
 50-54 	32719.757790	16319.864806	16399.892984
 55-59 	31554.274905	15395.150907	16159.123998
 60-64 	27210.561971	12958.727625	14251.834346
 65-69 	22966.953925	10617.764005	12349.189920
 70-74 	19529.160108	8741.021427	10788.138681
 75-79 	15738.557092	6729.390291	9009.166800
 80+ 	19955.680524	7200.207792	12755.472731
Total	423255.565234	208546.777768	214708.787466
2046			
 0-4	33907.904940	17385.380563	16522.524377
 5-9	17345.628271	8897.604593	8448.023678
 10-14 	8347.868741	4283.266854	4064.601887
 15-19 	26866.364472	13777.164836	13089.199636
 20-24 	26606.243932	13695.764348	12910.479584
 25-29 	27812.224239	14397.298413	13414.925825
 30-34 	28708.266495	14963.187718	13745.078777
 35-39 	28560.737371	14881.726866	13679.010505
 40-44 	26606.294276	13657.221880	12949.072396
 45-49 	25934.272247	13168.134917	12766.137330
 50-54 	31524.922279	15752.494765	15772.427514
 55-59 	31928.468358	15608.835450	16319.632908
 60-64 	27833.555617	13285.802508	14547.753109
 65-69 	23314.462622	10791.713574	12522.749047
 70-74 	19817.551484	8870.922900	10946.628584
 75-79 	15931.208100	6817.140178	9114.067921
 80+ 	20737.885408	7518.727957	13219.157451
Total	421783.858851	207752.388321	214031.470530
2047			
 0-4	33550.142458	17201.551939	16348.590519
 5-9	17219.609534	8832.813809	8386.795725
 10-14 	8302.294713	4259.901353	4042.393361
 15-19 	26633.816878	13657.572727	12976.244151
 20-24 	26109.844937	13419.500214	12690.344722
 25-29 	27178.861422	14050.797995	13128.063428
 30-34 	28341.515405	14755.453375	13586.062031
 35-39 	28446.084876	14828.777360	13617.307516
 40-44 	26843.030474	13820.505832	13022.524642
 45-49 	25530.961041	12973.295714	12557.665327
 50-54 	29976.477427	15003.835203	14972.642225
 55-59 	32176.463522	15764.381546	16412.081976
 60-64 	28435.787127	13602.991303	14832.795824
 65-69 	23745.868091	11010.096938	12735.771153
 70-74 	20063.390863	8981.054463	11082.336400
 75-79 	16139.563321	6910.987343	9228.575979
 80+ 	21497.701111	7827.495312	13670.205800
Total	420191.413202	206901.012425	213290.400777
2048			
 0-4	33175.365987	17008.992431	16166.373557
 5-9	17084.764880	8763.474789	8321.290090
 10-14 	8256.223273	4236.261857	4019.961415
 15-19 	26436.736441	13557.544523	12879.191918
 20-24 	25676.703704	13178.429019	12498.274685
 25-29 	26549.116815	13708.281238	12840.835577
 30-34 	27921.336516	14515.571661	13405.764855
 35-39 	28244.836587	14726.134586	13518.702001
 40-44 	27084.047590	13989.704665	13094.342926
 45-49 	25372.718841	12900.837192	12471.881649
 50-54 	28322.338780	14198.719635	14123.619144
 55-59 	32243.421550	15833.496464	16409.925086
 60-64 	28993.438729	13897.869917	15095.568812
 65-69 	24247.920855	11266.656461	12981.264394
 70-74 	20287.769296	9084.094752	11203.674543
 75-79 	16366.808451	7010.937066	9355.871385
 80+ 	22238.108753	8127.175125	14110.933628
Total	418501.657047	206004.181381	212497.475667
2049			
 0-4	32796.792970	16814.472364	15982.320606
 5-9	16940.844312	8689.461536	8251.382775
 10-14 	8209.112403	4212.067942	3997.044461
 15-19 	26264.359823	13469.949947	12794.409876
 20-24 	25306.073688	12974.232275	12331.841414
 25-29 	25942.230557	13377.838785	12564.391772
 30-34 	27437.735919	14241.202268	13196.533650
 35-39 	27992.683541	14595.081525	13397.602016
 40-44 	27276.432526	14129.088657	13147.343868
 45-49 	25348.019298	12899.487123	12448.532174
 50-54 	26839.739775	13476.286015	13363.453760
 55-59 	31996.959800	15748.112066	16248.847734
 60-64 	29497.766766	14167.136546	15330.630220
 65-69 	24800.560022	11551.250656	13249.309366
 70-74 	20519.692911	9194.078481	11325.614430
 75-79 	16606.374412	7114.692612	9491.681800
 80+ 	22960.479677	8418.014554	14542.465123
Total	416735.858399	205072.453354	211663.405044
2050			
 0-4	32422.737066	16622.303959	15800.433107
 5-9	16788.132822	8610.918332	8177.214491
 10-14 	8160.361326	4187.008285	3973.353041
 15-19 	26108.223706	13390.504834	12717.718872
 20-24 	24997.808860	12807.412492	12190.396369
 25-29 	25373.507764	13066.312982	12307.194782
 30-34 	26900.888188	13940.437896	12960.450292
 35-39 	27711.818774	14444.640255	13267.178519
 40-44 	27383.827346	14214.179547	13169.647800
 45-49 	25438.968799	12966.060141	12472.908658
 50-54 	25688.107335	12915.737630	12772.369705
 55-59 	31310.306555	15442.695395	15867.611161
 60-64 	29944.050462	14410.377429	15533.673033
 65-69 	25385.999486	11853.972185	13532.027301
 70-74 	20787.263504	9324.120625	11463.142879
 75-79 	16852.863539	7220.488386	9632.375153
 80+ 	23650.941139	8693.673947	14957.267192
Total	414905.806673	204110.844319	210794.962354
