Workshop_1_Demo	Total	Male	Female
1970			
 0-4	7443.129678	3728.419377	3714.710301
 5-9	7303.516087	3692.565104	3610.950983
 10-14 	4705.495863	2373.433078	2332.062785
 15-19 	9581.757228	4842.505655	4739.251573
 20-24 	9682.397999	4883.613106	4798.784893
 25-29 	8497.543444	4244.844617	4252.698827
 30-34 	7202.022207	3583.545351	3618.476856
 35-39 	6219.652175	3149.804167	3069.848008
 40-44 	5234.115229	2693.913208	2540.202021
 45-49 	4344.542195	2163.279131	2181.263064
 50-54 	3714.884347	1807.070055	1907.814292
 55-59 	2916.796508	1391.954180	1524.842328
 60-64 	2288.928689	1028.706303	1260.222386
 65-69 	1562.528088	663.838726	898.689362
 70-74 	1049.652644	419.082813	630.569831
 75-79 	631.648374	232.402939	399.245435
 80+ 	476.020483	154.231240	321.789243
Total	82854.631238	41053.209050	41801.422188
1971			
 0-4	7788.309713	3899.870700	3888.439013
 5-9	7578.045514	3826.067949	3751.977565
 10-14 	4848.712167	2446.823037	2401.889129
 15-19 	10048.601787	5073.592868	4975.008919
 20-24 	10215.591014	5154.765593	5060.825421
 25-29 	8769.519538	4389.990514	4379.529023
 30-34 	7486.079422	3722.490072	3763.589350
 35-39 	6410.249675	3227.372678	3182.876998
 40-44 	5430.623732	2785.894328	2644.729404
 45-49 	4490.803306	2253.776717	2237.026589
 50-54 	3794.393919	1842.597459	1951.796459
 55-59 	3031.141982	1444.984717	1586.157264
 60-64 	2336.156671	1056.110052	1280.046619
 65-69 	1631.361020	689.960906	941.400114
 70-74 	1059.134341	419.187581	639.946760
 75-79 	640.397779	233.493115	406.904664
 80+ 	480.953141	153.979067	326.974074
Total	86040.074718	42620.957351	43419.117367
1972			
 0-4	8087.058622	4046.705559	4040.353062
 5-9	7899.179032	3982.585445	3916.593588
 10-14 	5003.967879	2525.973046	2477.994833
 15-19 	10500.208105	5299.454833	5200.753272
 20-24 	10769.424810	5439.946015	5329.478795
 25-29 	9112.789824	4577.051707	4535.738117
 30-34 	7806.916000	3888.737278	3918.178721
 35-39 	6635.557226	3329.808092	3305.749134
 40-44 	5640.470963	2886.153696	2754.317266
 45-49 	4649.634692	2348.931304	2300.703388
 50-54 	3883.944224	1887.366022	1996.578202
 55-59 	3138.329556	1495.485470	1642.844086
 60-64 	2387.607571	1085.055138	1302.552433
 65-69 	1692.253279	713.996504	978.256775
 70-74 	1074.091232	422.611806	651.479426
 75-79 	648.786606	234.994968	413.791638
 80+ 	488.260680	155.359647	332.901033
Total	89418.480302	44320.216532	45098.263770
1973			
 0-4	8370.588486	4188.801972	4181.786514
 5-9	8225.545592	4138.341277	4087.204315
 10-14 	5163.629818	2607.159987	2556.469831
 15-19 	10932.646350	5514.801086	5417.845264
 20-24 	11332.000734	5727.280886	5604.719849
 25-29 	9475.124429	4773.033508	4702.090921
 30-34 	8125.794385	4057.082567	4068.711818
 35-39 	6865.353626	3436.387847	3428.965779
 40-44 	5846.492045	2980.896798	2865.595247
 45-49 	4815.578023	2445.779381	2369.798642
 50-54 	3974.204485	1935.567522	2038.636963
 55-59 	3241.499925	1542.973833	1698.526092
 60-64 	2441.396638	1114.985450	1326.411188
 65-69 	1750.603077	737.916663	1012.686415
 70-74 	1094.034427	428.170289	665.864138
 75-79 	656.377155	236.089231	420.287924
 80+ 	495.348164	156.554824	338.793340
Total	92806.217361	46021.823122	46784.394239
1974			
 0-4	8661.383101	4341.048357	4320.334744
 5-9	8532.118346	4278.042310	4254.076036
 10-14 	5332.265540	2692.444668	2639.820872
 15-19 	11346.877172	5720.587892	5626.289281
 20-24 	11891.316882	6010.261941	5881.054941
 25-29 	9866.082960	4981.460586	4884.622374
 30-34 	8434.938300	4222.631186	4212.307114
 35-39 	7102.670550	3549.074487	3553.596063
 40-44 	6046.352335	3069.779369	2976.572966
 45-49 	4986.548190	2541.227593	2445.320596
 50-54 	4070.250072	1990.015263	2080.234809
 55-59 	3336.567735	1585.974259	1750.593476
 60-64 	2501.457733	1146.839622	1354.618110
 65-69 	1803.583074	760.773993	1042.809081
 70-74 	1120.237081	436.314652	683.922430
 75-79 	663.411747	236.858533	426.553215
 80+ 	502.261668	157.592226	344.669442
Total	96198.322486	47720.926935	48477.395550
1975			
 0-4	8919.812687	4464.894354	4454.918333
 5-9	8850.203448	4436.823021	4413.380427
 10-14 	5515.817652	2784.920685	2730.896967
 15-19 	11736.379503	5914.648770	5821.730733
 20-24 	12438.672745	6283.979659	6154.693086
 25-29 	10286.687793	5201.647215	5085.040578
 30-34 	8728.716530	4381.268280	4347.448250
 35-39 	7347.008318	3667.532529	3679.475789
 40-44 	6237.897004	3151.989059	3085.907945
 45-49 	5160.843063	2633.286602	2527.556462
 50-54 	4173.633920	2051.221504	2122.412416
 55-59 	3422.322433	1624.258822	1798.063610
 60-64 	2568.858659	1180.563430	1388.295228
 65-69 	1850.452018	782.316669	1068.135349
 70-74 	1152.718229	446.941221	705.777008
 75-79 	670.230551	237.455219	432.775332
 80+ 	509.167140	158.492680	350.674460
Total	99569.421693	49402.239719	50167.181974
1976			
 0-4	9168.071200	4597.003509	4571.067691
 5-9	9155.029951	4579.834958	4575.194993
 10-14 	5710.141925	2878.615156	2831.526769
 15-19 	12097.308089	6096.060104	6001.247985
 20-24 	12944.684055	6533.232385	6411.451670
 25-29 	10743.288642	5434.673977	5308.614665
 30-34 	8990.074861	4521.902497	4468.172364
 35-39 	7597.440636	3790.883080	3806.557556
 40-44 	6414.339985	3225.396598	3188.943387
 45-49 	5331.295519	2715.350638	2615.944882
 50-54 	4289.543098	2121.517806	2168.025292
 55-59 	3491.646880	1655.289219	1836.357662
 60-64 	2647.904175	1216.834949	1431.069226
 65-69 	1887.103374	801.092468	1086.010906
 70-74 	1192.551635	460.342170	732.209466
 75-79 	676.845420	237.827916	439.017504
 80+ 	516.068964	159.253364	356.815600
Total	102853.338411	51025.110795	51828.227616
1977			
 0-4	9404.819140	4715.855854	4688.963286
 5-9	9441.981258	4720.952358	4721.028900
 10-14 	5917.640827	2978.589625	2939.051201
 15-19 	12446.288687	6272.471176	6173.817510
 20-24 	13422.585875	6767.363371	6655.222504
 25-29 	11222.735985	5676.146081	5546.589904
 30-34 	9253.258050	4662.384745	4590.873305
 35-39 	7852.833598	3919.097187	3933.736411
 40-44 	6588.603267	3298.346111	3290.257156
 45-49 	5500.117661	2791.585350	2708.532311
 50-54 	4415.369821	2196.605543	2218.764278
 55-59 	3556.663551	1686.051015	1870.612535
 60-64 	2730.620333	1253.268213	1477.352120
 65-69 	1921.950023	819.683162	1102.266861
 70-74 	1234.534953	474.857231	759.677722
 75-79 	685.910907	239.157404	446.753502
 80+ 	523.065272	159.918576	363.146696
Total	106118.979206	52632.333003	53486.646203
1978			
 0-4	9627.274251	4827.356892	4799.917359
 5-9	9718.992968	4859.697640	4859.295328
 10-14 	6131.068549	3078.953535	3052.115013
 15-19 	12794.451144	6448.739621	6345.711523
 20-24 	13878.493367	6990.650772	6887.842595
 25-29 	11715.816355	5921.954776	5793.861579
 30-34 	9538.823640	4812.882844	4725.940796
 35-39 	8107.193631	4049.215389	4057.978242
 40-44 	6769.008265	3375.944840	3393.063425
 45-49 	5667.181595	2863.371236	2803.810359
 50-54 	4549.948122	2273.940009	2276.008114
 55-59 	3624.780160	1721.023732	1903.756428
 60-64 	2811.613522	1287.900683	1523.712839
 65-69 	1960.734585	839.833556	1120.901029
 70-74 	1275.466566	489.639262	785.827304
 75-79 	699.120942	242.045325	457.075617
 80+ 	530.151522	160.493055	369.658467
Total	109400.119183	54243.643166	55156.476018
1979			
 0-4	9845.900553	4937.205030	4908.695523
 5-9	10000.273329	5006.229171	4994.044158
 10-14 	6327.254693	3165.509558	3161.745135
 15-19 	13154.770584	6630.742497	6524.028087
 20-24 	14316.506810	7206.380178	7110.126632
 25-29 	12216.232598	6169.669396	6046.563202
 30-34 	9863.479669	4981.738729	4881.740940
 35-39 	8359.254699	4180.640751	4178.613949
 40-44 	6962.640489	3462.857927	3499.782562
 45-49 	5833.028901	2932.314020	2900.714882
 50-54 	4693.090018	2351.953818	2341.136200
 55-59 	3701.517819	1763.381679	1938.136140
 60-64 	2888.073145	1320.044209	1568.028936
 65-69 	2007.044265	862.535736	1144.508529
 70-74 	1313.636828	504.299527	809.337300
 75-79 	717.410756	246.825469	470.585287
 80+ 	537.590981	161.100494	376.490488
Total	112737.706136	55883.428187	56854.277949
1980			
 0-4	10068.787306	5049.659675	5019.127631
 5-9	10251.150820	5126.101728	5125.049092
 10-14 	6535.241742	3270.308184	3264.933558
 15-19 	13536.912572	6822.819328	6714.093244
 20-24 	14739.793493	7416.743208	7323.050285
 25-29 	12722.267889	6418.880731	6303.387158
 30-34 	10235.333658	5173.091172	5062.242486
 35-39 	8610.447493	4313.942540	4296.504953
 40-44 	7173.545576	3561.780837	3611.764739
 45-49 	5998.696375	2999.742068	2998.954307
 50-54 	4845.192311	2430.240431	2414.951880
 55-59 	3789.307375	1814.300168	1975.007206
 60-64 	2959.863761	1350.141076	1609.722685
 65-69 	2062.042781	887.997400	1174.045381
 70-74 	1348.975474	518.938890	830.036584
 75-79 	740.833236	253.485680	487.347556
 80+ 	545.768493	161.912768	383.855725
Total	116164.160354	57570.085885	58594.074469
1981			
 0-4	10302.463131	5168.270573	5134.192559
 5-9	10506.276863	5261.423755	5244.853108
 10-14 	6742.417485	3368.045568	3374.371917
 15-19 	13954.286404	7028.588078	6925.698327
 20-24 	15165.185870	7632.855009	7532.330861
 25-29 	13230.459136	6670.946257	6559.512880
 30-34 	10686.357055	5404.921503	5281.435553
 35-39 	8866.552170	4453.132297	4413.419873
 40-44 	7416.977255	3682.500619	3734.476636
 45-49 	6168.822563	3070.988722	3097.833840
 50-54 	5007.015957	2507.685052	2499.330905
 55-59 	3897.243667	1878.741851	2018.501816
 60-64 	3023.861246	1378.039201	1645.822045
 65-69 	2130.793977	917.736228	1213.057749
 70-74 	1379.602422	533.263458	846.338964
 75-79 	770.514398	262.461742	508.052656
 80+ 	555.016256	163.099922	391.916334
Total	119803.845855	59382.699835	60421.146020
1982			
 0-4	10545.504675	5291.914747	5253.589928
 5-9	10767.221931	5392.683195	5374.538736
 10-14 	6942.354443	3466.366044	3475.988400
 15-19 	14414.164147	7254.754784	7159.409363
 20-24 	15599.421202	7855.212272	7744.208930
 25-29 	13732.259052	6920.532835	6811.726216
 30-34 	11181.466132	5657.958837	5523.507295
 35-39 	9143.098780	4603.379345	4539.719435
 40-44 	7679.389543	3816.409773	3862.979770
 45-49 	6347.521944	3148.194623	3199.327321
 50-54 	5175.306115	2584.423425	2590.882690
 55-59 	4019.862815	1950.646099	2069.216716
 60-64 	3088.394966	1408.112330	1680.282636
 65-69 	2205.488794	949.059970	1256.428824
 70-74 	1411.030907	548.465823	862.565084
 75-79 	802.650699	272.525272	530.125427
 80+ 	566.497758	165.014096	401.483662
Total	123621.633903	61285.653470	62335.980433
1983			
 0-4	10795.098952	5418.861135	5376.237817
 5-9	11030.896421	5525.924974	5504.971448
 10-14 	7139.382204	3564.738274	3574.643930
 15-19 	14915.913682	7497.197490	7418.716192
 20-24 	16052.977047	8087.290382	7965.686665
 25-29 	14226.717378	7167.280296	7059.437082
 30-34 	11705.353201	5923.892096	5781.461105
 35-39 	9455.069536	4771.106870	4683.962666
 40-44 	7951.668570	3958.336421	3993.332149
 45-49 	6540.412812	3234.506582	3305.906229
 50-54 	5348.414299	2660.632673	2687.781626
 55-59 	4155.259374	2027.107030	2128.152344
 60-64 	3159.135670	1443.632601	1715.503069
 65-69 	2281.231936	980.152172	1301.079763
 70-74 	1447.297667	565.532615	881.765052
 75-79 	834.872701	283.063941	551.808760
 80+ 	581.106422	167.880215	413.226207
Total	127620.807872	63277.135767	64343.672105
1984			
 0-4	11044.527070	5545.599617	5498.927454
 5-9	11304.176049	5664.497151	5639.678898
 10-14 	7343.151990	3670.333856	3672.818134
 15-19 	15443.771754	7745.387244	7698.384509
 20-24 	16537.061724	8332.291897	8204.769827
 25-29 	14705.170043	7405.100027	7300.070016
 30-34 	12239.453686	6191.237181	6048.216505
 35-39 	9808.936076	4957.179402	4851.756674
 40-44 	8224.898153	4102.083859	4122.814294
 45-49 	6748.236153	3329.991623	3418.244530
 50-54 	5522.470009	2734.656264	2787.813745
 55-59 	4300.700168	2104.813923	2195.886246
 60-64 	3239.387546	1486.191172	1753.196374
 65-69 	2355.054282	1010.018443	1345.035839
 70-74 	1490.731783	584.880479	905.851304
 75-79 	865.857729	293.729504	572.128225
 80+ 	599.311798	171.789713	427.522084
Total	131772.896014	65329.781355	66443.114659
1985			
 0-4	11288.627782	5669.572409	5619.055372
 5-9	11589.750293	5809.575565	5780.174728
 10-14 	7529.687591	3759.530449	3770.157143
 15-19 	16002.426345	8012.126035	7990.300311
 20-24 	17065.370754	8595.547963	8469.822792
 25-29 	15160.291727	7627.900875	7532.390852
 30-34 	12770.613102	6450.940273	6319.672828
 35-39 	10203.541807	5158.816054	5044.725753
 40-44 	8493.119181	4242.614770	4250.504412
 45-49 	6968.911065	3432.765521	3536.145543
 50-54 	5693.685867	2804.346757	2889.339110
 55-59 	4453.661410	2181.290995	2272.370415
 60-64 	3329.752385	1535.656117	1794.096268
 65-69 	2426.290254	1038.613040	1387.677214
 70-74 	1541.805577	606.385947	935.419630
 75-79 	895.449083	304.465278	590.983805
 80+ 	621.010553	176.677136	444.333417
Total	136033.994776	67406.825182	68627.169594
1986			
 0-4	11514.872571	5783.704386	5731.168184
 5-9	11877.288003	5955.042976	5922.245027
 10-14 	7717.827170	3858.714257	3859.112914
 15-19 	16519.280882	8240.817195	8278.463687
 20-24 	17621.169077	8857.802466	8763.366611
 25-29 	15582.940516	7832.538768	7750.401747
 30-34 	13265.137001	6687.758265	6577.378736
 35-39 	10644.881581	5378.950486	5265.931095
 40-44 	8742.086033	4371.088111	4370.997922
 45-49 	7201.686609	3541.924196	3659.762413
 50-54 	5854.087047	2866.425120	2987.661927
 55-59 	4607.049941	2250.283976	2356.765964
 60-64 	3433.486182	1593.294037	1840.192145
 65-69 	2489.541790	1064.211956	1425.329834
 70-74 	1602.575396	630.126671	972.448725
 75-79 	921.384058	314.686132	606.697926
 80+ 	646.209930	182.478376	463.731554
Total	140241.503785	69409.847374	70831.656412
1987			
 0-4	11720.985498	5888.087302	5832.898196
 5-9	12163.933581	6100.143992	6063.789588
 10-14 	7909.351025	3954.657031	3954.693994
 15-19 	17002.816397	8470.319051	8532.497347
 20-24 	18211.347918	9130.703597	9080.644321
 25-29 	15991.377907	8022.092551	7969.285357
 30-34 	13727.794124	6899.825864	6827.968260
 35-39 	11109.281484	5602.453593	5506.827891
 40-44 	8993.368334	4496.499564	4496.868770
 45-49 	7437.817792	3652.777279	3785.040513
 50-54 	6010.457429	2925.473121	3084.984308
 55-59 	4758.605375	2312.956245	2445.649130
 60-64 	3546.146035	1654.198723	1891.947312
 65-69 	2552.170425	1090.735895	1461.434529
 70-74 	1667.721916	654.819699	1012.902217
 75-79 	947.915416	325.430906	622.484510
 80+ 	673.431973	188.941596	484.490378
Total	144424.522629	71370.116007	73054.406622
1988			
 0-4	11905.060425	5981.859368	5923.201057
 5-9	12448.465058	6244.213214	6204.251843
 10-14 	8101.583936	4051.466756	4050.117180
 15-19 	17488.661307	8709.146716	8779.514591
 20-24 	18831.111831	9411.611119	9419.500712
 25-29 	16407.121813	8212.438831	8194.682982
 30-34 	14167.414317	7096.681636	7070.732680
 35-39 	11588.756866	5828.471905	5760.284961
 40-44 	9269.287777	4631.553113	4637.734664
 45-49 	7675.423588	3765.447085	3909.976503
 50-54 	6173.819766	2988.608395	3185.211371
 55-59 	4909.767777	2371.852852	2537.914925
 60-64 	3667.002838	1716.819872	1950.182966
 65-69 	2618.457095	1120.660652	1497.796443
 70-74 	1733.209756	679.043692	1054.166064
 75-79 	977.904840	337.336691	640.568149
 80+ 	701.489136	195.859159	505.629978
Total	148664.538125	73343.071056	75321.467069
1989			
 0-4	12068.567940	6065.412215	6003.155724
 5-9	12728.612784	6386.193829	6342.418955
 10-14 	8301.389250	4152.299599	4149.089651
 15-19 	18023.788135	8986.589054	9037.199080
 20-24 	19456.114090	9687.733882	9768.380207
 25-29 	16871.897016	8433.151730	8438.745286
 30-34 	14603.591228	7296.955630	7306.635598
 35-39 	12088.029139	6065.236262	6022.792876
 40-44 	9599.256084	4794.071624	4805.184460
 45-49 	7930.230112	3890.492866	4039.737246
 50-54 	6367.675409	3071.132989	3296.542419
 55-59 	5073.145954	2436.859170	2636.286784
 60-64 	3801.582961	1784.300875	2017.282087
 65-69 	2693.451567	1157.012931	1536.438636
 70-74 	1797.411510	702.556224	1094.855287
 75-79 	1013.263308	350.843148	662.420160
 80+ 	730.097147	203.253987	526.843160
Total	153148.103634	75464.096016	77684.007618
1990			
 0-4	12211.424466	6138.578491	6072.845975
 5-9	13001.867613	6524.695188	6477.172425
 10-14 	8512.849388	4259.187283	4253.662105
 15-19 	18532.874535	9230.950415	9301.924120
 20-24 	20147.038523	10031.262682	10115.775841
 25-29 	17412.932718	8701.152635	8711.780083
 30-34 	15044.444321	7506.752731	7537.691590
 35-39 	12606.896804	6313.813689	6293.083115
 40-44 	9991.088254	4991.079854	5000.008400
 45-49 	8202.277562	4030.870540	4171.407022
 50-54 	6593.795787	3175.762132	3418.033655
 55-59 	5246.429071	2507.135282	2739.293790
 60-64 	3949.272953	1855.062032	2094.210921
 65-69 	2779.560184	1200.808903	1578.751280
 70-74 	1860.913793	726.132303	1134.781490
 75-79 	1054.557104	366.094766	688.462338
 80+ 	759.620247	211.258605	548.361643
Total	157907.843323	77770.597531	80137.245792
1991			
 0-4	12351.081791	6209.695534	6141.386257
 5-9	13276.426118	6664.132861	6612.293257
 10-14 	8739.085872	4373.892604	4365.193267
 15-19 	19088.158869	9524.982151	9563.176718
 20-24 	20885.116099	10373.987326	10511.128773
 25-29 	18084.041397	9015.758442	9068.282955
 30-34 	15557.692403	7745.204436	7812.487967
 35-39 	13177.420148	6575.521986	6601.898162
 40-44 	10496.249025	5236.027992	5260.221034
 45-49 	8516.220941	4193.216030	4323.004911
 50-54 	6894.869605	3324.953674	3569.915931
 55-59 	5465.848710	2605.042421	2860.806289
 60-64 	4136.952042	1943.462925	2193.489117
 65-69 	2899.467821	1265.013912	1634.453909
 70-74 	1929.719998	754.889332	1174.830667
 75-79 	1106.938093	385.449269	721.488824
 80+ 	790.954615	220.689713	570.264902
Total	163396.243548	80411.920607	82984.322941
1992			
 0-4	12504.136671	6287.465525	6216.671146
 5-9	13543.248876	6799.456401	6743.792475
 10-14 	8977.287120	4494.667162	4482.619958
 15-19 	19682.629687	9826.375342	9856.254344
 20-24 	21624.752052	10742.183014	10882.569038
 25-29 	18836.985096	9375.166942	9461.818154
 30-34 	16109.645500	8004.601509	8105.043992
 35-39 	13764.777666	6842.654125	6922.123541
 40-44 	11072.744785	5510.122291	5562.622494
 45-49 	8879.876403	4377.377039	4502.499363
 50-54 	7247.467912	3502.237949	3745.229963
 55-59 	5723.793255	2723.723371	3000.069883
 60-64 	4351.742437	2042.443515	2309.298921
 65-69 	3042.067404	1340.598952	1701.468452
 70-74 	2005.300163	788.600818	1216.699345
 75-79 	1165.526374	407.071368	758.455006
 80+ 	825.520125	231.513848	594.006276
Total	169357.501524	83296.259171	86061.242353
1993			
 0-4	12693.559008	6383.528538	6310.030470
 5-9	13805.899402	6932.489719	6873.409683
 10-14 	9228.963615	4622.174178	4606.789438
 15-19 	20312.130305	10148.864176	10163.266128
 20-24 	22364.572824	11127.681329	11236.891495
 25-29 	19613.586381	9748.301955	9865.284426
 30-34 	16675.795165	8274.710524	8401.084641
 35-39 	14344.653467	7105.075921	7239.577546
 40-44 	11694.867420	5797.596698	5897.270721
 45-49 	9301.743836	4581.230735	4720.513101
 50-54 	7636.734651	3694.460476	3942.274175
 55-59 	6021.263920	2859.832247	3161.431673
 60-64 	4589.317229	2148.349238	2440.967991
 65-69 	3203.788708	1423.484580	1780.304128
 70-74 	2089.462268	827.870781	1261.591486
 75-79 	1227.478770	429.825852	797.652918
 80+ 	864.581370	243.891084	620.690287
Total	175668.398338	86349.368031	89319.030307
1994			
 0-4	12926.997571	6501.969605	6425.027965
 5-9	14082.943025	7072.545676	7010.397349
 10-14 	9493.454348	4755.900868	4737.553480
 15-19 	21006.614884	10508.602271	10498.012613
 20-24 	23117.562836	11553.503114	11564.059722
 25-29 	20294.288772	10087.147841	10207.140931
 30-34 	17207.137724	8543.867408	8663.270316
 35-39 	14879.443894	7347.168734	7532.275160
 40-44 	12343.455097	6083.100052	6260.355045
 45-49 	9801.696825	4804.067848	4997.628977
 50-54 	8066.435948	3893.273394	4173.162553
 55-59 	6366.946116	3011.488660	3355.457457
 60-64 	4848.269305	2257.390685	2590.878620
 65-69 	3379.713334	1508.336813	1871.376521
 70-74 	2179.364495	870.931375	1308.433120
 75-79 	1287.936846	451.955775	835.981071
 80+ 	905.445169	257.211862	648.233307
Total	182187.706189	89508.461982	92679.244207
1995			
 0-4	13212.346863	6647.102006	6565.244857
 5-9	14393.719350	7229.207168	7164.512182
 10-14 	9773.650790	4897.069267	4876.581522
 15-19 	21807.261677	10926.832621	10880.429056
 20-24 	23809.129324	11949.803393	11859.325931
 25-29 	20905.026037	10462.361205	10442.664832
 30-34 	17671.178203	8811.074547	8860.103656
 35-39 	15345.777125	7560.482129	7785.294996
 40-44 	13014.631664	6360.198927	6654.432737
 45-49 	10405.374945	5050.073359	5355.301586
 50-54 	8557.256364	4099.510232	4457.746132
 55-59 	6778.119469	3181.309557	3596.809912
 60-64 	5135.709622	2369.849878	2765.859744
 65-69 	3570.448983	1592.843900	1977.605083
 70-74 	2273.246278	915.898470	1357.347808
 75-79 	1343.666195	472.603683	871.062512
 80+ 	943.659370	270.854803	672.804567
Total	188940.202258	92797.075146	96143.127113
1996			
 0-4	13539.816909	6811.580986	6728.235923
 5-9	14752.552774	7407.554223	7344.998551
 10-14 	10072.090925	5045.812908	5026.278017
 15-19 	22738.912500	11412.161902	11326.750598
 20-24 	24539.165565	12416.854766	12122.310799
 25-29 	21389.424195	10799.752478	10589.671717
 30-34 	18053.134882	9069.041136	8984.093747
 35-39 	15728.354277	7750.388516	7977.965761
 40-44 	13650.055306	6614.821295	7035.234011
 45-49 	11087.027678	5317.120364	5769.907314
 50-54 	9063.166084	4294.614638	4768.551446
 55-59 	7235.307831	3361.682602	3873.625228
 60-64 	5442.356943	2482.597291	2959.759651
 65-69 	3776.359184	1674.930618	2101.428567
 70-74 	2374.186854	964.381853	1409.805001
 75-79 	1388.344466	490.740235	897.604231
 80+ 	974.200849	284.139233	690.061616
Total	195804.457222	96198.175043	99606.282178
1997			
 0-4	13945.312439	7015.209908	6930.102531
 5-9	15190.974377	7625.164658	7565.809719
 10-14 	10391.089778	5203.646335	5187.443443
 15-19 	23853.528020	11991.169154	11862.358866
 20-24 	25399.462992	12951.966456	12447.496536
 25-29 	21824.041272	11171.275539	10652.765733
 30-34 	18405.040432	9352.241170	9052.799263
 35-39 	16069.173981	7936.436043	8132.737938
 40-44 	14286.863574	6863.889143	7422.974431
 45-49 	11869.003525	5614.887784	6254.115741
 50-54 	9654.933022	4511.987281	5142.945740
 55-59 	7770.804589	3567.075618	4203.728971
 60-64 	5799.765219	2611.005315	3188.759904
 65-69 	4009.932321	1761.506063	2248.426258
 70-74 	2489.127550	1016.747366	1472.380185
 75-79 	1432.474829	509.625700	922.849129
 80+ 	1002.014720	297.763169	704.251551
Total	203393.542640	100001.596701	103391.945939
1998			
 0-4	14464.683383	7276.108794	7188.574590
 5-9	15719.634054	7888.096884	7831.537170
 10-14 	10731.829955	5371.573953	5360.256002
 15-19 	25172.435763	12673.311190	12499.124572
 20-24 	26451.462000	13593.161522	12858.300478
 25-29 	22327.997208	11604.788592	10723.208616
 30-34 	18786.740844	9674.857580	9111.883264
 35-39 	16408.838855	8144.862989	8263.975865
 40-44 	14920.701632	7117.761351	7802.940281
 45-49 	12726.541942	5941.818245	6784.723697
 50-54 	10340.801081	4762.988459	5577.812622
 55-59 	8377.962975	3797.460397	4580.502578
 60-64 	6221.422336	2762.688449	3458.733887
 65-69 	4282.871889	1858.943567	2423.928322
 70-74 	2629.201233	1076.444447	1552.756785
 75-79 	1486.586485	532.846793	953.739692
 80+ 	1034.900989	313.252017	721.648972
Total	212084.612622	104390.965229	107693.647394
1999			
 0-4	15120.870055	7605.516274	7515.353782
 5-9	16337.572930	8197.031619	8140.541312
 10-14 	11103.214263	5554.871644	5548.342619
 15-19 	26686.146702	13450.793650	13235.353052
 20-24 	27773.188344	14361.276902	13411.911442
 25-29 	23031.537381	12141.953640	10889.583741
 30-34 	19232.288030	10024.673346	9207.614684
 35-39 	16802.343040	8403.219042	8399.123998
 40-44 	15540.114705	7384.170554	8155.944151
 45-49 	13616.948888	6291.125793	7325.823095
 50-54 	11104.453186	5050.555487	6053.897699
 55-59 	9036.441128	4049.534292	4986.906836
 60-64 	6710.739976	2942.327494	3768.412482
 65-69 	4606.146095	1973.274202	2632.871893
 70-74 	2812.528257	1149.489297	1663.038960
 75-79 	1571.420605	567.071411	1004.349194
 80+ 	1086.557367	333.508477	753.048890
Total	222172.510952	109480.393122	112692.117830
2000			
 0-4	15918.590235	8005.820123	7912.770112
 5-9	17025.428804	8542.983739	8482.445065
 10-14 	11501.330488	5752.264234	5749.066254
 15-19 	28347.955795	14296.569307	14051.386488
 20-24 	29385.229150	15252.791307	14132.437843
 25-29 	23893.524056	12698.346220	11195.177835
 30-34 	19851.652227	10474.609245	9377.042982
 35-39 	17286.576521	8725.786119	8560.790401
 40-44 	16127.620279	7662.588929	8465.031350
 45-49 	14494.174432	6650.600139	7843.574293
 50-54 	11913.034190	5367.832079	6545.202111
 55-59 	9715.727724	4314.930742	5400.796982
 60-64 	7257.756558	3148.246093	4109.510465
 65-69 	4981.077668	2105.582641	2875.495027
 70-74 	3052.548888	1239.830198	1812.718690
 75-79 	1703.278278	615.955759	1087.322519
 80+ 	1171.507720	362.131924	809.375795
Total	233627.013012	115216.868798	118410.144214
2001			
 0-4	16840.463173	8470.218635	8370.244538
 5-9	17749.497132	8909.947710	8839.549422
 10-14 	11913.181849	5958.130487	5955.051363
 15-19 	30081.832087	15175.155106	14906.676980
 20-24 	31245.910772	16249.357405	14996.553367
 25-29 	24989.867272	13364.051770	11625.815502
 30-34 	20581.224031	10931.503324	9649.720707
 35-39 	17855.594001	9090.884537	8764.709465
 40-44 	16674.807332	7949.270582	8725.536750
 45-49 	15312.009148	6999.362428	8312.646720
 50-54 	12760.972567	5714.922831	7046.049736
 55-59 	10384.552133	4580.791621	5803.760512
 60-64 	7852.047267	3377.626910	4474.420358
 65-69 	5394.867622	2251.177217	3143.690406
 70-74 	3347.359469	1344.992851	2002.366619
 75-79 	1889.954912	683.256738	1206.698174
 80+ 	1298.890108	401.171709	897.718399
Total	246173.030877	121451.821860	124721.209017
2002			
 0-4	17805.103123	8955.576918	8849.526205
 5-9	18458.935177	9270.472429	9188.462748
 10-14 	12302.089639	6154.115724	6147.973914
 15-19 	31715.776105	15995.154262	15720.621844
 20-24 	33196.721018	17263.393057	15933.327962
 25-29 	26227.664953	14044.793161	12182.871793
 30-34 	21344.913352	11392.158963	9952.754389
 35-39 	18461.140861	9479.103440	8982.037421
 40-44 	17130.880371	8222.089730	8908.790641
 45-49 	15996.226997	7309.027848	8687.199149
 50-54 	13556.033075	6052.701086	7503.331989
 55-59 	11005.044843	4831.623648	6173.421195
 60-64 	8447.336021	3611.320515	4836.015506
 65-69 	5825.334052	2402.273229	3423.060823
 70-74 	3677.855254	1458.645613	2219.209641
 75-79 	2114.628956	761.145349	1353.483607
 80+ 	1467.022674	450.287402	1016.735271
Total	258732.706471	127653.882373	131078.824098
2003			
 0-4	18736.501495	9423.599704	9312.901791
 5-9	19119.065057	9606.270987	9512.794071
 10-14 	12619.364787	6315.468481	6303.896306
 15-19 	33093.357124	16679.254419	16414.102705
 20-24 	35060.898739	18213.843252	16847.055487
 25-29 	27487.567346	14711.646835	12775.920511
 30-34 	22076.480167	11820.147233	10256.332934
 35-39 	19023.427821	9838.369601	9185.058220
 40-44 	17472.109420	8459.587534	9012.521886
 45-49 	16518.820823	7560.177430	8958.643392
 50-54 	14262.617633	6358.279745	7904.337888
 55-59 	11565.639637	5058.005542	6507.634095
 60-64 	9002.894122	3829.376953	5173.517169
 65-69 	6245.278267	2548.355219	3696.923047
 70-74 	4011.376341	1569.594784	2441.781557
 75-79 	2348.132752	839.790729	1508.342024
 80+ 	1666.941094	507.090970	1159.850124
Total	270310.472624	133338.859418	136971.613207
2004			
 0-4	19554.953236	9834.388631	9720.564605
 5-9	19709.421435	9905.862002	9803.559433
 10-14 	12829.661735	6424.280985	6405.380749
 15-19 	34076.562251	17160.339961	16916.222290
 20-24 	36655.209128	19014.800647	17640.408481
 25-29 	28685.513681	15335.629831	13349.883850
 30-34 	22736.717405	12212.184027	10524.533378
 35-39 	19425.048625	10097.593783	9327.454842
 40-44 	17683.372187	8642.479511	9040.892676
 45-49 	16858.613930	7735.867297	9122.746633
 50-54 	14850.607432	6610.642612	8239.964819
 55-59 	12056.716958	5251.804754	6804.912204
 60-64 	9483.382629	4013.566154	5469.816475
 65-69 	6629.063985	2679.067380	3949.996605
 70-74 	4315.816501	1666.659322	2649.157179
 75-79 	2565.900919	911.227510	1654.673409
 80+ 	1890.090941	570.085922	1320.005019
Total	280006.652977	138066.480329	141940.172648
2005			
 0-4	20246.018505	10180.823521	10065.194983
 5-9	20267.457122	10188.004227	10079.452895
 10-14 	12937.796805	6482.657804	6455.139001
 15-19 	34641.122371	17429.011006	17212.111364
 20-24 	37916.622082	19635.431629	18281.190453
 25-29 	29818.276097	15919.780579	13898.495517
 30-34 	23256.153591	12497.197072	10758.956518
 35-39 	19727.336075	10324.151806	9403.184269
 40-44 	17790.737654	8776.020572	9014.717082
 45-49 	17027.243775	7839.312589	9187.931187
 50-54 	15316.693510	6806.075120	8510.618390
 55-59 	12484.161323	5416.026499	7068.134824
 60-64 	9878.617576	4158.516176	5720.101400
 65-69 	6972.767310	2792.798430	4179.968880
 70-74 	4580.209104	1746.142984	2834.066121
 75-79 	2764.775118	974.952507	1789.822611
 80+ 	2134.581104	639.631738	1494.949366
Total	287760.569120	141806.534258	145954.034862
2006			
 0-4	20709.360014	10412.088998	10297.271016
 5-9	20741.053153	10426.752953	10314.300200
 10-14 	12941.222014	6488.511182	6452.710832
 15-19 	34688.809340	17439.488265	17249.321075
 20-24 	38682.319063	19993.479257	18688.839806
 25-29 	30766.978535	16402.238471	14364.740064
 30-34 	23660.266443	12744.555696	10915.710746
 35-39 	19822.865942	10411.722293	9411.143649
 40-44 	17753.858113	8822.287109	8931.571005
 45-49 	16996.087256	7853.520079	9142.567177
 50-54 	15601.621003	6914.787707	8686.833295
 55-59 	12832.616078	5543.729993	7288.886085
 60-64 	10148.359111	4245.732611	5902.626500
 65-69 	7261.075402	2883.791706	4377.283696
 70-74 	4786.668525	1802.338984	2984.329541
 75-79 	2940.916271	1028.987825	1911.928446
 80+ 	2392.923297	713.783048	1679.140249
Total	292726.999560	144127.796177	148599.203383
2007			
 0-4	20906.410595	10509.848060	10396.562535
 5-9	21057.651821	10585.611956	10472.039866
 10-14 	12860.873369	6451.927021	6408.946348
 15-19 	34232.218103	17201.945133	17030.272971
 20-24 	38828.661132	20029.702596	18798.958536
 25-29 	31420.202257	16725.293074	14694.909183
 30-34 	23913.750794	12891.008185	11022.742610
 35-39 	19698.208110	10394.187345	9304.020764
 40-44 	17563.145118	8789.406411	8773.738708
 45-49 	16756.932430	7777.600177	8979.332253
 50-54 	15677.581649	6929.821305	8747.760345
 55-59 	13055.736301	5617.164553	7438.571749
 60-64 	10294.607373	4278.778383	6015.828989
 65-69 	7473.846471	2944.773072	4529.073399
 70-74 	4925.250113	1832.999981	3092.250132
 75-79 	3077.972286	1068.680532	2009.291754
 80+ 	2634.778839	782.662223	1852.116616
Total	294377.826763	144811.410007	149566.416756
2008			
 0-4	20820.825353	10466.374422	10354.450931
 5-9	21180.098780	10646.211666	10533.887115
 10-14 	12737.491075	6393.128883	6344.362192
 15-19 	33394.871210	16780.510816	16614.360394
 20-24 	38380.086489	19761.681567	18618.404922
 25-29 	31736.109604	16865.632986	14870.476618
 30-34 	24020.408254	12954.862566	11065.545688
 35-39 	19420.336368	10296.008307	9124.328060
 40-44 	17233.760482	8680.365173	8553.395309
 45-49 	16342.688405	7628.239536	8714.448869
 50-54 	15551.713540	6859.944775	8691.768765
 55-59 	13149.355251	5636.027955	7513.327296
 60-64 	10339.416167	4270.228122	6069.188045
 65-69 	7609.127110	2976.002713	4633.124397
 70-74 	5007.744374	1843.762943	3163.981432
 75-79 	3174.942109	1093.618268	2081.323841
 80+ 	2837.992119	838.725265	1999.266854
Total	292936.966690	143991.325963	148945.640727
2009			
 0-4	20599.289926	10356.197326	10243.092601
 5-9	21043.788856	10576.558922	10467.229934
 10-14 	12605.050316	6328.749479	6276.300837
 15-19 	32293.335836	16233.121479	16060.214358
 20-24 	37427.248608	19240.386298	18186.862310
 25-29 	31678.079310	16803.887953	14874.191358
 30-34 	24007.637983	12948.806802	11058.831181
 35-39 	19074.598537	10167.711293	8906.887245
 40-44 	16756.535883	8489.153196	8267.382687
 45-49 	15793.245998	7429.051164	8364.194835
 50-54 	15231.840475	6717.286544	8514.553931
 55-59 	13114.624515	5603.958575	7510.665940
 60-64 	10306.641891	4233.929850	6072.712041
 65-69 	7669.222753	2979.717447	4689.505306
 70-74 	5046.692591	1839.678624	3207.013968
 75-79 	3226.865154	1101.346651	2125.518504
 80+ 	2976.302767	873.340704	2102.962063
Total	288851.001401	141922.882305	146928.119096
2010			
 0-4	20200.173345	10157.847296	10042.326049
 5-9	20674.726476	10390.356642	10284.369835
 10-14 	12490.608164	6272.293971	6218.314193
 15-19 	31038.588462	15612.486578	15426.101884
 20-24 	36095.967839	18533.195695	17562.772145
 25-29 	31255.373200	16547.173889	14708.199312
 30-34 	23903.158847	12887.561106	11015.597741
 35-39 	18652.888644	9972.625806	8680.262838
 40-44 	16233.978426	8301.891190	7932.087236
 45-49 	15161.298973	7208.816168	7952.482805
 50-54 	14742.500874	6520.040435	8222.460439
 55-59 	12968.132936	5530.702547	7437.430389
 60-64 	10221.624445	4183.372905	6038.251539
 65-69 	7662.956791	2960.684596	4702.272195
 70-74 	5056.688187	1825.773129	3230.915058
 75-79 	3231.829850	1090.172645	2141.657205
 80+ 	3032.527532	881.515310	2151.012222
Total	282623.022992	138876.509906	143746.513086
2011			
 0-4	19436.317125	9780.923440	9655.393684
 5-9	19998.902914	10052.331828	9946.571087
 10-14 	12349.720673	6202.306810	6147.413864
 15-19 	29544.420183	14872.826868	14671.593315
 20-24 	34327.629295	17613.076466	16714.552829
 25-29 	30338.003748	16030.924049	14307.079699
 30-34 	23588.703133	12707.657299	10881.045833
 35-39 	18165.295081	9760.478877	8404.816204
 40-44 	15566.308884	8032.508556	7533.800328
 45-49 	14386.702487	6940.039071	7446.663416
 50-54 	14026.434973	6256.050801	7770.384172
 55-59 	12637.051890	5392.527063	7244.524827
 60-64 	10059.689086	4113.239992	5946.449093
 65-69 	7554.058774	2906.041417	4648.017357
 70-74 	5019.355829	1796.094118	3223.261711
 75-79 	3163.090072	1052.603626	2110.486446
 80+ 	2967.615979	853.264760	2114.351220
Total	273129.300123	134362.895039	138766.405084
2012			
 0-4	18832.965265	9481.031784	9351.933481
 5-9	19293.495918	9699.110924	9594.384994
 10-14 	12234.038847	6144.412568	6089.626279
 15-19 	28268.674224	14240.287981	14028.386243
 20-24 	32750.083363	16794.504790	15955.578573
 25-29 	29408.872903	15505.872512	13903.000391
 30-34 	23345.472011	12561.204542	10784.267469
 35-39 	17848.471006	9616.708657	8231.762350
 40-44 	15005.468273	7818.006307	7187.461966
 45-49 	13743.023278	6726.557887	7016.465391
 50-54 	13342.499606	6016.020912	7326.478694
 55-59 	12304.037167	5257.617740	7046.419427
 60-64 	9937.059636	4062.458546	5874.601090
 65-69 	7453.769238	2857.848886	4595.920352
 70-74 	5014.518836	1780.719226	3233.799610
 75-79 	3106.998134	1018.554085	2088.444049
 80+ 	2909.568789	825.593009	2083.975781
Total	264799.016497	130406.510357	134392.506140
2013			
 0-4	18152.710469	9140.969986	9011.740483
 5-9	18582.305808	9343.542740	9238.763067
 10-14 	12083.462402	6068.581823	6014.880579
 15-19 	27055.491041	13635.201287	13420.289754
 20-24 	31190.134155	15986.379941	15203.754214
 25-29 	28337.479937	14905.440862	13432.039074
 30-34 	23045.775834	12379.115939	10666.659895
 35-39 	17592.402395	9496.959218	8095.443177
 40-44 	14495.556277	7621.664790	6873.891487
 45-49 	13147.387834	6522.780712	6624.607122
 50-54 	12642.961878	5774.475149	6868.486728
 55-59 	11905.920231	5100.876385	6805.043846
 60-64 	9791.158382	4004.667294	5786.491088
 65-69 	7334.250452	2805.343522	4528.906930
 70-74 	5005.220618	1766.248883	3238.971734
 75-79 	3052.903929	986.047690	2066.856238
 80+ 	2846.724566	796.143846	2050.580720
Total	256261.846207	126334.440068	129927.406139
2014			
 0-4	17302.566099	8715.104306	8587.461793
 5-9	17807.176357	8955.557670	8851.618687
 10-14 	11836.929982	5944.577607	5892.352374
 15-19 	25886.054388	13048.080428	12837.973960
 20-24 	29609.948753	15169.136247	14440.812506
 25-29 	27126.200402	14233.766167	12892.434235
 30-34 	22610.481578	12120.292356	10490.189222
 35-39 	17344.312593	9370.963225	7973.349368
 40-44 	14032.177093	7441.762059	6590.415034
 45-49 	12543.115799	6294.638940	6248.476859
 50-54 	11934.337401	5529.970216	6404.367185
 55-59 	11422.376750	4914.718083	6507.658666
 60-64 	9593.673475	3927.002954	5666.670521
 65-69 	7190.754762	2746.295767	4444.458995
 70-74 	4971.132792	1745.462750	3225.670041
 75-79 	3000.561521	956.214016	2044.347505
 80+ 	2776.652345	765.114805	2011.537540
Total	246988.452088	121878.657596	125109.794492
2015			
 0-4	16243.774893	8183.849495	8059.925398
 5-9	16898.150225	8500.215626	8397.934599
 10-14 	11462.149857	5756.373393	5705.776465
 15-19 	24661.543947	12428.054896	12233.489051
 20-24 	27898.395437	14278.891401	13619.504035
 25-29 	25720.727485	13459.742982	12260.984503
 30-34 	21944.601286	11733.102814	10211.498472
 35-39 	17018.908118	9193.809817	7825.098301
 40-44 	13510.562417	7200.067945	6310.494472
 45-49 	11921.110509	6060.666094	5860.444414
 50-54 	11193.001339	5266.820028	5926.181311
 55-59 	10812.353789	4681.675965	6130.677824
 60-64 	9296.767846	3809.421627	5487.346219
 65-69 	6995.325518	2670.036109	4325.289409
 70-74 	4880.859299	1707.101523	3173.757776
 75-79 	2937.672756	925.550496	2012.122260
 80+ 	2685.528901	728.784386	1956.744515
Total	236081.433622	116584.164598	119497.269023
2016			
 0-4	15359.821507	7740.224376	7619.597131
 5-9	16116.103837	8109.032470	8007.071367
 10-14 	11078.124780	5563.631373	5514.493407
 15-19 	23804.518518	11991.132225	11813.386294
 20-24 	26506.326755	13548.532070	12957.794685
 25-29 	24544.569743	12808.097574	11736.472169
 30-34 	21371.106913	11391.866558	9979.240355
 35-39 	16838.582227	9087.438668	7751.143560
 40-44 	13173.951437	7060.929495	6113.021942
 45-49 	11422.374789	5863.760045	5558.614743
 50-54 	10591.033989	5057.144459	5533.889530
 55-59 	10249.588674	4476.868534	5772.720140
 60-64 	9025.626096	3703.071172	5322.554924
 65-69 	6860.375898	2619.403925	4240.971973
 70-74 	4798.661549	1673.182870	3125.478680
 75-79 	2908.481781	908.206646	2000.275135
 80+ 	2613.440893	698.296813	1915.144079
Total	227262.689388	112300.819274	114961.870114
2017			
 0-4	14648.735501	7383.805084	7264.930417
 5-9	15490.781869	7796.477988	7694.303881
 10-14 	10698.284724	5373.369122	5324.915602
 15-19 	23269.149268	11715.117503	11554.031765
 20-24 	25458.409077	12990.788915	12467.620161
 25-29 	23630.091768	12295.203870	11334.887899
 30-34 	20906.006687	11105.863177	9800.143510
 35-39 	16800.942169	9052.089126	7748.853042
 40-44 	13023.922575	7000.939948	6022.982627
 45-49 	11054.519101	5731.235797	5323.283304
 50-54 	10137.607322	4911.671809	5225.935512
 55-59 	9757.441703	4309.151564	5448.290139
 60-64 	8791.021131	3613.780063	5177.241068
 65-69 	6779.695212	2591.299480	4188.395732
 70-74 	4740.065012	1649.016679	3091.048333
 75-79 	2910.648511	902.675257	2007.973254
 80+ 	2564.886196	674.926596	1889.959599
Total	220662.207825	109097.411979	111564.795846
2018			
 0-4	14045.142366	7081.535428	6963.606937
 5-9	14867.929055	7484.786084	7383.142971
 10-14 	10381.639799	5215.437256	5166.202543
 15-19 	22893.400742	11519.803319	11373.597423
 20-24 	24657.508360	12558.457408	12099.050953
 25-29 	22868.147181	11864.180153	11003.967028
 30-34 	20469.989603	10834.128870	9635.860733
 35-39 	16825.270862	9045.221669	7780.049192
 40-44 	12995.095577	6997.244002	5997.851576
 45-49 	10788.265720	5643.364237	5144.901483
 50-54 	9781.089648	4802.896593	4978.193055
 55-59 	9312.038175	4166.379496	5145.658678
 60-64 	8561.514174	3530.200716	5031.313458
 65-69 	6722.934961	2573.440517	4149.494444
 70-74 	4696.956759	1631.838277	3065.118482
 75-79 	2927.680453	903.186580	2024.493873
 80+ 	2533.469068	656.998819	1876.470249
Total	215328.072503	106509.099425	108818.973078
2019			
 0-4	13428.973671	6772.674066	6656.299605
 5-9	14333.300938	7217.760327	7115.540612
 10-14 	10069.454518	5059.622119	5009.832399
 15-19 	22517.357563	11325.761871	11191.595691
 20-24 	24034.705111	12217.169978	11817.535133
 25-29 	22180.621394	11474.198815	10706.422579
 30-34 	20023.820013	10557.387910	9466.432103
 35-39 	16841.603804	9029.990306	7811.613498
 40-44 	13043.342013	7027.430054	6015.911959
 45-49 	10610.003763	5597.003202	5013.000561
 50-54 	9463.807147	4699.892576	4763.914571
 55-59 	8902.002631	4041.485411	4860.517220
 60-64 	8311.758928	3443.472423	4868.286506
 65-69 	6665.027933	2555.756265	4109.271668
 70-74 	4662.714359	1619.353797	3043.360562
 75-79 	2945.281063	904.969185	2040.311878
 80+ 	2513.980953	643.233311	1870.747642
Total	210547.755802	104187.161616	106360.594186
2020			
 0-4	12850.259271	6482.564482	6367.694789
 5-9	13757.024042	6929.539692	6827.484350
 10-14 	9760.254628	4905.324732	4854.929895
 15-19 	22044.364492	11084.629698	10959.734794
 20-24 	23541.042173	11944.467984	11596.574190
 25-29 	21510.031849	11096.122484	10413.909365
 30-34 	19536.738477	10261.382585	9275.355892
 35-39 	16793.752136	8977.115526	7816.636611
 40-44 	13125.116329	7069.338008	6055.778321
 45-49 	10457.917913	5543.165697	4914.752217
 50-54 	9193.492076	4625.423975	4568.068101
 55-59 	8523.497586	3930.901212	4592.596373
 60-64 	8026.473841	3348.218368	4678.255473
 65-69 	6588.599702	2531.378279	4057.221422
 70-74 	4630.538792	1609.121995	3021.416797
 75-79 	2952.812397	904.610542	2048.201855
 80+ 	2502.212647	632.558502	1869.654145
Total	205794.128352	101875.863762	103918.264590
2021			
 0-4	12343.173586	6228.441809	6114.731777
 5-9	13230.566822	6666.114727	6564.452095
 10-14 	9487.509576	4769.571301	4717.938275
 15-19 	21538.859336	10828.342982	10710.516354
 20-24 	23257.125957	11781.808287	11475.317671
 25-29 	20957.053143	10780.931875	10176.121268
 30-34 	19118.587889	10004.786731	9113.801158
 35-39 	16750.417868	8923.913750	7826.504118
 40-44 	13279.633507	7145.066083	6134.567425
 45-49 	10412.478657	5550.805418	4861.673240
 50-54 	8983.313617	4564.296426	4419.017192
 55-59 	8216.349073	3846.768088	4369.580984
 60-64 	7746.467177	3261.932547	4484.534630
 65-69 	6512.969604	2507.761012	4005.208591
 70-74 	4627.012799	1610.381284	3016.631515
 75-79 	2958.883956	904.530418	2054.353538
 80+ 	2509.513558	627.907261	1881.606297
Total	201929.916126	100003.359999	101926.556127
2022			
 0-4	11918.973229	6016.006162	5902.967068
 5-9	12776.849900	6439.353017	6337.496883
 10-14 	9255.748968	4654.329463	4601.419505
 15-19 	20994.622847	10554.180542	10440.442305
 20-24 	23127.400767	11701.267834	11426.132933
 25-29 	20543.689922	10540.050262	10003.639660
 30-34 	18787.727790	9797.564079	8990.163711
 35-39 	16708.033809	8869.261706	7838.772104
 40-44 	13493.902740	7248.398371	6245.504369
 45-49 	10471.663401	5599.197070	4872.466331
 50-54 	8835.548037	4534.798512	4300.749525
 55-59 	7986.276708	3795.847348	4190.429361
 60-64 	7484.713598	3189.189682	4295.523916
 65-69 	6439.877398	2486.604613	3953.272785
 70-74 	4644.835803	1620.169087	3024.666715
 75-79 	2970.346684	906.874565	2063.472118
 80+ 	2534.627265	628.684032	1905.943232
Total	198974.838866	98581.776346	100393.062520
2023			
 0-4	11574.595372	5843.742532	5730.852840
 5-9	12411.415409	6257.064812	6154.350596
 10-14 	9005.630900	4529.659022	4475.971878
 15-19 	20494.257649	10303.379239	10190.878410
 20-24 	23088.827218	11670.346830	11418.480388
 25-29 	20286.828607	10382.158383	9904.670224
 30-34 	18538.999371	9636.285685	8902.713687
 35-39 	16666.164296	8813.660338	7852.503958
 40-44 	13752.657945	7371.561654	6381.096290
 45-49 	10624.070726	5691.065562	4933.005164
 50-54 	8761.107449	4538.207121	4222.900328
 55-59 	7824.214979	3771.032894	4053.182086
 60-64 	7250.048681	3132.478514	4117.570167
 65-69 	6367.276009	2468.351093	3898.924916
 70-74 	4678.864286	1636.291173	3042.573113
 75-79 	2991.978705	913.233042	2078.745663
 80+ 	2574.435474	633.791671	1940.643802
Total	196891.373078	97592.309566	99299.063512
2024			
 0-4	11299.039655	5706.122580	5592.917075
 5-9	12081.683872	6092.612195	5989.071677
 10-14 	8819.594828	4437.437951	4382.156876
 15-19 	20035.868069	10074.297991	9961.570078
 20-24 	23036.402726	11636.062289	11400.340437
 25-29 	20189.466812	10308.298916	9881.167896
 30-34 	18358.997034	9513.298858	8845.698176
 35-39 	16632.752800	8762.254602	7870.498198
 40-44 	14032.736461	7502.431325	6530.305136
 45-49 	10862.663177	5823.298048	5039.365129
 50-54 	8772.273384	4583.753677	4188.519708
 55-59 	7704.041490	3757.208543	3946.832947
 60-64 	7050.854274	3094.091834	3956.762439
 65-69 	6290.059498	2452.334519	3837.724979
 70-74 	4722.807935	1656.250195	3066.557740
 75-79 	3026.706915	924.542378	2102.164537
 80+ 	2625.447367	642.154551	1983.292816
Total	195541.396297	96966.450452	98574.945845
2025			
 0-4	11081.444099	5597.686445	5483.757653
 5-9	11828.498534	5966.705583	5861.792951
 10-14 	8634.241645	4345.502854	4288.738792
 15-19 	19703.737227	9909.703726	9794.033502
 20-24 	22943.953685	11584.471629	11359.482056
 25-29 	20252.586463	10319.288900	9933.297562
 30-34 	18236.555617	9422.178645	8814.376972
 35-39 	16612.564448	8718.459406	7894.105042
 40-44 	14314.390203	7630.585437	6683.804766
 45-49 	11175.521772	5990.130545	5185.391227
 50-54 	8836.695282	4640.860129	4195.835153
 55-59 	7645.397646	3779.528311	3865.869334
 60-64 	6895.178808	3076.584269	3818.594539
 65-69 	6204.939355	2438.310787	3766.628568
 70-74 	4772.162960	1678.411947	3093.751013
 75-79 	3075.302341	941.018320	2134.284021
 80+ 	2685.163452	653.059434	2032.104019
Total	194898.333537	96692.486366	98205.847171
2026			
 0-4	10911.488539	5513.238806	5398.249733
 5-9	11620.897141	5863.718683	5757.178458
 10-14 	8463.766861	4260.960979	4202.805882
 15-19 	19463.349290	9791.821777	9671.527514
 20-24 	22806.763190	11512.423022	11294.340168
 25-29 	20448.609304	10401.505702	10047.103601
 30-34 	18163.689515	9357.961767	8805.727748
 35-39 	16613.086728	8686.929070	7926.157659
 40-44 	14583.380832	7748.580234	6834.800598
 45-49 	11544.647569	6182.376206	5362.271363
 50-54 	8980.554842	4744.777416	4235.777426
 55-59 	7623.706595	3807.762346	3815.944250
 60-64 	6781.992164	3074.636566	3707.355597
 65-69 	6111.179287	2426.723869	3684.455418
 70-74 	4817.586039	1699.562637	3118.023401
 75-79 	3140.890640	963.638916	2177.251723
 80+ 	2751.043500	665.779028	2085.264473
Total	194826.632036	96702.397023	98124.235013
2027			
 0-4	10779.278974	5447.794421	5331.484553
 5-9	11453.016442	5780.693232	5672.323210
 10-14 	8314.373431	4187.095701	4127.277730
 15-19 	19327.508752	9726.355711	9601.153041
 20-24 	22598.577764	11406.527506	11192.050258
 25-29 	20725.204645	10528.054841	10197.149804
 30-34 	18154.009115	9327.585192	8826.423923
 35-39 	16641.893938	8672.082862	7969.811076
 40-44 	14824.061976	7848.678513	6975.383463
 45-49 	11951.307396	6390.413648	5560.893747
 50-54 	9199.650158	4876.354147	4323.296011
 55-59 	7636.577896	3854.683750	3781.894146
 60-64 	6713.136841	3092.201842	3620.934999
 65-69 	6013.676278	2419.121469	3594.554809
 70-74 	4855.226767	1719.166585	3136.060182
 75-79 	3216.254423	989.992211	2226.262212
 80+ 	2824.564793	680.788114	2143.776679
Total	195228.319590	96947.589744	98280.729845
2028			
 0-4	10678.246794	5398.033562	5280.213232
 5-9	11321.528793	5715.969467	5605.559327
 10-14 	8195.494752	4128.613632	4066.881120
 15-19 	19175.190950	9652.297470	9522.893480
 20-24 	22446.428789	11330.513419	11115.915370
 25-29 	21030.361237	10672.065003	10358.296234
 30-34 	18228.390546	9342.119820	8886.270726
 35-39 	16696.232010	8672.278895	8023.953115
 40-44 	15031.747348	7929.203068	7102.544280
 45-49 	12379.700373	6606.066276	5773.634097
 50-54 	9485.242016	5038.023977	4447.218039
 55-59 	7694.503541	3921.565937	3772.937603
 60-64 	6682.798941	3123.829203	3558.969738
 65-69 	5919.296496	2417.403262	3501.893233
 70-74 	4881.740135	1737.051743	3144.688392
 75-79 	3297.185697	1018.571013	2278.614684
 80+ 	2907.138932	698.569603	2208.569329
Total	196051.227348	97402.175350	98649.051998
2029			
 0-4	10601.213106	5360.339818	5240.873288
 5-9	11221.541039	5667.077450	5554.463589
 10-14 	8077.208842	4070.350710	4006.858132
 15-19 	19113.182261	9624.222771	9488.959490
 20-24 	22302.975628	11259.417913	11043.557715
 25-29 	21278.480272	10790.320902	10488.159370
 30-34 	18401.725951	9408.993697	8992.732255
 35-39 	16771.440221	8684.837866	8086.602355
 40-44 	15215.387311	7995.908018	7219.479293
 45-49 	12810.050908	6818.982818	5991.068089
 50-54 	9834.548085	5228.595300	4605.952785
 55-59 	7811.840731	4017.824444	3794.016287
 60-64 	6671.891132	3157.842909	3514.048222
 65-69 	5837.299512	2424.293603	3413.005908
 70-74 	4893.262241	1752.924916	3140.337325
 75-79 	3379.593851	1047.946510	2331.647341
 80+ 	2999.420972	719.383897	2280.037075
Total	197221.062062	98029.263542	99191.798519
2030			
 0-4	10539.522934	5330.343869	5209.179065
 5-9	11144.554717	5629.736517	5514.818200
 10-14 	7988.249653	4026.844783	3961.404869
 15-19 	18994.325794	9567.355367	9426.970428
 20-24 	22223.325516	11221.197638	11002.127878
 25-29 	21444.007245	10869.214797	10574.792448
 30-34 	18680.589241	9532.027646	9148.561594
 35-39 	16859.653226	8705.340747	8154.312479
 40-44 	15378.628484	8051.700589	7326.927895
 45-49 	13222.251507	7018.536458	6203.715050
 50-54 	10237.666844	5443.128168	4794.538676
 55-59 	7962.695310	4117.739176	3844.956134
 60-64 	6698.976337	3216.430214	3482.546123
 65-69 	5776.176527	2442.421498	3333.755029
 70-74 	4886.860779	1766.598806	3120.261973
 75-79 	3460.086658	1077.046220	2383.040439
 80+ 	3100.156502	742.957594	2357.198908
Total	198597.727274	98758.620088	99839.107186
2031			
 0-4	10486.578809	5304.712892	5181.865918
 5-9	11083.906166	5600.582784	5483.323381
 10-14 	7911.171426	3989.292750	3921.878676
 15-19 	18869.396859	9507.137040	9362.259819
 20-24 	22186.480342	11205.230884	10981.249458
 25-29 	21524.964818	10907.076774	10617.888044
 30-34 	19047.814493	9703.055012	9344.759481
 35-39 	16958.685985	8732.150347	8226.535638
 40-44 	15530.756645	8102.380286	7428.376359
 45-49 	13602.562027	7197.603320	6404.958708
 50-54 	10679.197897	5673.724079	5005.473818
 55-59 	8171.444345	4252.575698	3918.868648
 60-64 	6745.248119	3274.203436	3471.044683
 65-69 	5737.229001	2467.939981	3269.289020
 70-74 	4862.095694	1778.522665	3083.573028
 75-79 	3531.944748	1103.859819	2428.084929
 80+ 	3209.504564	769.412782	2440.091782
Total	200138.981939	99569.460548	100569.521391
2032			
 0-4	10438.585726	5281.544174	5157.041552
 5-9	11034.299193	5576.945841	5457.353352
 10-14 	7845.059046	3957.203672	3887.855374
 15-19 	18760.977233	9455.499980	9305.477254
 20-24 	22201.415150	11215.536687	10985.878463
 25-29 	21495.288362	10890.799778	10604.488584
 30-34 	19456.468034	9898.056948	9558.411086
 35-39 	17083.256577	8772.918827	8310.337750
 40-44 	15680.443258	8153.070031	7527.373226
 45-49 	13935.828084	7348.731864	6587.096220
 50-54 	11142.519057	5911.839053	5230.680004
 55-59 	8437.411058	4406.653714	4030.757344
 60-64 	6810.279573	3343.079753	3467.199820
 65-69 	5724.416794	2504.994470	3219.422324
 70-74 	4824.017585	1790.217714	3033.799871
 75-79 	3592.419179	1128.063712	2464.355466
 80+ 	3324.144481	797.734342	2526.410139
Total	201786.828390	100432.890561	101353.937829
2033			
 0-4	10393.995344	5260.062592	5133.932752
 5-9	10992.517486	5557.200282	5435.317204
 10-14 	7789.741627	3930.518348	3859.223279
 15-19 	18698.915249	9427.249123	9271.666126
 20-24 	22131.488251	11182.263937	10949.224314
 25-29 	21486.191870	10886.368906	10599.822965
 30-34 	19864.908368	10095.404250	9769.504118
 35-39 	17259.952612	8841.698547	8418.254065
 40-44 	15830.039837	8204.926685	7625.113152
 45-49 	14219.379035	7471.276909	6748.102126
 50-54 	11614.254732	6150.537432	5463.717301
 55-59 	8754.745990	4583.037530	4171.708461
 60-64 	6905.660370	3424.893516	3480.766854
 65-69 	5735.154880	2549.811470	3185.343409
 70-74 	4779.671699	1803.601361	2976.070338
 75-79 	3639.179463	1149.658304	2489.521159
 80+ 	3442.215129	827.311940	2614.903189
Total	203538.011943	101345.821131	102192.190811
2034			
 0-4	10349.559478	5238.627321	5110.932158
 5-9	10955.480969	5539.798433	5415.682536
 10-14 	7744.005419	3908.624767	3835.380653
 15-19 	18599.122279	9379.851734	9219.270546
 20-24 	22144.796082	11191.767980	10953.028101
 25-29 	21447.750564	10867.635542	10580.115022
 30-34 	20190.799370	10253.715340	9937.084030
 35-39 	17504.090775	8946.370223	8557.720551
 40-44 	15975.815308	8255.984266	7719.831041
 45-49 	14461.057289	7570.488130	6890.569159
 50-54 	12075.297258	6379.927848	5695.369411
 55-59 	9121.657954	4780.954171	4340.703783
 60-64 	7045.270514	3528.116499	3517.154015
 65-69 	5754.341253	2592.988278	3161.352975
 70-74 	4737.742882	1821.062510	2916.680371
 75-79 	3669.393479	1168.504615	2500.888864
 80+ 	3561.813056	857.547852	2704.265204
Total	205337.993930	102281.965510	103056.028420
2035			
 0-4	10301.736517	5215.448748	5086.287769
 5-9	10919.639821	5522.951807	5396.688014
 10-14 	7705.268865	3890.216924	3815.051940
 15-19 	18542.643077	9354.417727	9188.225350
 20-24 	22082.389587	11163.228468	10919.161118
 25-29 	21438.936367	10864.782435	10574.153933
 30-34 	20413.032130	10361.841273	10051.190857
 35-39 	17826.975448	9093.273106	8733.702342
 40-44 	16114.287338	8304.258228	7810.029110
 45-49 	14667.082127	7650.694651	7016.387477
 50-54 	12508.231667	6590.919537	5917.312130
 55-59 	9530.937419	4996.856756	4534.080663
 60-64 	7209.417017	3631.894758	3577.522259
 65-69 	5799.691797	2654.210685	3145.481113
 70-74 	4707.073303	1845.239146	2861.834157
 75-79 	3681.634111	1184.760556	2496.873555
 80+ 	3681.349574	888.049403	2793.300171
Total	207130.326166	103213.044209	103917.281958
2036			
 0-4	10250.598701	5190.342500	5060.256201
 5-9	10879.838387	5504.042101	5375.796286
 10-14 	7671.839636	3874.443561	3797.396075
 15-19 	18489.552046	9330.578913	9158.973132
 20-24 	21998.624325	11123.558994	10875.065331
 25-29 	21452.521566	10873.743111	10578.778454
 30-34 	20537.571112	10421.900310	10115.670802
 35-39 	18219.628875	9278.264316	8941.364560
 40-44 	16248.963118	8350.951294	7898.011824
 45-49 	14850.109681	7719.215024	7130.894657
 50-54 	12901.718347	6777.406348	6124.311999
 55-59 	9969.286225	5223.727778	4745.558447
 60-64 	7419.159213	3762.855725	3656.303488
 65-69 	5856.029485	2711.644561	3144.384925
 70-74 	4688.559142	1872.459332	2816.099810
 75-79 	3674.306258	1198.134607	2476.171651
 80+ 	3795.152639	917.398819	2877.753819
Total	208903.458755	104130.667294	104772.791461
2037			
 0-4	10204.905580	5167.749730	5037.155851
 5-9	10837.624692	5483.838139	5353.786553
 10-14 	7642.117165	3860.482132	3781.635033
 15-19 	18441.465639	9309.229012	9132.236626
 20-24 	21917.493351	11085.648672	10831.844679
 25-29 	21500.282791	10900.131188	10600.151603
 30-34 	20543.226428	10423.348483	10119.877945
 35-39 	18641.174498	9480.520969	9160.653529
 40-44 	16397.528974	8405.314905	7992.214069
 45-49 	15021.489445	7782.605863	7238.883582
 50-54 	13243.344056	6933.431741	6309.912315
 55-59 	10422.819199	5454.516647	4968.302552
 60-64 	7676.744776	3908.503497	3768.241280
 65-69 	5923.883198	2776.169495	3147.713703
 70-74 	4686.741851	1906.587725	2780.154126
 75-79 	3652.334646	1209.995335	2442.339311
 80+ 	3900.305383	945.174248	2955.131136
Total	210653.481672	105033.247779	105620.233893
2038			
 0-4	10168.307235	5149.552903	5018.754332
 5-9	10792.226563	5461.929920	5330.296643
 10-14 	7614.820481	3847.683995	3767.136485
 15-19 	18401.828992	9292.076994	9109.751998
 20-24 	21871.512523	11065.875944	10805.636579
 25-29 	21448.818796	10876.040023	10572.778773
 30-34 	20553.147142	10428.652810	10124.494332
 35-39 	19049.981663	9678.664653	9371.317010
 40-44 	16584.714922	8480.546173	8104.168748
 45-49 	15182.976395	7841.827756	7341.148639
 50-54 	13529.941632	7058.165463	6471.776169
 55-59 	10878.677318	5682.670887	5196.006431
 60-64 	7976.875292	4071.561543	3905.313748
 65-69 	6014.116126	2849.337010	3164.779117
 70-74 	4700.243974	1944.755076	2755.488898
 75-79 	3621.645737	1221.765036	2399.880701
 80+ 	3994.167248	971.099736	3023.067511
Total	212384.002039	105922.205923	106461.796115
2039			
 0-4	10141.722968	5136.256092	5005.466876
 5-9	10743.282552	5438.106357	5305.176195
 10-14 	7589.244966	3835.702726	3753.542240
 15-19 	18372.177602	9279.868606	9092.308996
 20-24 	21780.450438	11023.233734	10757.216704
 25-29 	21471.221911	10890.175040	10581.046871
 30-34 	20527.011143	10416.140866	10110.870276
 35-39 	19373.466683	9836.107436	9537.359247
 40-44 	16830.552330	8586.895290	8243.657040
 45-49 	15335.208771	7897.177980	7438.030792
 50-54 	13772.002204	7158.155495	6613.846710
 55-59 	11320.908999	5900.017153	5420.891846
 60-64 	8319.342423	4251.997734	4067.344689
 65-69 	6139.666382	2938.485022	3201.181360
 70-74 	4717.690232	1979.938545	2737.751686
 75-79 	3589.936563	1235.372948	2354.563615
 80+ 	4074.324797	994.960229	3079.364568
Total	214098.210964	106798.591252	107299.619712
2040			
 0-4	10112.016802	5121.326643	4990.690159
 5-9	10703.846804	5418.881251	5284.965553
 10-14 	7564.502166	3824.096577	3740.405589
 15-19 	18351.149788	9271.909869	9079.239919
 20-24 	21734.787559	11003.696151	10731.091408
 25-29 	21420.297362	10867.259370	10553.037992
 30-34 	20526.729852	10417.458435	10109.271417
 35-39 	19595.937336	9944.456690	9651.480646
 40-44 	17149.939280	8732.505702	8417.433579
 45-49 	15478.188016	7948.489026	7529.698990
 50-54 	13978.150170	7238.919308	6739.230861
 55-59 	11735.120522	6099.128387	5635.992136
 60-64 	8698.969041	4447.322542	4251.646499
 65-69 	6286.298935	3027.621808	3258.677127
 70-74 	4754.251526	2028.328204	2725.923322
 75-79 	3564.969655	1252.932458	2312.037198
 80+ 	4139.934342	1016.868866	3123.065476
Total	215795.089157	107661.201286	108133.887871
2041			
 0-4	10088.577800	5109.462028	4979.115772
 5-9	10664.501537	5399.553267	5264.948269
 10-14 	7537.272159	3811.196933	3726.075226
 15-19 	18335.691576	9266.640979	9069.050598
 20-24 	21691.226477	10985.238994	10705.987484
 25-29 	21345.059237	10831.992351	10513.066886
 30-34 	20543.251571	10428.071765	10115.179807
 35-39 	19720.396559	10004.731102	9715.665458
 40-44 	17532.907103	8912.931463	8619.975640
 45-49 	15614.607201	7996.803204	7617.803997
 50-54 	14160.407658	7307.653245	6852.754413
 55-59 	12111.184413	6274.914950	5836.269463
 60-64 	9104.538416	4651.977069	4452.561347
 65-69 	6471.668364	3138.826571	3332.841793
 70-74 	4800.145406	2073.401600	2726.743806
 75-79 	3549.077394	1272.328609	2276.748786
 80+ 	4190.027445	1036.817085	3153.210361
Total	217460.540319	108502.541214	108957.999105
2042			
 0-4	10062.123986	5096.065123	4966.058862
 5-9	10630.465060	5382.728601	5247.736459
 10-14 	7508.894903	3797.667736	3711.227166
 15-19 	18323.056863	9262.677086	9060.379776
 20-24 	21652.907390	10969.376550	10683.530840
 25-29 	21271.214096	10797.815963	10473.398133
 30-34 	20591.110227	10454.647908	10136.462319
 35-39 	19729.389926	10008.052926	9721.337000
 40-44 	17942.375769	9109.245049	8833.130720
 45-49 	15762.967530	8051.731738	7711.235792
 50-54 	14330.507138	7370.991144	6959.515994
 55-59 	12437.965373	6422.108523	6015.856851
 60-64 	9523.654948	4859.802463	4663.852486
 65-69 	6699.301446	3262.344619	3436.956827
 70-74 	4855.177239	2124.003777	2731.173462
 75-79 	3545.586047	1296.411845	2249.174202
 80+ 	4226.391143	1055.335087	3171.056056
Total	219093.089084	109321.006139	109772.082945
2043			
 0-4	10032.322646	5080.971378	4951.351268
 5-9	10601.089167	5368.109547	5232.979620
 10-14 	7478.019020	3782.810276	3695.208744
 15-19 	18309.245346	9257.986990	9051.258356
 20-24 	21622.016483	10957.183109	10664.833374
 25-29 	21228.874755	10779.940565	10448.934190
 30-34 	20541.937166	10431.787062	10110.150105
 35-39 	19739.796079	10013.726686	9726.069393
 40-44 	18337.535586	9300.533561	9037.002025
 45-49 	15946.342739	8125.572586	7820.770154
 50-54 	14489.349601	7429.424664	7059.924937
 55-59 	12711.837472	6539.634147	6172.203324
 60-64 	9944.068286	5064.705891	4879.362394
 65-69 	6963.905028	3400.181464	3563.723564
 70-74 	4928.442863	2181.082241	2747.360621
 75-79 	3553.461608	1323.021942	2230.439666
 80+ 	4251.759020	1073.106057	3178.652963
Total	220680.002864	110109.778166	110570.224698
2044			
 0-4	9999.575443	5064.384819	4935.190624
 5-9	10576.011834	5355.542172	5220.469662
 10-14 	7443.831544	3766.191461	3677.640083
 15-19 	18291.327340	9251.093398	9040.233943
 20-24 	21598.698757	10948.704688	10649.994068
 25-29 	21140.612714	10738.692155	10401.920559
 30-34 	20560.758427	10444.192298	10116.566129
 35-39 	19712.525533	10000.730427	9711.795106
 40-44 	18648.016437	9451.383200	9196.633237
 45-49 	16183.558785	8227.941108	7955.617677
 50-54 	14637.083943	7483.004842	7154.079101
 55-59 	12942.235109	6633.389859	6308.845250
 60-64 	10350.804472	5259.211696	5091.592775
 65-69 	7264.936090	3552.111041	3712.825049
 70-74 	5029.917911	2249.902724	2780.015187
 75-79 	3563.934599	1347.109830	2216.824769
 80+ 	4269.956778	1091.116455	3178.840322
Total	222213.785716	110864.702174	111349.083541
2045			
 0-4	9963.959466	5046.344969	4917.614496
 5-9	10544.810322	5339.840283	5204.970039
 10-14 	7416.429250	3752.847644	3663.581606
 15-19 	18266.838879	9240.761754	9026.077125
 20-24 	21579.343508	10942.093745	10637.249763
 25-29 	21092.431485	10717.898535	10374.532950
 30-34 	20506.098198	10419.380519	10086.717679
 35-39 	19706.389868	9999.138832	9707.251037
 40-44 	18857.949116	9553.372355	9304.576760
 45-49 	16488.266955	8366.298383	8121.968572
 50-54 	14773.112948	7531.270148	7241.842800
 55-59 	13136.710841	6708.238495	6428.472346
 60-64 	10730.162144	5436.430169	5293.731974
 65-69 	7597.377739	3715.792054	3881.585684
 70-74 	5149.514194	2318.936310	2830.577885
 75-79 	3587.852062	1380.368965	2207.483097
 80+ 	4285.389989	1110.580849	3174.809140
Total	223682.636964	111579.594011	112103.042953
2046			
 0-4	9926.848469	5027.547361	4899.301107
 5-9	10516.690385	5325.614573	5191.075812
 10-14 	7389.096997	3739.435451	3649.661546
 15-19 	18233.375119	9225.777916	9007.597202
 20-24 	21562.093192	10936.391401	10625.701791
 25-29 	21044.405828	10697.180134	10347.225694
 30-34 	20426.382936	10381.823512	10044.559424
 35-39 	19714.353006	10005.439621	9708.913385
 40-44 	18971.520513	9608.154014	9363.366499
 45-49 	16851.958428	8536.924030	8315.034398
 50-54 	14901.080654	7575.782406	7325.298248
 55-59 	13307.408533	6771.311336	6536.097197
 60-64 	11073.482342	5592.150732	5481.331610
 65-69 	7951.719698	3886.713484	4065.006215
 70-74 	5299.861571	2404.278565	2895.583006
 75-79 	3619.319563	1410.998336	2208.321228
 80+ 	4298.720311	1129.944463	3168.775848
Total	225088.317543	112255.467334	112832.850209
2047			
 0-4	9889.220522	5008.488107	4880.732414
 5-9	10484.198925	5309.173271	5175.025653
 10-14 	7364.602577	3727.337058	3637.265519
 15-19 	18192.928588	9207.146515	8985.782073
 20-24 	21544.163033	10930.188242	10613.974791
 25-29 	20999.697918	10678.069531	10321.628387
 30-34 	20346.424437	10344.523373	10001.901064
 35-39 	19750.581884	10026.115403	9724.466481
 40-44 	18972.192916	9607.327064	9364.865852
 45-49 	17239.040867	8721.697493	8517.343374
 50-54 	15038.791841	7625.756078	7413.035763
 55-59 	13465.266972	6828.700884	6636.566088
 60-64 	11370.548338	5721.683980	5648.864359
 65-69 	8317.006759	4059.665037	4257.341722
 70-74 	5485.153920	2498.983642	2986.170278
 75-79 	3657.273779	1445.440598	2211.833181
 80+ 	4312.442833	1151.208926	3161.233907
Total	226429.536108	112891.505204	113538.030904
2048			
 0-4	9851.374024	4989.318517	4862.055507
 5-9	10448.467468	5291.089460	5157.378008
 10-14 	7342.680136	3716.438200	3626.241936
 15-19 	18143.468332	9183.840449	8959.627882
 20-24 	21522.422186	10921.886649	10600.535537
 25-29 	20961.296862	10662.055681	10299.241182
 30-34 	20295.768867	10322.387574	9973.381293
 35-39 	19693.102932	9999.057182	9694.045750
 40-44 	18972.921376	9608.137394	9364.783982
 45-49 	17610.933970	8900.908465	8710.025505
 50-54 	15208.814210	7693.142329	7515.671881
 55-59 	13611.459593	6881.001069	6730.458525
 60-64 	11618.475311	5824.348202	5794.127109
 65-69 	8682.744647	4229.665131	4453.079516
 70-74 	5700.788324	2604.528288	3096.260035
 75-79 	3709.137926	1484.247156	2224.890769
 80+ 	4327.211238	1173.280206	3153.931032
Total	227701.067402	113485.331952	114215.735450
2049			
 0-4	9813.492688	4970.131575	4843.361113
 5-9	10410.338597	5271.789133	5138.549464
 10-14 	7323.275320	3706.729867	3616.545453
 15-19 	18083.562247	9155.115750	8928.446497
 20-24 	21494.823660	10910.467949	10584.355711
 25-29 	20929.725307	10649.378357	10280.346950
 30-34 	20200.938659	10277.726856	9923.211803
 35-39 	19700.236595	10005.484735	9694.751860
 40-44 	18936.688698	9590.650506	9346.038192
 45-49 	17900.466383	9040.861947	8859.604436
 50-54 	15429.401239	7787.213994	7642.187245
 55-59 	13746.368294	6928.387909	6817.980385
 60-64 	11826.238962	5905.656629	5920.582333
 65-69 	9035.991804	4390.548050	4645.443754
 70-74 	5946.226778	2720.681807	3225.544971
 75-79 	3782.026184	1530.774370	2251.251814
 80+ 	4338.754524	1193.444337	3145.310186
Total	228898.555938	114035.043770	114863.512168
2050			
 0-4	9774.893550	4950.581295	4824.312256
 5-9	10370.060126	5251.398708	5118.661418
 10-14 	7299.739367	3694.906698	3604.832669
 15-19 	18018.177176	9123.410877	8894.766299
 20-24 	21458.520776	10894.505535	10564.015241
 25-29 	20901.501233	10638.250067	10263.251166
 30-34 	20144.010681	10252.406559	9891.604122
 35-39 	19636.650525	9976.071448	9660.579077
 40-44 	18920.113262	9583.768328	9336.344934
 45-49 	18092.621062	9133.636168	8958.984894
 50-54 	15713.417053	7914.935846	7798.481207
 55-59 	13869.406266	6970.413036	6898.993230
 60-64 	12000.810009	5970.027863	6030.782147
 65-69 	9364.756818	4536.550695	4828.206123
 70-74 	6217.151134	2845.542495	3371.608639
 75-79 	3869.961302	1577.878572	2292.082730
 80+ 	4356.144855	1219.633847	3136.511008
Total	230007.935197	114533.918036	115474.017161
