Incidence per 1000 by age and sex			
	Workshop_1_Demo		
 	Total	Male	Female
1970			
 0-4	0.000000	0.000000	0.000000
 5-9	0.000000	0.000000	0.000000
 10-14 	0.000000	0.000000	0.000000
 15-19 	0.000000	0.000000	0.000000
 20-24 	0.000000	0.000000	0.000000
 25-29 	0.000000	0.000000	0.000000
 30-34 	0.000000	0.000000	0.000000
 35-39 	0.000000	0.000000	0.000000
 40-44 	0.000000	0.000000	0.000000
 45-49 	0.000000	0.000000	0.000000
 50-54 	0.000000	0.000000	0.000000
 55-59 	0.000000	0.000000	0.000000
 60-64 	0.000000	0.000000	0.000000
 65-69 	0.000000	0.000000	0.000000
 70-74 	0.000000	0.000000	0.000000
 75-79 	0.000000	0.000000	0.000000
 80+ 	0.000000	0.000000	0.000000
Total	0.000000	0.000000	0.000000
1971			
 0-4	0.000000	0.000000	0.000000
 5-9	0.000000	0.000000	0.000000
 10-14 	0.000000	0.000000	0.000000
 15-19 	0.000000	0.000000	0.000000
 20-24 	0.000000	0.000000	0.000000
 25-29 	0.000000	0.000000	0.000000
 30-34 	0.000000	0.000000	0.000000
 35-39 	0.000000	0.000000	0.000000
 40-44 	0.000000	0.000000	0.000000
 45-49 	0.000000	0.000000	0.000000
 50-54 	0.000000	0.000000	0.000000
 55-59 	0.000000	0.000000	0.000000
 60-64 	0.000000	0.000000	0.000000
 65-69 	0.000000	0.000000	0.000000
 70-74 	0.000000	0.000000	0.000000
 75-79 	0.000000	0.000000	0.000000
 80+ 	0.000000	0.000000	0.000000
Total	0.000000	0.000000	0.000000
1972			
 0-4	0.000000	0.000000	0.000000
 5-9	0.000000	0.000000	0.000000
 10-14 	0.000000	0.000000	0.000000
 15-19 	0.000000	0.000000	0.000000
 20-24 	0.000000	0.000000	0.000000
 25-29 	0.000000	0.000000	0.000000
 30-34 	0.000000	0.000000	0.000000
 35-39 	0.000000	0.000000	0.000000
 40-44 	0.000000	0.000000	0.000000
 45-49 	0.000000	0.000000	0.000000
 50-54 	0.000000	0.000000	0.000000
 55-59 	0.000000	0.000000	0.000000
 60-64 	0.000000	0.000000	0.000000
 65-69 	0.000000	0.000000	0.000000
 70-74 	0.000000	0.000000	0.000000
 75-79 	0.000000	0.000000	0.000000
 80+ 	0.000000	0.000000	0.000000
Total	0.000000	0.000000	0.000000
1973			
 0-4	0.000000	0.000000	0.000000
 5-9	0.000000	0.000000	0.000000
 10-14 	0.000000	0.000000	0.000000
 15-19 	0.000000	0.000000	0.000000
 20-24 	0.000000	0.000000	0.000000
 25-29 	0.000000	0.000000	0.000000
 30-34 	0.000000	0.000000	0.000000
 35-39 	0.000000	0.000000	0.000000
 40-44 	0.000000	0.000000	0.000000
 45-49 	0.000000	0.000000	0.000000
 50-54 	0.000000	0.000000	0.000000
 55-59 	0.000000	0.000000	0.000000
 60-64 	0.000000	0.000000	0.000000
 65-69 	0.000000	0.000000	0.000000
 70-74 	0.000000	0.000000	0.000000
 75-79 	0.000000	0.000000	0.000000
 80+ 	0.000000	0.000000	0.000000
Total	0.000000	0.000000	0.000000
1974			
 0-4	0.000000	0.000000	0.000000
 5-9	0.000000	0.000000	0.000000
 10-14 	0.000000	0.000000	0.000000
 15-19 	0.000000	0.000000	0.000000
 20-24 	0.000000	0.000000	0.000000
 25-29 	0.000000	0.000000	0.000000
 30-34 	0.000000	0.000000	0.000000
 35-39 	0.000000	0.000000	0.000000
 40-44 	0.000000	0.000000	0.000000
 45-49 	0.000000	0.000000	0.000000
 50-54 	0.000000	0.000000	0.000000
 55-59 	0.000000	0.000000	0.000000
 60-64 	0.000000	0.000000	0.000000
 65-69 	0.000000	0.000000	0.000000
 70-74 	0.000000	0.000000	0.000000
 75-79 	0.000000	0.000000	0.000000
 80+ 	0.000000	0.000000	0.000000
Total	0.000000	0.000000	0.000000
1975			
 0-4	0.000000	0.000000	0.000000
 5-9	0.000000	0.000000	0.000000
 10-14 	0.000000	0.000000	0.000000
 15-19 	0.000000	0.000000	0.000000
 20-24 	0.000000	0.000000	0.000000
 25-29 	0.000000	0.000000	0.000000
 30-34 	0.000000	0.000000	0.000000
 35-39 	0.000000	0.000000	0.000000
 40-44 	0.000000	0.000000	0.000000
 45-49 	0.000000	0.000000	0.000000
 50-54 	0.000000	0.000000	0.000000
 55-59 	0.000000	0.000000	0.000000
 60-64 	0.000000	0.000000	0.000000
 65-69 	0.000000	0.000000	0.000000
 70-74 	0.000000	0.000000	0.000000
 75-79 	0.000000	0.000000	0.000000
 80+ 	0.000000	0.000000	0.000000
Total	0.000000	0.000000	0.000000
1976			
 0-4	0.000021	0.000021	0.000021
 5-9	0.000000	0.000000	0.000000
 10-14 	0.000000	0.000000	0.000000
 15-19 	0.000228	0.000323	0.000133
 20-24 	0.000682	0.001054	0.000303
 25-29 	0.000832	0.001341	0.000312
 30-34 	0.000800	0.001330	0.000265
 35-39 	0.000681	0.001150	0.000214
 40-44 	0.000540	0.000903	0.000172
 45-49 	0.000407	0.000666	0.000137
 50-54 	0.000292	0.000485	0.000105
 55-59 	0.000220	0.000380	0.000075
 60-64 	0.000189	0.000348	0.000053
 65-69 	0.000177	0.000355	0.000045
 70-74 	0.000167	0.000345	0.000054
 75-79 	0.000090	0.000231	0.000013
 80+ 	0.000000	0.000000	0.000000
Total	0.000303	0.000491	0.000116
1977			
 0-4	0.000043	0.000043	0.000043
 5-9	0.000000	0.000000	0.000000
 10-14 	0.000000	0.000000	0.000000
 15-19 	0.000228	0.000323	0.000132
 20-24 	0.000681	0.001053	0.000303
 25-29 	0.000832	0.001339	0.000311
 30-34 	0.000800	0.001328	0.000264
 35-39 	0.000680	0.001149	0.000213
 40-44 	0.000538	0.000902	0.000172
 45-49 	0.000406	0.000665	0.000137
 50-54 	0.000294	0.000485	0.000105
 55-59 	0.000219	0.000380	0.000075
 60-64 	0.000188	0.000348	0.000053
 65-69 	0.000177	0.000355	0.000045
 70-74 	0.000166	0.000345	0.000054
 75-79 	0.000089	0.000231	0.000013
 80+ 	0.000000	0.000000	0.000000
Total	0.000307	0.000496	0.000120
1978			
 0-4	0.000059	0.000060	0.000059
 5-9	0.000000	0.000000	0.000000
 10-14 	0.000000	0.000000	0.000000
 15-19 	0.000228	0.000322	0.000132
 20-24 	0.000680	0.001052	0.000303
 25-29 	0.000830	0.001338	0.000311
 30-34 	0.000800	0.001327	0.000264
 35-39 	0.000680	0.001148	0.000213
 40-44 	0.000535	0.000901	0.000171
 45-49 	0.000404	0.000664	0.000137
 50-54 	0.000294	0.000484	0.000105
 55-59 	0.000219	0.000379	0.000075
 60-64 	0.000188	0.000347	0.000052
 65-69 	0.000178	0.000354	0.000045
 70-74 	0.000166	0.000344	0.000054
 75-79 	0.000088	0.000231	0.000013
 80+ 	0.000000	0.000000	0.000000
Total	0.000310	0.000500	0.000123
1979			
 0-4	0.000090	0.000090	0.000089
 5-9	0.000000	0.000000	0.000000
 10-14 	0.000000	0.000000	0.000000
 15-19 	0.000275	0.000347	0.000202
 20-24 	0.000801	0.001135	0.000463
 25-29 	0.000964	0.001443	0.000476
 30-34 	0.000923	0.001431	0.000404
 35-39 	0.000782	0.001238	0.000326
 40-44 	0.000615	0.000972	0.000262
 45-49 	0.000464	0.000716	0.000210
 50-54 	0.000342	0.000522	0.000161
 55-59 	0.000255	0.000409	0.000114
 60-64 	0.000215	0.000375	0.000080
 65-69 	0.000204	0.000382	0.000069
 70-74 	0.000194	0.000371	0.000083
 75-79 	0.000099	0.000249	0.000020
 80+ 	0.000000	0.000000	0.000000
Total	0.000366	0.000545	0.000188
1980			
 0-4	0.000121	0.000122	0.000120
 5-9	0.000000	0.000000	0.000000
 10-14 	0.000000	0.000000	0.000000
 15-19 	0.000283	0.000322	0.000243
 20-24 	0.000807	0.001054	0.000558
 25-29 	0.000960	0.001339	0.000572
 30-34 	0.000913	0.001328	0.000487
 35-39 	0.000771	0.001149	0.000392
 40-44 	0.000607	0.000903	0.000316
 45-49 	0.000459	0.000665	0.000252
 50-54 	0.000339	0.000484	0.000193
 55-59 	0.000253	0.000380	0.000138
 60-64 	0.000211	0.000348	0.000096
 65-69 	0.000200	0.000355	0.000083
 70-74 	0.000194	0.000345	0.000100
 75-79 	0.000096	0.000232	0.000024
 80+ 	0.000000	0.000000	0.000000
Total	0.000371	0.000514	0.000229
1981			
 0-4	0.000179	0.000181	0.000178
 5-9	0.000000	0.000000	0.000000
 10-14 	0.000000	0.000000	0.000000
 15-19 	0.000412	0.000432	0.000393
 20-24 	0.001161	0.001415	0.000903
 25-29 	0.001367	0.001798	0.000927
 30-34 	0.001292	0.001783	0.000788
 35-39 	0.001090	0.001542	0.000635
 40-44 	0.000859	0.001212	0.000511
 45-49 	0.000650	0.000892	0.000409
 50-54 	0.000482	0.000650	0.000313
 55-59 	0.000361	0.000510	0.000223
 60-64 	0.000298	0.000467	0.000156
 65-69 	0.000282	0.000476	0.000135
 70-74 	0.000277	0.000462	0.000161
 75-79 	0.000133	0.000312	0.000039
 80+ 	0.000000	0.000000	0.000000
Total	0.000532	0.000696	0.000369
1982			
 0-4	0.000284	0.000286	0.000282
 5-9	0.000000	0.000000	0.000000
 10-14 	0.000000	0.000000	0.000000
 15-19 	0.000672	0.000651	0.000694
 20-24 	0.001868	0.002136	0.001597
 25-29 	0.002181	0.002714	0.001638
 30-34 	0.002051	0.002692	0.001394
 35-39 	0.001729	0.002326	0.001122
 40-44 	0.001364	0.001830	0.000904
 45-49 	0.001032	0.001346	0.000722
 50-54 	0.000767	0.000980	0.000554
 55-59 	0.000576	0.000771	0.000394
 60-64 	0.000471	0.000704	0.000276
 65-69 	0.000445	0.000719	0.000239
 70-74 	0.000445	0.000698	0.000284
 75-79 	0.000207	0.000472	0.000070
 80+ 	0.000000	0.000000	0.000000
Total	0.000853	0.001058	0.000650
1983			
 0-4	0.000528	0.000532	0.000525
 5-9	0.000000	0.000000	0.000000
 10-14 	0.000000	0.000000	0.000000
 15-19 	0.001407	0.001278	0.001538
 20-24 	0.003873	0.004197	0.003544
 25-29 	0.004492	0.005334	0.003636
 30-34 	0.004206	0.005290	0.003094
 35-39 	0.003542	0.004572	0.002491
 40-44 	0.002798	0.003596	0.002006
 45-49 	0.002119	0.002646	0.001604
 50-54 	0.001576	0.001926	0.001229
 55-59 	0.001187	0.001514	0.000875
 60-64 	0.000965	0.001384	0.000612
 65-69 	0.000909	0.001413	0.000530
 70-74 	0.000920	0.001371	0.000631
 75-79 	0.000417	0.000927	0.000154
 80+ 	0.000000	0.000000	0.000000
Total	0.001758	0.002086	0.001435
1984			
 0-4	0.001155	0.001162	0.001148
 5-9	0.000000	0.000000	0.000000
 10-14 	0.000000	0.000000	0.000000
 15-19 	0.003384	0.002872	0.003898
 20-24 	0.009211	0.009431	0.008987
 25-29 	0.010614	0.011988	0.009220
 30-34 	0.009890	0.011889	0.007844
 35-39 	0.008321	0.010279	0.006320
 40-44 	0.006579	0.008081	0.005086
 45-49 	0.004996	0.005949	0.004068
 50-54 	0.003717	0.004329	0.003117
 55-59 	0.002799	0.003402	0.002219
 60-64 	0.002267	0.003111	0.001554
 65-69 	0.002129	0.003175	0.001343
 70-74 	0.002182	0.003083	0.001600
 75-79 	0.000962	0.002081	0.000387
 80+ 	0.000000	0.000000	0.000000
Total	0.004162	0.004703	0.003627
1985			
 0-4	0.002816	0.002833	0.002799
 5-9	0.000000	0.000000	0.000000
 10-14 	0.000000	0.000000	0.000000
 15-19 	0.008684	0.007017	0.010346
 20-24 	0.023383	0.022958	0.023814
 25-29 	0.026829	0.029194	0.024437
 30-34 	0.024908	0.028947	0.020785
 35-39 	0.020947	0.025043	0.016762
 40-44 	0.016569	0.019673	0.013479
 45-49 	0.012608	0.014493	0.010783
 50-54 	0.009382	0.010540	0.008260
 55-59 	0.007060	0.008283	0.005885
 60-64 	0.005708	0.007577	0.004119
 65-69 	0.005347	0.007732	0.003562
 70-74 	0.005531	0.007508	0.004247
 75-79 	0.002386	0.005059	0.001010
 80+ 	0.000000	0.000000	0.000000
Total	0.010552	0.011497	0.009620
1986			
 0-4	0.007240	0.007283	0.007195
 5-9	0.000000	0.000000	0.000000
 10-14 	0.000000	0.000000	0.000000
 15-19 	0.022583	0.017387	0.027749
 20-24 	0.060191	0.056759	0.063651
 25-29 	0.068781	0.072212	0.065327
 30-34 	0.063631	0.071587	0.055557
 35-39 	0.053481	0.061965	0.044841
 40-44 	0.042323	0.048646	0.036030
 45-49 	0.032283	0.035865	0.028833
 50-54 	0.024027	0.026064	0.022079
 55-59 	0.018056	0.020481	0.015742
 60-64 	0.014583	0.018740	0.011015
 65-69 	0.013631	0.019126	0.009528
 70-74 	0.014208	0.018573	0.011375
 75-79 	0.006020	0.012497	0.002672
 80+ 	0.000000	0.000000	0.000000
Total	0.027175	0.028573	0.025799
1987			
 0-4	0.018700	0.018811	0.018588
 5-9	0.000000	0.000000	0.000000
 10-14 	0.000000	0.000000	0.000000
 15-19 	0.057406	0.042189	0.072499
 20-24 	0.151749	0.137640	0.165906
 25-29 	0.172762	0.175199	0.170321
 30-34 	0.159305	0.173667	0.144834
 35-39 	0.133763	0.150362	0.116941
 40-44 	0.105932	0.118001	0.093926
 45-49 	0.080988	0.087038	0.075180
 50-54 	0.060309	0.063225	0.057553
 55-59 	0.045242	0.049681	0.041049
 60-64 	0.036498	0.045463	0.028720
 65-69 	0.034055	0.046400	0.024849
 70-74 	0.035728	0.045060	0.029688
 75-79 	0.014940	0.030299	0.006932
 80+ 	0.000000	0.000000	0.000000
Total	0.068643	0.069721	0.067585
1988			
 0-4	0.047014	0.047286	0.046739
 5-9	0.000000	0.000000	0.000000
 10-14 	0.000000	0.000000	0.000000
 15-19 	0.140247	0.099072	0.181045
 20-24 	0.368827	0.323649	0.413945
 25-29 	0.418618	0.412121	0.425109
 30-34 	0.384996	0.408512	0.361439
 35-39 	0.322884	0.353668	0.291817
 40-44 	0.255953	0.277590	0.234425
 45-49 	0.195992	0.204732	0.187607
 50-54 	0.146083	0.148717	0.143617
 55-59 	0.109389	0.116842	0.102428
 60-64 	0.088154	0.106925	0.071674
 65-69 	0.082150	0.109130	0.062010
 70-74 	0.086577	0.105970	0.074083
 75-79 	0.035950	0.071282	0.017339
 80+ 	0.000000	0.000000	0.000000
Total	0.167420	0.165138	0.169657
1989			
 0-4	0.112568	0.113201	0.111925
 5-9	0.000000	0.000000	0.000000
 10-14 	0.000000	0.000000	0.000000
 15-19 	0.323697	0.221462	0.425129
 20-24 	0.849236	0.725108	0.972712
 25-29 	0.961200	0.923232	0.999107
 30-34 	0.882135	0.915155	0.849188
 35-39 	0.738921	0.792044	0.685461
 40-44 	0.586466	0.622042	0.551000
 45-49 	0.449383	0.458446	0.440664
 50-54 	0.335368	0.333177	0.337408
 55-59 	0.250682	0.261649	0.240546
 60-64 	0.201757	0.239451	0.168402
 65-69 	0.187962	0.244378	0.145641
 70-74 	0.198657	0.237253	0.173890
 75-79 	0.082288	0.159776	0.041137
 80+ 	0.000000	0.000000	0.000000
Total	0.387245	0.372924	0.401263
1990			
 0-4	0.253849	0.255257	0.252420
 5-9	0.000000	0.000000	0.000000
 10-14 	0.000000	0.000000	0.000000
 15-19 	0.697046	0.464858	0.928282
 20-24 	1.825229	1.520256	2.126249
 25-29 	2.058353	1.933150	2.182923
 30-34 	1.885160	1.916191	1.854377
 35-39 	1.577076	1.657715	1.496455
 40-44 	1.253286	1.302886	1.203895
 45-49 	0.960459	0.959075	0.961795
 50-54 	0.717770	0.697507	0.736633
 55-59 	0.535676	0.547433	0.524869
 60-64 	0.430481	0.501024	0.367694
 65-69 	0.401403	0.511307	0.317821
 70-74 	0.424998	0.496271	0.379116
 75-79 	0.175929	0.334688	0.090903
 80+ 	0.000000	0.000000	0.000000
Total	0.836728	0.788236	0.884140
1991			
 0-4	0.536827	0.539773	0.533834
 5-9	0.000000	0.000000	0.000000
 10-14 	0.000000	0.000000	0.000000
 15-19 	1.396374	0.905359	1.885715
 20-24 	3.644768	2.958016	4.321413
 25-29 	4.098470	3.761236	4.432914
 30-34 	3.745818	3.728161	3.763248
 35-39 	3.129220	3.223626	3.035544
 40-44 	2.488960	2.534843	2.443438
 45-49 	1.907447	1.863559	1.949973
 50-54 	1.427244	1.356045	1.493696
 55-59 	1.063666	1.063688	1.063646
 60-64 	0.853005	0.973551	0.745497
 65-69 	0.796490	0.993483	0.644008
 70-74 	0.844663	0.964012	0.767324
 75-79 	0.348677	0.650830	0.185711
 80+ 	0.000000	0.000000	0.000000
Total	1.681404	1.549112	1.810608
1992			
 0-4	1.052754	1.058492	1.046925
 5-9	0.000000	0.000000	0.000000
 10-14 	0.000000	0.000000	0.000000
 15-19 	2.558498	1.622327	3.493084
 20-24 	6.668652	5.301087	8.017110
 25-29 	7.488026	6.745477	8.222588
 30-34 	6.831962	6.686249	6.975273
 35-39 	5.699618	5.778092	5.622386
 40-44 	4.533919	4.542752	4.525218
 45-49 	3.474465	3.336185	3.608461
 50-54 	2.601408	2.427833	2.763688
 55-59 	1.936729	1.903626	1.966867
 60-64 	1.549771	1.742251	1.378687
 65-69 	1.449587	1.777896	1.190448
 70-74 	1.538968	1.724893	1.417496
 75-79 	0.632528	1.164879	0.344113
 80+ 	0.000000	0.000000	0.000000
Total	3.097631	2.804872	3.383227
1993			
 0-4	1.896970	1.907190	1.886586
 5-9	0.000000	0.000000	0.000000
 10-14 	0.000000	0.000000	0.000000
 15-19 	4.260793	2.655155	5.868659
 20-24 	11.111527	8.691015	13.511680
 25-29 	12.474167	11.073202	13.862413
 30-34 	11.365881	10.976426	11.748822
 35-39 	9.468890	9.478809	9.459210
 40-44 	7.527816	7.445756	7.607660
 45-49 	5.770512	5.464811	6.064473
 50-54 	4.319737	3.974270	4.641353
 55-59 	3.213601	3.115708	3.301835
 60-64 	2.565171	2.851077	2.313555
 65-69 	2.403108	2.909513	1.997016
 70-74 	2.555038	2.822865	2.378390
 75-79 	1.043177	1.904682	0.575181
 80+ 	0.000000	0.000000	0.000000
Total	5.192298	4.641712	5.728799
1994			
 0-4	3.118432	3.134842	3.101754
 5-9	0.000000	0.000000	0.000000
 10-14 	0.000000	0.000000	0.000000
 15-19 	6.415201	3.925035	8.919999
 20-24 	16.752047	12.888737	20.633197
 25-29 	18.813131	16.445471	21.180756
 30-34 	17.120907	16.301779	17.931033
 35-39 	14.241639	14.064706	14.412946
 40-44 	11.312432	11.033222	11.579268
 45-49 	8.680516	8.096939	9.231476
 50-54 	6.492900	5.880189	7.055585
 55-59 	4.826708	4.610559	5.018430
 60-64 	3.840326	4.217585	3.513655
 65-69 	3.600306	4.304319	3.031890
 70-74 	3.839029	4.177030	3.613857
 75-79 	1.552665	2.812242	0.865974
 80+ 	0.000000	0.000000	0.000000
Total	7.858968	6.938924	8.754729
1995			
 0-4	4.676612	4.701678	4.651142
 5-9	0.000000	0.000000	0.000000
 10-14 	0.000000	0.000000	0.000000
 15-19 	8.732239	5.268499	12.233703
 20-24 	22.848689	17.378562	28.453318
 25-29 	25.681693	22.195492	29.223628
 30-34 	23.352563	21.997805	24.710506
 35-39 	19.399570	18.959139	19.824265
 40-44 	15.397114	14.851032	15.909693
 45-49 	11.830439	10.901035	12.687459
 50-54 	8.838198	7.902220	9.680571
 55-59 	6.565319	6.197619	6.884994
 60-64 	5.206804	5.667290	4.816223
 65-69 	4.880687	5.784259	4.154046
 70-74 	5.222216	5.615095	4.957345
 75-79 	2.097117	3.770621	1.176779
 80+ 	0.000000	0.000000	0.000000
Total	10.742438	9.412617	12.037205
1996			
 0-4	6.436535	6.471743	6.400768
 5-9	0.000000	0.000000	0.000000
 10-14 	0.000000	0.000000	0.000000
 15-19 	10.770374	6.409940	15.201686
 20-24 	28.215676	21.213843	35.533184
 25-29 	31.710851	27.120420	36.510993
 30-34 	28.837934	26.880504	30.841699
 35-39 	23.935658	23.145262	24.697399
 40-44 	18.989091	18.105988	19.802651
 45-49 	14.612436	13.293832	15.795529
 50-54 	10.906657	9.621512	12.034813
 55-59 	8.094692	7.548071	8.559237
 60-64 	6.398397	6.900175	5.982815
 65-69 	5.991864	7.042904	5.157254
 70-74 	6.437673	6.839396	6.163704
 75-79 	2.571620	4.581826	1.454828
 80+ 	0.000000	0.000000	0.000000
Total	13.282432	11.565241	14.955704
1997			
 0-4	8.225715	8.271719	8.178990
 5-9	0.000000	0.000000	0.000000
 10-14 	0.000000	0.000000	0.000000
 15-19 	12.159439	7.181744	17.242007
 20-24 	31.848322	23.803054	40.426647
 25-29 	35.801807	30.459617	41.572806
 30-34 	32.582286	30.195313	35.091399
 35-39 	27.038448	25.982546	28.060818
 40-44 	21.449278	20.305443	22.485561
 45-49 	16.524050	14.909158	17.935355
 50-54 	12.329874	10.780699	13.655220
 55-59 	9.143317	8.459095	9.711678
 60-64 	7.208139	7.731806	6.785321
 65-69 	6.741848	7.891828	5.845951
 70-74 	7.269242	7.665411	6.996117
 75-79 	2.900250	5.128777	1.650316
 80+ 	0.000000	0.000000	0.000000
Total	15.034700	13.079387	16.942357
1998			
 0-4	9.921199	9.977712	9.863804
 5-9	0.000000	0.000000	0.000000
 10-14 	0.000000	0.000000	0.000000
 15-19 	12.788149	7.506595	18.199369
 20-24 	33.429275	24.867997	42.708356
 25-29 	37.583300	31.849325	43.965747
 30-34 	34.231670	31.579355	37.096258
 35-39 	28.416006	27.166427	29.638751
 40-44 	22.548289	21.217709	23.739950
 45-49 	17.384592	15.575778	18.933050
 50-54 	12.980420	11.263070	14.416862
 55-59 	9.616078	8.836877	10.250550
 60-64 	7.565541	8.077489	7.162051
 65-69 	7.066283	8.244600	6.168574
 70-74 	7.641653	8.007673	7.387775
 75-79 	3.048438	5.356891	1.744097
 80+ 	0.000000	0.000000	0.000000
Total	15.867382	13.809283	17.877738
1999			
 0-4	11.445674	11.511569	11.378751
 5-9	0.000000	0.000000	0.000000
 10-14 	0.000000	0.000000	0.000000
 15-19 	12.759850	7.455177	18.204207
 20-24 	33.253035	24.648383	42.675770
 25-29 	37.379891	31.588012	43.977850
 30-34 	34.068760	31.323759	37.100824
 35-39 	28.296608	26.949636	29.635257
 40-44 	22.461415	21.040877	23.727942
 45-49 	17.328397	15.441744	18.922339
 50-54 	12.957140	11.176348	14.421282
 55-59 	9.587135	8.764738	10.246382
 60-64 	7.533494	8.013553	7.162884
 65-69 	7.027153	8.179316	6.169012
 70-74 	7.615435	7.942196	7.389574
 75-79 	3.032142	5.316272	1.741263
 80+ 	0.000000	0.000000	0.000000
Total	15.921592	13.874483	17.922696
2000			
 0-4	12.738481	12.810294	12.665524
 5-9	0.000000	0.000000	0.000000
 10-14 	0.000000	0.000000	0.000000
 15-19 	12.277888	7.186739	17.506363
 20-24 	31.903419	23.689690	40.942423
 25-29 	35.865848	30.372073	42.221629
 30-34 	32.709996	30.113074	35.617724
 35-39 	27.184245	25.920024	28.462849
 40-44 	21.577679	20.231986	22.779551
 45-49 	16.652854	14.844983	18.169143
 50-54 	12.472647	10.759350	13.864540
 55-59 	9.218151	8.431732	9.841181
 60-64 	7.242041	7.711860	6.885389
 65-69 	6.749075	7.871526	5.931265
 70-74 	7.321576	7.640390	7.104146
 75-79 	2.907296	5.112787	1.663220
 80+ 	0.000000	0.000000	0.000000
Total	15.461803	13.546810	17.333805
2001			
 0-4	13.780561	13.857810	13.702072
 5-9	0.000000	0.000000	0.000000
 10-14 	0.000000	0.000000	0.000000
 15-19 	11.582233	6.793970	16.495950
 20-24 	30.005059	22.318796	38.463589
 25-29 	33.731054	28.613229	39.674890
 30-34 	30.760324	28.368316	33.470399
 35-39 	25.583988	24.430476	26.772391
 40-44 	20.303545	19.067713	21.417137
 45-49 	15.674721	13.988617	17.086614
 50-54 	11.757892	10.152264	13.053510
 55-59 	8.682531	7.950925	9.257428
 60-64 	6.822028	7.274777	6.482656
 65-69 	6.352460	7.425673	5.586776
 70-74 	6.896143	7.204882	6.689658
 75-79 	2.724307	4.816232	1.551309
 80+ 	0.000000	0.000000	0.000000
Total	14.751951	12.990447	16.473124
2002			
 0-4	14.539575	14.621508	14.456328
 5-9	0.000000	0.000000	0.000000
 10-14 	0.000000	0.000000	0.000000
 15-19 	10.842578	6.372676	15.421963
 20-24 	28.006787	20.864017	35.847797
 25-29 	31.475115	26.735731	36.977176
 30-34 	28.701166	26.509548	31.203716
 35-39 	23.884473	22.840113	24.979630
 40-44 	18.950566	17.828333	19.976063
 45-49 	14.635196	13.078370	15.940123
 50-54 	10.989030	9.499777	12.186088
 55-59 	8.112280	7.437602	8.638776
 60-64 	6.374736	6.807184	6.053706
 65-69 	5.931134	6.948631	5.219546
 70-74 	6.442171	6.740347	6.247052
 75-79 	2.531312	4.498467	1.435012
 80+ 	0.000000	0.000000	0.000000
Total	13.980136	12.366706	15.555437
2003			
 0-4	14.768316	14.852206	14.683093
 5-9	0.000000	0.000000	0.000000
 10-14 	0.000000	0.000000	0.000000
 15-19 	10.198915	6.003459	14.487771
 20-24 	26.267047	19.590884	33.572525
 25-29 	29.503673	25.084543	34.625314
 30-34 	26.904416	24.878311	29.232818
 35-39 	22.396365	21.441063	23.413783
 40-44 	17.766415	16.740162	18.719907
 45-49 	13.724253	12.278842	14.937674
 50-54 	10.310197	8.921840	11.422670
 55-59 	7.614061	6.986549	8.100088
 60-64 	5.981436	6.395035	5.677038
 65-69 	5.560980	6.528061	4.897226
 70-74 	6.042806	6.331403	5.857926
 75-79 	2.365050	4.218491	1.338137
 80+ 	0.000000	0.000000	0.000000
Total	13.268393	11.778501	14.721716
2004			
 0-4	14.603453	14.687201	14.518391
 5-9	0.000000	0.000000	0.000000
 10-14 	0.000000	0.000000	0.000000
 15-19 	9.694398	5.713101	13.754581
 20-24 	24.894814	18.584987	31.774748
 25-29 	27.941284	23.772660	32.761966
 30-34 	25.481724	23.583982	27.676112
 35-39 	21.213453	20.326710	22.169512
 40-44 	16.826608	15.876285	17.724948
 45-49 	12.998173	11.642217	14.139009
 50-54 	9.767891	8.459333	10.813076
 55-59 	7.220672	6.629026	7.675225
 60-64 	5.667372	6.066825	5.376020
 65-69 	5.265806	6.193032	4.640392
 70-74 	5.723713	6.005221	5.546878
 75-79 	2.235315	3.996168	1.266838
 80+ 	0.000000	0.000000	0.000000
Total	12.674636	11.281746	14.031808
2005			
 0-4	14.250172	14.332935	14.166135
 5-9	0.000000	0.000000	0.000000
 10-14 	0.000000	0.000000	0.000000
 15-19 	9.328754	5.502526	13.221990
 20-24 	23.896346	17.853766	30.459272
 25-29 	26.795880	22.811252	31.392053
 30-34 	24.433828	22.631777	26.532879
 35-39 	20.339285	19.502149	21.248353
 40-44 	16.136590	15.243506	16.994239
 45-49 	12.461068	11.173209	13.547330
 50-54 	9.368320	8.118112	10.362571
 55-59 	6.933792	6.367735	7.364873
 60-64 	5.434932	5.825760	5.152817
 65-69 	5.047544	5.946827	4.450712
 70-74 	5.486830	5.764391	5.315583
 75-79 	2.140655	3.833831	1.218077
 80+ 	0.000000	0.000000	0.000000
Total	12.220590	10.901019	13.504348
2006			
 0-4	13.827790	13.908918	13.745437
 5-9	0.000000	0.000000	0.000000
 10-14 	0.000000	0.000000	0.000000
 15-19 	9.098054	5.366752	12.888379
 20-24 	23.271943	17.389800	29.635058
 25-29 	26.067069	22.192172	30.524886
 30-34 	23.766909	22.019426	25.808788
 35-39 	19.777614	18.973663	20.660005
 40-44 	15.696345	14.837134	16.533998
 45-49 	12.115011	10.869793	13.169788
 50-54 	9.113424	7.896884	10.076087
 55-59 	6.752086	6.199579	7.169284
 60-64 	5.285183	5.670173	5.010355
 65-69 	4.906468	5.787789	4.330065
 70-74 	5.333263	5.607861	5.166756
 75-79 	2.080183	3.730877	1.189575
 80+ 	0.000000	0.000000	0.000000
Total	11.916598	10.644621	13.152216
2007			
 0-4	12.594441	12.667246	12.520556
 5-9	0.000000	0.000000	0.000000
 10-14 	0.000000	0.000000	0.000000
 15-19 	8.954841	5.279968	12.684975
 20-24 	22.912089	17.117862	29.154421
 25-29 	25.634639	21.820562	30.009147
 30-34 	23.371349	21.652371	25.385260
 35-39 	19.444013	18.658771	20.314939
 40-44 	15.433583	14.594575	16.263709
 45-49 	11.905573	10.687577	12.944681
 50-54 	8.962128	7.763584	9.905697
 55-59 	6.643422	6.098055	7.052175
 60-64 	5.194653	5.576431	4.925161
 65-69 	4.820722	5.691941	4.258157
 70-74 	5.239896	5.512930	5.077174
 75-79 	2.042832	3.670934	1.173677
 80+ 	0.000000	0.000000	0.000000
Total	11.629757	10.386662	12.835788
2008			
 0-4	12.247664	12.318514	12.175771
 5-9	0.000000	0.000000	0.000000
 10-14 	0.000000	0.000000	0.000000
 15-19 	8.906298	5.246937	12.621699
 20-24 	22.828955	17.046733	29.033707
 25-29 	25.512125	21.707079	29.860830
 30-34 	23.258451	21.540883	25.274423
 35-39 	19.347881	18.566530	20.224159
 40-44 	15.355045	14.522590	16.191695
 45-49 	11.838105	10.632004	12.879353
 50-54 	8.916891	7.721346	9.854953
 55-59 	6.610769	6.065964	7.016868
 60-64 	5.166734	5.547427	4.900725
 65-69 	4.792874	5.662269	4.237594
 70-74 	5.210384	5.483098	5.050673
 75-79 	2.027490	3.653538	1.169865
 80+ 	0.000000	0.000000	0.000000
Total	11.558514	10.330886	12.748733
2009			
 0-4	8.152905	8.195421	8.109760
 5-9	0.000000	0.000000	0.000000
 10-14 	0.000000	0.000000	0.000000
 15-19 	8.938107	5.261353	12.675553
 20-24 	22.957533	17.129515	29.190027
 25-29 	25.627552	21.791854	29.994726
 30-34 	23.361572	21.624883	25.401685
 35-39 	19.432958	18.643665	20.329137
 40-44 	15.415489	14.578909	16.270776
 45-49 	11.878376	10.673751	12.937216
 50-54 	8.949994	7.747969	9.893920
 55-59 	6.636351	6.087077	7.044570
 60-64 	5.187607	5.568208	4.923760
 65-69 	4.809730	5.683508	4.256919
 70-74 	5.230823	5.504075	5.073592
 75-79 	2.026945	3.666727	1.174456
 80+ 	0.000000	0.000000	0.000000
Total	11.151732	9.915743	12.350381
2010			
 0-4	6.481601	6.511297	6.451430
 5-9	0.000000	0.000000	0.000000
 10-14 	0.000000	0.000000	0.000000
 15-19 	8.924151	5.249053	12.666830
 20-24 	22.949525	17.105066	29.185544
 25-29 	25.597582	21.747053	29.966468
 30-34 	23.331169	21.578318	25.389389
 35-39 	19.404001	18.602676	20.326948
 40-44 	15.382897	14.540356	16.260793
 45-49 	11.848599	10.653636	12.929411
 50-54 	8.926987	7.728056	9.877455
 55-59 	6.623643	6.071741	7.034298
 60-64 	5.181357	5.556250	4.922336
 65-69 	4.801101	5.671449	4.254911
 70-74 	5.225315	5.494682	5.073077
 75-79 	2.013014	3.656564	1.173413
 80+ 	0.000000	0.000000	0.000000
Total	10.958330	9.727344	12.154720
2011			
 0-4	5.668227	5.693274	5.642765
 5-9	0.000000	0.000000	0.000000
 10-14 	0.000000	0.000000	0.000000
 15-19 	8.663707	5.100474	12.298655
 20-24 	22.281235	16.609257	28.321146
 25-29 	24.844585	21.111219	29.062913
 30-34 	22.642452	20.943711	24.634139
 35-39 	18.833187	18.059781	19.731787
 40-44 	14.920403	14.115082	15.778095
 45-49 	11.489420	10.348019	12.552698
 50-54 	8.652302	7.501328	9.577742
 55-59 	6.426430	5.893972	6.823358
 60-64 	5.031382	5.395445	4.780307
 65-69 	4.660610	5.507635	4.132474
 70-74 	5.075753	5.338958	4.929317
 75-79 	1.940659	3.547336	1.137226
 80+ 	0.000000	0.000000	0.000000
Total	10.571299	9.393698	11.718142
2012			
 0-4	5.012062	5.033302	4.990460
 5-9	0.000000	0.000000	0.000000
 10-14 	0.000000	0.000000	0.000000
 15-19 	8.061293	4.748978	11.444236
 20-24 	20.723055	15.448671	26.331107
 25-29 	23.110236	19.639070	27.014326
 30-34 	21.059116	19.478633	22.907283
 35-39 	17.524195	16.804804	18.365907
 40-44 	13.878719	13.137804	14.684404
 45-49 	10.684366	9.636664	11.689309
 50-54 	8.041455	6.982392	8.909336
 55-59 	5.980558	5.486526	6.349839
 60-64 	4.685484	5.023737	4.452241
 65-69 	4.339711	5.128511	3.850354
 70-74 	4.729138	4.973936	4.594641
 75-79 	1.793981	3.300576	1.058086
 80+ 	0.000000	0.000000	0.000000
Total	9.809271	8.729371	10.863086
2013			
 0-4	2.785894	2.798497	2.773072
 5-9	0.000000	0.000000	0.000000
 10-14 	0.000000	0.000000	0.000000
 15-19 	6.921901	4.079766	9.824742
 20-24 	17.793360	13.271261	22.592533
 25-29 	19.848110	16.873263	23.175474
 30-34 	18.085352	16.730963	19.663048
 35-39 	15.062082	14.445252	15.786898
 40-44 	11.930340	11.301168	12.627381
 45-49 	9.181647	8.293545	10.057303
 50-54 	6.907026	6.008722	7.660560
 55-59 	5.144081	4.721521	5.461169
 60-64 	4.032721	4.324192	3.831499
 65-69 	3.735371	4.414513	3.315668
 70-74 	4.071863	4.282698	3.957103
 75-79 	1.535717	2.841803	0.912301
 80+ 	0.000000	0.000000	0.000000
Total	8.268623	7.350064	9.166557
2014			
 0-4	6.884365	6.912223	6.856009
 5-9	0.000000	0.000000	0.000000
 10-14 	0.000000	0.000000	0.000000
 15-19 	5.825597	3.432873	8.267435
 20-24 	14.999000	11.191970	19.029721
 25-29 	16.731308	14.227206	19.514541
 30-34 	15.243076	14.103114	16.564518
 35-39 	12.705339	12.185322	13.317473
 40-44 	10.066771	9.540738	10.659434
 45-49 	7.743187	7.002634	8.491641
 50-54 	5.822587	5.075062	6.466560
 55-59 	4.341090	3.987186	4.608328
 60-64 	3.405758	3.652470	3.235087
 65-69 	3.155115	3.728742	2.801522
 70-74 	3.439013	3.617510	3.342555
 75-79 	1.293725	2.404361	0.774526
 80+ 	0.000000	0.000000	0.000000
Total	7.480640	6.725397	8.220010
2015			
 0-4	6.637218	6.663416	6.610543
 5-9	0.000000	0.000000	0.000000
 10-14 	0.000000	0.000000	0.000000
 15-19 	4.682809	2.757788	6.644187
 20-24 	12.088023	9.025050	15.320195
 25-29 	13.479184	11.464804	15.702394
 30-34 	12.278096	11.361733	13.334017
 35-39 	10.241680	9.823173	10.734031
 40-44 	8.116156	7.694533	8.598850
 45-49 	6.239422	5.647501	6.849704
 50-54 	4.691680	4.097592	5.218261
 55-59 	3.500191	3.218213	3.715219
 60-64 	2.748920	2.948830	2.610267
 65-69 	2.546982	3.010291	2.261703
 70-74 	2.774543	2.919942	2.696422
 75-79 	1.044531	1.946822	0.629964
 80+ 	0.000000	0.000000	0.000000
Total	6.157382	5.554745	6.748038
2016			
 0-4	6.394440	6.418725	6.369701
 5-9	0.000000	0.000000	0.000000
 10-14 	0.000000	0.000000	0.000000
 15-19 	3.793652	2.232027	5.381793
 20-24 	9.820578	7.334720	12.433275
 25-29 	10.945302	9.309886	12.737249
 30-34 	9.967448	9.224191	10.818072
 35-39 	8.318405	7.978631	8.717157
 40-44 	6.594495	6.253762	6.988168
 45-49 	5.065294	4.590806	5.565468
 50-54 	3.809175	3.333187	4.243546
 55-59 	2.842541	2.616722	3.017199
 60-64 	2.235120	2.398213	2.121661
 65-69 	2.071091	2.448075	1.838894
 70-74 	2.254023	2.373794	2.189958
 75-79 	0.850705	1.588519	0.516297
 80+ 	0.000000	0.000000	0.000000
Total	5.118510	4.631586	5.596216
2017			
 0-4	6.155639	6.178044	6.132806
 5-9	0.000000	0.000000	0.000000
 10-14 	0.000000	0.000000	0.000000
 15-19 	3.158249	1.856752	4.479565
 20-24 	8.188681	6.116580	10.356689
 25-29 	9.123948	7.759774	10.608154
 30-34 	8.306273	7.687255	9.009349
 35-39 	6.933698	6.650774	7.264456
 40-44 	5.499915	5.217146	5.828704
 45-49 	4.221363	3.830763	4.641474
 50-54 	3.173862	2.782375	3.541499
 55-59 	2.368590	2.183342	2.514605
 60-64 	1.864723	2.001242	1.769420
 65-69 	1.728140	2.042786	1.534000
 70-74 	1.878752	1.980094	1.824726
 75-79 	0.710818	1.329157	0.433346
 80+ 	0.000000	0.000000	0.000000
Total	4.363202	3.957591	4.761472
2018			
 0-4	5.930971	5.951637	5.909900
 5-9	0.000000	0.000000	0.000000
 10-14 	0.000000	0.000000	0.000000
 15-19 	2.759559	1.621964	3.912918
 20-24 	7.149383	5.339225	9.034397
 25-29 	7.967491	6.774896	9.256390
 30-34 	7.250932	6.710803	7.859420
 35-39 	6.052918	5.806323	6.339798
 40-44 	4.804544	4.558612	5.091584
 45-49 	3.685553	3.348396	4.054811
 50-54 	2.769463	2.432032	3.095050
 55-59 	2.066801	1.907742	2.195138
 60-64 	1.628876	1.748601	1.544907
 65-69 	1.510105	1.784927	1.340045
 70-74 	1.640095	1.729741	1.592405
 75-79 	0.620629	1.162916	0.379003
 80+ 	0.000000	0.000000	0.000000
Total	3.876559	3.520960	4.225998
2019			
 0-4	5.686430	5.705314	5.667166
 5-9	0.000000	0.000000	0.000000
 10-14 	0.000000	0.000000	0.000000
 15-19 	2.482394	1.459747	3.518166
 20-24 	6.408080	4.783661	8.091958
 25-29 	7.145715	6.075183	8.295454
 30-34 	6.500805	6.016734	7.041556
 35-39 	5.426236	5.205522	5.681544
 40-44 	4.310074	4.090206	4.567059
 45-49 	3.305041	3.005607	3.638442
 50-54 	2.481401	2.182322	2.777141
 55-59 	1.852105	1.711780	1.968404
 60-64 	1.460898	1.568803	1.384681
 65-69 	1.355133	1.601487	1.202138
 70-74 	1.470803	1.551933	1.427679
 75-79 	0.554743	1.043107	0.338272
 80+ 	0.000000	0.000000	0.000000
Total	3.524266	3.202874	3.840341
2020			
 0-4	5.453832	5.471055	5.436255
 5-9	0.000000	0.000000	0.000000
 10-14 	0.000000	0.000000	0.000000
 15-19 	2.342503	1.378912	3.317869
 20-24 	6.012438	4.485569	7.588701
 25-29 	6.710173	5.703968	7.784442
 30-34 	6.102688	5.647989	6.606392
 35-39 	5.092740	4.885612	5.330807
 40-44 	4.047457	3.841261	4.288307
 45-49 	3.101895	2.822559	3.417932
 50-54 	2.326853	2.048488	2.607664
 55-59 	1.737642	1.607816	1.848393
 60-64 	1.371488	1.473247	1.298839
 65-69 	1.273019	1.504054	1.128960
 70-74 	1.381408	1.457768	1.340792
 75-79 	0.517917	0.978165	0.314721
 80+ 	0.000000	0.000000	0.000000
Total	3.330931	3.025537	3.631518
2021			
 0-4	5.202230	5.217829	5.186304
 5-9	0.000000	0.000000	0.000000
 10-14 	0.000000	0.000000	0.000000
 15-19 	2.237233	1.319010	3.166422
 20-24 	5.706331	4.255423	7.198927
 25-29 	6.373530	5.417858	7.388072
 30-34 	5.795460	5.363876	6.269739
 35-39 	4.834678	4.638518	5.058568
 40-44 	3.843936	3.648578	4.071597
 45-49 	2.945513	2.681945	3.246499
 50-54 	2.206624	1.946041	2.475466
 55-59 	1.649212	1.527738	1.755962
 60-64 	1.302474	1.399537	1.232123
 65-69 	1.209640	1.428894	1.072328
 70-74 	1.312753	1.385279	1.274097
 75-79 	0.488944	0.927370	0.295927
 80+ 	0.000000	0.000000	0.000000
Total	3.176140	2.882490	3.465414
2022			
 0-4	4.943754	4.957807	4.929399
 5-9	0.000000	0.000000	0.000000
 10-14 	0.000000	0.000000	0.000000
 15-19 	2.157947	1.273619	3.052775
 20-24 	5.480507	4.084873	6.912286
 25-29 	6.123693	5.203835	7.094824
 30-34 	5.567819	5.151912	6.021470
 35-39 	4.642520	4.453488	4.856645
 40-44 	3.692031	3.503857	3.910522
 45-49 	2.829839	2.577316	3.120134
 50-54 	2.117568	1.869978	2.378308
 55-59 	1.583518	1.467979	1.688073
 60-64 	1.251485	1.344433	1.182761
 65-69 	1.162604	1.372687	1.030404
 70-74 	1.261616	1.330989	1.224516
 75-79 	0.467268	0.889168	0.281853
 80+ 	0.000000	0.000000	0.000000
Total	3.056310	2.769899	3.338698
2023			
 0-4	4.687407	4.700017	4.674520
 5-9	0.000000	0.000000	0.000000
 10-14 	0.000000	0.000000	0.000000
 15-19 	2.095544	1.237280	2.964116
 20-24 	5.314283	3.959455	6.701398
 25-29 	5.936882	5.042190	6.876405
 30-34 	5.397700	4.992563	5.836587
 35-39 	4.498147	4.313792	4.705301
 40-44 	3.577625	3.394235	3.789575
 45-49 	2.743608	2.498853	3.026132
 50-54 	2.051269	1.813185	2.306706
 55-59 	1.534241	1.423011	1.637734
 60-64 	1.213671	1.302925	1.146052
 65-69 	1.127460	1.330338	0.999034
 70-74 	1.222793	1.289843	1.186779
 75-79 	0.451745	0.860845	0.272065
 80+ 	0.000000	0.000000	0.000000
Total	2.962324	2.680254	3.240672
2024			
 0-4	4.438110	4.449390	4.426578
 5-9	0.000000	0.000000	0.000000
 10-14 	0.000000	0.000000	0.000000
 15-19 	2.040770	1.204312	2.887624
 20-24 	5.191584	3.867375	6.545425
 25-29 	5.795164	4.918089	6.711656
 30-34 	5.268165	4.870605	5.696121
 35-39 	4.388025	4.206671	4.590125
 40-44 	3.490142	3.309836	3.697395
 45-49 	2.678207	2.438861	2.954977
 50-54 	2.001151	1.769970	2.253430
 55-59 	1.496520	1.388474	1.599608
 60-64 	1.185338	1.271177	1.118479
 65-69 	1.101018	1.297953	0.975317
 70-74 	1.192809	1.258114	1.157559
 75-79 	0.441325	0.840096	0.266056
 80+ 	0.000000	0.000000	0.000000
Total	2.887370	2.607615	3.163676
2025			
 0-4	4.198093	4.208154	4.187802
 5-9	0.000000	0.000000	0.000000
 10-14 	0.000000	0.000000	0.000000
 15-19 	1.995835	1.176505	2.825784
 20-24 	5.100550	3.799360	6.429674
 25-29 	5.686435	4.821401	6.586407
 30-34 	5.168056	4.775614	5.587987
 35-39 	4.303284	4.123517	4.501968
 40-44 	3.422431	3.243791	3.626510
 45-49 	2.627801	2.391996	2.900388
 50-54 	1.962031	1.735744	2.213053
 55-59 	1.466932	1.361170	1.569930
 60-64 	1.163948	1.246532	1.097683
 65-69 	1.081182	1.272824	0.957409
 70-74 	1.169464	1.233291	1.134834
 75-79 	0.434419	0.824842	0.262459
 80+ 	0.000000	0.000000	0.000000
Total	2.826269	2.547420	3.101923
2026			
 0-4	3.971048	3.980005	3.961883
 5-9	0.000000	0.000000	0.000000
 10-14 	0.000000	0.000000	0.000000
 15-19 	1.958543	1.153293	2.774675
 20-24 	5.022275	3.740737	6.330722
 25-29 	5.591772	4.736457	6.478362
 30-34 	5.080588	4.691906	5.494129
 35-39 	4.229996	4.050947	4.426332
 40-44 	3.363292	3.185465	3.565068
 45-49 	2.583595	2.350285	2.852746
 50-54 	1.928495	1.705995	2.177730
 55-59 	1.440805	1.337563	1.543691
 60-64 	1.145598	1.224880	1.080017
 65-69 	1.064420	1.250736	0.942128
 70-74 	1.148978	1.211393	1.114929
 75-79 	0.428415	0.811641	0.259054
 80+ 	0.000000	0.000000	0.000000
Total	2.771336	2.492918	3.046805
2027			
 0-4	3.758476	3.766441	3.750322
 5-9	0.000000	0.000000	0.000000
 10-14 	0.000000	0.000000	0.000000
 15-19 	1.921298	1.130365	2.723413
 20-24 	4.934071	3.673819	6.220528
 25-29 	5.489389	4.645344	6.361789
 30-34 	4.986783	4.601790	5.394137
 35-39 	4.152025	3.973549	4.346301
 40-44 	3.299873	3.122757	3.499367
 45-49 	2.535660	2.304795	2.801098
 50-54 	1.893008	1.674063	2.139998
 55-59 	1.413385	1.312295	1.516271
 60-64 	1.125778	1.201519	1.061215
 65-69 	1.046530	1.226882	0.925649
 70-74 	1.127205	1.187925	1.093884
 75-79 	0.421117	0.796726	0.254347
 80+ 	0.000000	0.000000	0.000000
Total	2.713416	2.436092	2.988045
2028			
 0-4	3.562950	3.570034	3.555696
 5-9	0.000000	0.000000	0.000000
 10-14 	0.000000	0.000000	0.000000
 15-19 	1.882518	1.107282	2.669222
 20-24 	4.826753	3.591645	6.087566
 25-29 	5.368638	4.539392	6.223942
 30-34 	4.877525	4.496811	5.278215
 35-39 	4.060973	3.883367	4.253004
 40-44 	3.225818	3.049749	3.422584
 45-49 	2.479249	2.251311	2.740182
 50-54 	1.851753	1.636632	2.095532
 55-59 	1.381921	1.282785	1.484771
 60-64 	1.102210	1.174164	1.039102
 65-69 	1.025376	1.198930	0.906060
 70-74 	1.102034	1.160637	1.069648
 75-79 	0.411630	0.778309	0.247914
 80+ 	0.000000	0.000000	0.000000
Total	2.648138	2.373174	2.920666
2029			
 0-4	3.381455	3.387752	3.375004
 5-9	0.000000	0.000000	0.000000
 10-14 	0.000000	0.000000	0.000000
 15-19 	1.837475	1.080175	2.606392
 20-24 	4.696851	3.491153	5.927995
 25-29 	5.228340	4.417570	6.063326
 30-34 	4.751572	4.375933	5.144987
 35-39 	3.955102	3.778756	4.144589
 40-44 	3.140411	2.965825	3.333946
 45-49 	2.413915	2.189469	2.669523
 50-54 	1.804008	1.593112	2.043521
 55-59 	1.345894	1.248600	1.448619
 60-64 	1.074476	1.142536	1.013223
 65-69 	1.000606	1.166621	0.883146
 70-74 	1.072964	1.129168	1.041609
 75-79 	0.400030	0.756380	0.239957
 80+ 	0.000000	0.000000	0.000000
Total	2.574568	2.303348	2.843613
2030			
 0-4	3.210626	3.216218	3.204895
 5-9	0.000000	0.000000	0.000000
 10-14 	0.000000	0.000000	0.000000
 15-19 	1.785331	1.048796	2.533578
 20-24 	4.553858	3.380706	5.752220
 25-29 	5.072667	4.283419	5.884683
 30-34 	4.612265	4.242701	4.997649
 35-39 	3.837280	3.662693	4.023786
 40-44 	3.046351	2.873798	3.236102
 45-49 	2.341631	2.121226	2.591167
 50-54 	1.750952	1.544703	1.985204
 55-59 	1.305836	1.210508	1.408202
 60-64 	1.043211	1.107583	0.984041
 65-69 	0.972901	1.130949	0.857589
 70-74 	1.040573	1.094406	1.010147
 75-79 	0.387074	0.731976	0.231162
 80+ 	0.000000	0.000000	0.000000
Total	2.494376	2.228084	2.758752
2031			
 0-4	3.052362	3.057324	3.047275
 5-9	0.000000	0.000000	0.000000
 10-14 	0.000000	0.000000	0.000000
 15-19 	1.729123	1.014923	2.455127
 20-24 	4.406861	3.267775	5.570850
 25-29 	4.909666	4.143277	5.697695
 30-34 	4.466183	4.103486	4.843026
 35-39 	3.713759	3.541216	3.897054
 40-44 	2.948577	2.778441	3.134236
 45-49 	2.266093	2.050001	2.509154
 50-54 	1.695177	1.493789	1.923528
 55-59 	1.264081	1.170843	1.365234
 60-64 	1.010381	1.071165	0.953170
 65-69 	0.943658	1.093688	0.830696
 70-74 	1.006617	1.058141	0.976986
 75-79 	0.373835	0.706615	0.222407
 80+ 	0.000000	0.000000	0.000000
Total	2.411193	2.150599	2.670118
2032			
 0-4	2.926404	2.930832	2.921862
 5-9	0.000000	0.000000	0.000000
 10-14 	0.000000	0.000000	0.000000
 15-19 	1.704668	0.999267	2.422179
 20-24 	4.347383	3.220081	5.499864
 25-29 	4.842610	4.083470	5.622934
 30-34 	4.406460	4.044030	4.781953
 35-39 	3.663028	3.489134	3.846759
 40-44 	2.908966	2.738055	3.094142
 45-49 	2.234804	2.018776	2.476070
 50-54 	1.672163	1.471670	1.898820
 55-59 	1.247177	1.154039	1.348991
 60-64 	0.997323	1.055602	0.941259
 65-69 	0.932575	1.077706	0.819859
 70-74 	0.992511	1.042580	0.963070
 75-79 	0.368309	0.695390	0.218422
 80+ 	0.000000	0.000000	0.000000
Total	2.371642	2.111940	2.629881
2033			
 0-4	2.803123	2.807058	2.799086
 5-9	0.000000	0.000000	0.000000
 10-14 	0.000000	0.000000	0.000000
 15-19 	1.645394	0.962942	2.339981
 20-24 	4.202986	3.110295	5.320615
 25-29 	4.679143	3.941866	5.436910
 30-34 	4.257748	3.903512	4.623982
 35-39 	3.540149	3.368385	3.720686
 40-44 	2.811771	2.643611	2.992780
 45-49 	2.159137	1.947503	2.393709
 50-54 	1.615743	1.420129	1.835999
 55-59 	1.205635	1.114336	1.305941
 60-64 	0.964505	1.019054	0.910975
 65-69 	0.902739	1.040331	0.792683
 70-74 	0.959135	1.006448	0.930565
 75-79 	0.355537	0.670647	0.209933
 80+ 	0.000000	0.000000	0.000000
Total	2.289308	2.036105	2.541269
2034			
 0-4	2.696066	2.699563	2.692477
 5-9	0.000000	0.000000	0.000000
 10-14 	0.000000	0.000000	0.000000
 15-19 	1.590416	0.929706	2.263287
 20-24 	4.063572	3.004305	5.147406
 25-29 	4.520420	3.803343	5.257547
 30-34 	4.111980	3.766335	4.468791
 35-39 	3.421341	3.251685	3.598812
 40-44 	2.716912	2.551457	2.893939
 45-49 	2.085608	1.878302	2.313588
 50-54 	1.560784	1.369902	1.774673
 55-59 	1.165210	1.075670	1.263849
 60-64 	0.932575	0.983494	0.881687
 65-69 	0.873485	1.004018	0.766249
 70-74 	0.927069	0.971408	0.899480
 75-79 	0.342877	0.646584	0.201035
 80+ 	0.000000	0.000000	0.000000
Total	2.209483	1.962905	2.455023
2035			
 0-4	2.619893	2.623015	2.616687
 5-9	0.000000	0.000000	0.000000
 10-14 	0.000000	0.000000	0.000000
 15-19 	1.592137	0.929563	2.267343
 20-24 	4.068323	3.004561	5.157236
 25-29 	4.524606	3.801795	5.267851
 30-34 	4.113307	3.764275	4.473262
 35-39 	3.425920	3.252353	3.606722
 40-44 	2.719150	2.550463	2.898619
 45-49 	2.087194	1.876873	2.316697
 50-54 	1.561807	1.368783	1.776900
 55-59 	1.166451	1.075494	1.266706
 60-64 	0.934005	0.983252	0.883921
 65-69 	0.875288	1.003807	0.767374
 70-74 	0.928528	0.971292	0.901059
 75-79 	0.342460	0.645595	0.198855
 80+ 	0.000000	0.000000	0.000000
Total	2.202631	1.953977	2.450400
2036			
 0-4	2.557102	2.559947	2.554181
 5-9	0.000000	0.000000	0.000000
 10-14 	0.000000	0.000000	0.000000
 15-19 	1.593521	0.929192	2.270955
 20-24 	4.071984	3.003908	5.165921
 25-29 	4.528935	3.800879	5.277824
 30-34 	4.114518	3.762306	4.477545
 35-39 	3.430535	3.253194	3.614615
 40-44 	2.721243	2.549339	2.903141
 45-49 	2.089281	1.876051	2.320222
 50-54 	1.562919	1.367702	1.779098
 55-59 	1.167570	1.075262	1.269184
 60-64 	0.935205	0.983084	0.885985
 65-69 	0.877351	1.003622	0.768706
 70-74 	0.930303	0.971308	0.903097
 75-79 	0.342627	0.644752	0.196843
 80+ 	0.000000	0.000000	0.000000
Total	2.196439	1.945966	2.446169
2037			
 0-4	2.498252	2.500841	2.495593
 5-9	0.000000	0.000000	0.000000
 10-14 	0.000000	0.000000	0.000000
 15-19 	1.594744	0.928734	2.274330
 20-24 	4.075161	3.002718	5.174219
 25-29 	4.533301	3.800491	5.287397
 30-34 	4.116589	3.760951	4.483032
 35-39 	3.434549	3.253670	3.621780
 40-44 	2.723728	2.548696	2.907958
 45-49 	2.091981	1.875978	2.324299
 50-54 	1.564172	1.366725	1.781311
 55-59 	1.168568	1.074992	1.271297
 60-64 	0.936423	0.982993	0.888167
 65-69 	0.879372	1.003480	0.770173
 70-74 	0.932301	0.971442	0.905497
 75-79 	0.343830	0.644288	0.195478
 80+ 	0.000000	0.000000	0.000000
Total	2.190182	1.938107	2.441639
2038			
 0-4	2.441534	2.443945	2.439058
 5-9	0.000000	0.000000	0.000000
 10-14 	0.000000	0.000000	0.000000
 15-19 	1.595978	0.928340	2.277651
 20-24 	4.078552	3.001724	5.182778
 25-29 	4.537554	3.800813	5.296060
 30-34 	4.119745	3.760480	4.489900
 35-39 	3.437570	3.253483	3.627734
 40-44 	2.727080	2.549109	2.913447
 45-49 	2.095051	1.876414	2.328697
 50-54 	1.565555	1.365892	1.783493
 55-59 	1.169502	1.074744	1.273128
 60-64 	0.937640	0.983001	0.890386
 65-69 	0.881196	1.003417	0.771456
 70-74 	0.934392	0.971676	0.908085
 75-79 	0.346136	0.644253	0.194886
 80+ 	0.000000	0.000000	0.000000
Total	2.183803	1.930362	2.436734
2039			
 0-4	2.389135	2.391445	2.386763
 5-9	0.000000	0.000000	0.000000
 10-14 	0.000000	0.000000	0.000000
 15-19 	1.597373	0.928127	2.281103
 20-24 	4.083325	3.002463	5.192422
 25-29 	4.542239	3.801929	5.304742
 30-34 	4.124898	3.761485	4.499412
 35-39 	3.439633	3.252692	3.632460
 40-44 	2.731358	2.550694	2.919656
 45-49 	2.098040	1.876872	2.332988
 50-54 	1.567119	1.365304	1.785698
 55-59 	1.170471	1.074608	1.274807
 60-64 	0.938837	0.983157	0.892537
 65-69 	0.882822	1.003518	0.772436
 70-74 	0.936435	0.971961	0.910688
 75-79 	0.349443	0.644610	0.195090
 80+ 	0.000000	0.000000	0.000000
Total	2.177634	1.923074	2.431773
2040			
 0-4	2.342339	2.344602	2.340014
 5-9	0.000000	0.000000	0.000000
 10-14 	0.000000	0.000000	0.000000
 15-19 	1.599137	0.928240	2.284954
 20-24 	4.088474	3.003709	5.202334
 25-29 	4.547686	3.803658	5.314388
 30-34 	4.131083	3.763707	4.509813
 35-39 	3.441308	3.251858	3.636536
 40-44 	2.736497	2.553393	2.926543
 45-49 	2.100946	1.877341	2.337147
 50-54 	1.569119	1.365239	1.788224
 55-59 	1.171610	1.074706	1.276493
 60-64 	0.940057	0.983558	0.894589
 65-69 	0.884540	1.003923	0.773442
 70-74 	0.938225	0.972204	0.913059
 75-79 	0.353569	0.645343	0.196040
 80+ 	0.000000	0.000000	0.000000
Total	2.172006	1.916569	2.427086
2041			
 0-4	2.299572	2.301794	2.297291
 5-9	0.000000	0.000000	0.000000
 10-14 	0.000000	0.000000	0.000000
 15-19 	1.601348	0.928734	2.289303
 20-24 	4.094107	3.005544	5.212629
 25-29 	4.554014	3.806234	5.325045
 30-34 	4.137504	3.766706	4.519905
 35-39 	3.443334	3.251644	3.640762
 40-44 	2.742029	2.556728	2.933681
 45-49 	2.103999	1.878078	2.341356
 50-54 	1.571723	1.365874	1.791296
 55-59 	1.172967	1.075074	1.278258
 60-64 	0.941311	0.984224	0.896515
 65-69 	0.886179	1.004588	0.774797
 70-74 	0.939899	0.972797	0.914931
 75-79 	0.358317	0.646459	0.197627
 80+ 	0.000000	0.000000	0.000000
Total	2.166686	1.910606	2.422450
2042			
 0-4	2.259862	2.262044	2.257621
 5-9	0.000000	0.000000	0.000000
 10-14 	0.000000	0.000000	0.000000
 15-19 	1.603938	0.929569	2.294054
 20-24 	4.100168	3.007951	5.223201
 25-29 	4.561116	3.809567	5.336526
 30-34 	4.143997	3.770289	4.529574
 35-39 	3.446711	3.252912	3.646254
 40-44 	2.747254	2.559971	2.940422
 45-49 	2.107584	1.879503	2.345947
 50-54 	1.574958	1.367226	1.795002
 55-59 	1.174533	1.075693	1.280105
 60-64 	0.942577	0.985112	0.898299
 65-69 	0.887764	1.005471	0.776159
 70-74 	0.941573	0.973758	0.916593
 75-79 	0.363382	0.647853	0.199632
 80+ 	0.000000	0.000000	0.000000
Total	2.161581	1.905088	2.417767
2043			
 0-4	2.223104	2.225250	2.220900
 5-9	0.000000	0.000000	0.000000
 10-14 	0.000000	0.000000	0.000000
 15-19 	1.606733	0.930637	2.298965
 20-24 	4.106330	3.010692	5.233623
 25-29 	4.568465	3.813345	5.348068
 30-34 	4.149681	3.773736	4.537765
 35-39 	3.451272	3.255508	3.652828
 40-44 	2.751488	2.562405	2.946118
 45-49 	2.111867	1.881824	2.351058
 50-54 	1.578449	1.368937	1.798965
 55-59 	1.176163	1.076436	1.281885
 60-64 	0.943787	0.986109	0.899902
 65-69 	0.889215	1.006464	0.777454
 70-74 	0.943691	0.975051	0.918852
 75-79 	0.368386	0.649299	0.201783
 80+ 	0.000000	0.000000	0.000000
Total	2.156539	1.899867	2.412886
2044			
 0-4	2.189737	2.191850	2.187566
 5-9	0.000000	0.000000	0.000000
 10-14 	0.000000	0.000000	0.000000
 15-19 	1.609530	0.931806	2.303759
 20-24 	4.112271	3.013523	5.243484
 25-29 	4.575316	3.817389	5.358367
 30-34 	4.154967	3.777206	4.545100
 35-39 	3.457573	3.259887	3.661160
 40-44 	2.754369	2.563639	2.950409
 45-49 	2.116595	1.884821	2.356457
 50-54 	1.581622	1.370472	1.802545
 55-59 	1.177739	1.077206	1.283487
 60-64 	0.944884	0.987119	0.901299
 65-69 	0.890488	1.007479	0.778659
 70-74 	0.946343	0.976463	0.922041
 75-79 	0.372654	0.650339	0.203500
 80+ 	0.000000	0.000000	0.000000
Total	2.151477	1.894859	2.407720
2045			
 0-4	2.163356	2.165443	2.161212
 5-9	0.000000	0.000000	0.000000
 10-14 	0.000000	0.000000	0.000000
 15-19 	1.612289	0.933041	2.308391
 20-24 	4.118164	3.016584	5.252985
 25-29 	4.582050	3.821565	5.368307
 30-34 	4.160618	3.781051	4.552817
 35-39 	3.464111	3.264741	3.669511
 40-44 	2.756242	2.564027	2.953619
 45-49 	2.121566	1.888290	2.361984
 50-54 	1.584381	1.371757	1.805599
 55-59 	1.179390	1.078109	1.285098
 60-64 	0.945915	0.988174	0.902551
 65-69 	0.891662	1.008561	0.779859
 70-74 	0.948861	0.977536	0.925325
 75-79 	0.375199	0.650300	0.203991
 80+ 	0.000000	0.000000	0.000000
Total	2.146786	1.890448	2.402669
2046			
 0-4	2.144434	2.146503	2.142310
 5-9	0.000000	0.000000	0.000000
 10-14 	0.000000	0.000000	0.000000
 15-19 	1.615085	0.934380	2.312979
 20-24 	4.124260	3.020059	5.262447
 25-29 	4.588909	3.826060	5.378174
 30-34 	4.166741	3.785436	4.560983
 35-39 	3.470079	3.269314	3.676997
 40-44 	2.757887	2.564364	2.956499
 45-49 	2.126441	1.891868	2.367353
 50-54 	1.586969	1.373013	1.808368
 55-59 	1.181280	1.079262	1.286964
 60-64 	0.946944	0.989323	0.903733
 65-69 	0.892831	1.009760	0.781147
 70-74 	0.950903	0.978813	0.927748
 75-79 	0.377877	0.651030	0.203676
 80+ 	0.000000	0.000000	0.000000
Total	2.142624	1.886771	2.397910
2047			
 0-4	2.129217	2.131271	2.127108
 5-9	0.000000	0.000000	0.000000
 10-14 	0.000000	0.000000	0.000000
 15-19 	1.617987	0.935851	2.317631
 20-24 	4.130704	3.024023	5.272079
 25-29 	4.596046	3.831001	5.388142
 30-34 	4.173535	3.790548	4.569777
 35-39 	3.475654	3.273743	3.683853
 40-44 	2.760482	2.565852	2.960174
 45-49 	2.130791	1.895090	2.372201
 50-54 	1.589828	1.374618	1.811353
 55-59 	1.183524	1.080726	1.289278
 60-64 	0.948022	0.990594	0.904919
 65-69 	0.894046	1.011103	0.782556
 70-74 	0.953095	0.980283	0.930360
 75-79 	0.381595	0.652346	0.205002
 80+ 	0.000000	0.000000	0.000000
Total	2.138793	1.883595	2.393284
2048			
 0-4	2.115315	2.117355	2.113220
 5-9	0.000000	0.000000	0.000000
 10-14 	0.000000	0.000000	0.000000
 15-19 	1.621019	0.937470	2.322382
 20-24 	4.137449	3.028425	5.281843
 25-29 	4.603414	3.836351	5.398144
 30-34 	4.180736	3.796221	4.578831
 35-39 	3.480331	3.277530	3.689556
 40-44 	2.764193	2.568664	2.964799
 45-49 	2.134267	1.897566	2.376210
 50-54 	1.593260	1.376825	1.814914
 55-59 	1.185970	1.082386	1.291856
 60-64 	0.949135	0.991972	0.906090
 65-69 	0.895302	1.012568	0.784054
 70-74 	0.955396	0.981901	0.933115
 75-79 	0.386010	0.654212	0.207476
 80+ 	0.000000	0.000000	0.000000
Total	2.135098	1.880718	2.388601
2049			
 0-4	2.101311	2.103337	2.099231
 5-9	0.000000	0.000000	0.000000
 10-14 	0.000000	0.000000	0.000000
 15-19 	1.624113	0.939198	2.327130
 20-24 	4.144130	3.032960	5.291309
 25-29 	4.610647	3.841793	5.407761
 30-34 	4.187182	3.801591	4.586678
 35-39 	3.484703	3.281231	3.694714
 40-44 	2.769628	2.573460	2.970945
 45-49 	2.136617	1.899027	2.379115
 50-54 	1.597090	1.379492	1.818899
 55-59 	1.188233	1.083971	1.294182
 60-64 	0.950211	0.993371	0.907182
 65-69 	0.896526	1.014065	0.785565
 70-74 	0.957620	0.983516	0.935788
 75-79 	0.390320	0.656215	0.210029
 80+ 	0.000000	0.000000	0.000000
Total	2.131267	1.877889	2.383575
2050			
 0-4	2.088766	2.090779	2.086698
 5-9	0.000000	0.000000	0.000000
 10-14 	0.000000	0.000000	0.000000
 15-19 	1.627083	0.940911	2.331614
 20-24 	4.150250	3.037205	5.299906
 25-29 	4.617250	3.846870	5.416452
 30-34 	4.193167	3.806639	4.593927
 35-39 	3.489190	3.285099	3.699951
 40-44 	2.774972	2.578303	2.976882
 45-49 	2.137840	1.899481	2.380888
 50-54 	1.600929	1.382272	1.822905
 55-59 	1.190089	1.085307	1.295968
 60-64 	0.951205	0.994681	0.908199
 65-69 	0.897615	1.015470	0.786989
 70-74 	0.959521	0.984948	0.938074
 75-79 	0.393863	0.657172	0.212269
 80+ 	0.000000	0.000000	0.000000
Total	2.127195	1.875021	2.378081
