bangladesh_test	Total	Male	Female
1970			
 0-4	11989227.000000	6098992.000000	5890235.000000
 5-9	9617371.000000	4918056.000000	4699315.000000
 10-14 	8020535.000000	4079928.000000	3940607.000000
 15-19 	6620673.000000	3377532.000000	3243141.000000
 20-24 	5263781.000000	2693026.000000	2570755.000000
 25-29 	4539814.000000	2338812.000000	2201002.000000
 30-34 	3977997.000000	2080370.000000	1897627.000000
 35-39 	3444924.000000	1815906.000000	1629018.000000
 40-44 	2928302.000000	1535219.000000	1393083.000000
 45-49 	2489007.000000	1313129.000000	1175878.000000
 50-54 	2074349.000000	1107353.000000	966996.000000
 55-59 	1702778.000000	920948.000000	781830.000000
 60-64 	1340136.000000	746295.000000	593841.000000
 65-69 	1004498.000000	553528.000000	450970.000000
 70-74 	661733.000000	357458.000000	304275.000000
 75-79 	379401.000000	205096.000000	174305.000000
 80+ 	254336.000000	137254.000000	117082.000000
Total	66308862.000000	34278902.000000	32029960.000000
1971			
 0-4	12284417.301633	6247261.169619	6037156.132014
 5-9	9803286.528064	5019991.784236	4783294.743827
 10-14 	8278848.761318	4219181.755710	4059667.005608
 15-19 	6869171.846345	3501566.262085	3367605.584259
 20-24 	5479445.158363	2804340.489452	2675104.668911
 25-29 	4630559.137945	2381984.085577	2248575.052368
 30-34 	4074292.482111	2125009.637705	1949282.844406
 35-39 	3533623.776423	1863132.017659	1670491.758764
 40-44 	3008969.202181	1581486.490241	1427482.711940
 45-49 	2550002.201637	1342927.067969	1207075.133668
 50-54 	2132338.452055	1135738.539753	996599.912301
 55-59 	1748575.437937	943409.749648	805165.688289
 60-64 	1379679.396782	763837.651970	615841.744812
 65-69 	1030364.756604	571429.242555	458935.514049
 70-74 	683539.021217	370854.700211	312684.321006
 75-79 	385150.467360	207860.301421	177290.165939
 80+ 	249926.288469	135359.867115	114566.421354
Total	68122190.216441	35215370.812926	32906819.403515
1972			
 0-4	12350889.816963	6278496.765554	6072393.051409
 5-9	10036228.677057	5147329.879469	4888898.797588
 10-14 	8483284.785940	4332478.267427	4150806.518513
 15-19 	6898762.862768	3524379.159110	3374383.703658
 20-24 	5506485.689421	2825498.480051	2680987.209370
 25-29 	4695730.200177	2412827.852869	2282902.347307
 30-34 	4171818.299883	2170346.561707	2001471.738175
 35-39 	3621371.677729	1908786.425491	1712585.252238
 40-44 	3090110.303091	1627389.290292	1462721.012799
 45-49 	2612906.140267	1374588.480525	1238317.659741
 50-54 	2190006.652161	1164050.086257	1025956.565904
 55-59 	1794404.136345	965803.783967	828600.352377
 60-64 	1417551.522140	780733.326574	636818.195566
 65-69 	1054442.606371	587036.740127	467405.866244
 70-74 	701331.215501	382152.940661	319178.274840
 75-79 	389271.769743	210115.123495	179156.646248
 80+ 	246237.854796	133708.103118	112529.751678
Total	69260834.210351	35825721.266697	33435112.943655
1973			
 0-4	12423041.614630	6312785.049811	6110256.564819
 5-9	10237492.645034	5255846.272926	4981646.372108
 10-14 	8695750.890106	4451211.840074	4244539.050032
 15-19 	6943823.983273	3555707.499716	3388116.483558
 20-24 	5497034.472720	2831068.924269	2665965.548452
 25-29 	4750358.155453	2440140.223837	2310217.931617
 30-34 	4266775.310800	2214352.963856	2052422.346944
 35-39 	3710199.501429	1953805.873798	1756393.627631
 40-44 	3174259.674336	1674957.295236	1499302.379100
 45-49 	2677993.985658	1408239.572336	1269754.413322
 50-54 	2248750.904695	1192933.270263	1055817.634432
 55-59 	1841859.286405	989200.287928	852658.998476
 60-64 	1457175.284994	798308.588780	658866.696213
 65-69 	1080371.364733	602684.127097	477687.237637
 70-74 	721055.103954	394797.817442	326257.286513
 75-79 	396595.914293	214234.619748	182361.294545
 80+ 	245891.612956	133776.604358	112115.008597
Total	70368429.705468	36424050.831473	33944378.873994
1974			
 0-4	12623028.026161	6416888.188940	6206139.837221
 5-9	10336749.342956	5303879.808737	5032869.534219
 10-14 	8936735.312746	4584550.681910	4352184.630836
 15-19 	7062159.989708	3622550.075974	3439609.913733
 20-24 	5497592.848128	2842385.824241	2655207.023888
 25-29 	4795851.734875	2465006.837212	2330844.897663
 30-34 	4348236.229365	2250929.469769	2097306.759596
 35-39 	3799951.301545	1997436.283361	1802515.018184
 40-44 	3259818.885331	1723079.445403	1536739.439928
 45-49 	2743410.558710	1443309.489346	1300101.069364
 50-54 	2306244.274770	1221370.661917	1084873.612853
 55-59 	1890134.733181	1013150.229531	876984.503649
 60-64 	1497502.658223	816511.372822	680991.285402
 65-69 	1108918.711024	618640.532998	490278.178026
 70-74 	743699.451288	409292.586324	334406.864963
 75-79 	409223.557708	221408.890713	187814.666995
 80+ 	250677.204045	136524.749327	114152.454718
Total	71609934.819763	37086915.128524	34523019.691240
1975			
 0-4	12709949.898867	6456896.363208	6253053.535659
 5-9	10596928.337361	5435621.728036	5161306.609325
 10-14 	9222718.623507	4741229.347448	4481489.276059
 15-19 	7281721.948425	3738373.532898	3543348.415527
 20-24 	5557517.823443	2882514.166344	2675003.657099
 25-29 	4831563.358927	2487818.927875	2343744.431052
 30-34 	4403816.255131	2273280.409144	2130535.845987
 35-39 	3888894.067365	2037998.957205	1850895.110160
 40-44 	3344917.814823	1770627.122119	1574290.692704
 45-49 	2805806.174560	1478380.304465	1327425.870095
 50-54 	2359147.524634	1247873.704847	1111273.819787
 55-59 	1936862.504048	1036599.495007	900263.009042
 60-64 	1536440.112358	834539.195535	701900.916823
 65-69 	1138962.679419	634380.392393	504582.287026
 70-74 	768608.160362	425264.183297	343343.977065
 75-79 	427080.399307	231628.396299	195452.003007
 80+ 	260626.464390	141997.614441	118628.849950
Total	73071562.146928	37855023.840561	35216538.306367
1976			
 0-4	13039567.055685	6626803.720971	6412763.334714
 5-9	10732192.576899	5495268.869111	5236923.707788
 10-14 	9501275.202298	4889594.431769	4611680.770529
 15-19 	7617986.170112	3909944.290238	3708041.879874
 20-24 	5718698.228889	2968446.924305	2750251.304584
 25-29 	4884661.236147	2521290.308299	2363370.927848
 30-34 	4435335.519594	2283226.797256	2152108.722339
 35-39 	3977968.106278	2075791.249367	1902176.856910
 40-44 	3431519.723157	1817366.503664	1614153.219493
 45-49 	2868500.340785	1514970.821479	1353529.519306
 50-54 	2408775.454360	1272738.452447	1136037.001914
 55-59 	1983736.666949	1059883.793419	923852.873529
 60-64 	1574546.288795	852962.942688	721583.346107
 65-69 	1171245.254201	649797.529085	521447.725117
 70-74 	794707.947054	441978.072599	352729.874454
 75-79 	449304.282942	244493.090745	204811.192197
 80+ 	274725.678372	149649.416590	125076.261782
Total	74864745.732518	38774207.214032	36090538.518485
1977			
 0-4	13345516.987489	6782508.475329	6563008.512160
 5-9	10929602.706824	5586614.701412	5342988.005412
 10-14 	9811768.553257	5052839.351434	4758929.201823
 15-19 	7997336.317991	4105198.208559	3892138.109432
 20-24 	5967712.791518	3096629.424876	2871083.366642
 25-29 	4943453.064548	2560237.826339	2383215.238209
 30-34 	4448805.678574	2284239.674732	2164566.003842
 35-39 	4061992.716278	2108813.534876	1953179.181402
 40-44 	3517972.104759	1862584.227709	1655387.877050
 45-49 	2928815.423985	1551137.042019	1377678.381966
 50-54 	2454394.656833	1296246.895089	1158147.761744
 55-59 	2028051.194989	1081989.098270	946062.096719
 60-64 	1610651.301543	870835.717659	739815.583884
 65-69 	1202927.275954	664304.833308	538622.442646
 70-74 	820509.087574	458157.329937	362351.757636
 75-79 	472848.288039	258311.886443	214536.401596
 80+ 	291231.429910	158654.508591	132576.921319
Total	76833589.580065	39779302.736584	37054286.843481
1978			
 0-4	13672195.862362	6949219.626191	6722976.236171
 5-9	11163563.147421	5696628.033225	5466935.114196
 10-14 	10092341.759244	5197729.534845	4894612.224399
 15-19 	8375116.336473	4301874.927283	4073241.409190
 20-24 	6291315.727259	3260440.403083	3030875.324175
 25-29 	5018886.721005	2609306.132026	2409580.588979
 30-34 	4457648.960517	2284945.524690	2172703.435827
 35-39 	4135170.884770	2135222.000276	1999948.884495
 40-44 	3605261.325495	1906350.308586	1698911.016910
 45-49 	2988970.841284	1587448.956444	1401521.884840
 50-54 	2498141.836278	1319719.758209	1178422.078068
 55-59 	2069808.082467	1102910.115671	966897.966797
 60-64 	1645686.636178	888331.933802	757354.702376
 65-69 	1233213.830247	677918.520721	555295.309527
 70-74 	845452.708431	473141.317930	372311.390501
 75-79 	495759.546325	272053.590776	223705.955550
 80+ 	308948.276395	168408.241224	140540.035170
Total	78897482.482154	40831648.924982	38065833.557171
1979			
 0-4	13991945.971105	7113001.734291	6878944.236814
 5-9	11520959.924703	5875468.287116	5645491.637587
 10-14 	10247262.880974	5270371.262906	4976891.618068
 15-19 	8735941.133631	4491984.983217	4243956.150415
 20-24 	6665054.327074	3448494.793871	3216559.533202
 25-29 	5126690.753069	2676486.820196	2450203.932874
 30-34 	4477573.212333	2296674.843570	2180898.368763
 35-39 	4194974.890786	2155855.189247	2039119.701539
 40-44 	3693018.793780	1948095.023493	1744923.770286
 45-49 	3051138.647528	1624502.309765	1426636.337763
 50-54 	2541755.555930	1344219.089894	1197536.466036
 55-59 	2109461.366203	1122857.850122	986603.516081
 60-64 	1680556.064005	905775.988224	774780.075781
 65-69 	1262325.479582	691069.577680	571255.901902
 70-74 	869927.768507	486926.069962	383001.698545
 75-79 	517615.912274	285449.511159	232166.401115
 80+ 	327891.761052	178950.640901	148941.120151
Total	81014094.442537	41916183.975614	39097910.466923
1980			
 0-4	14300530.588218	7271322.512228	7029208.075991
 5-9	11726129.122705	5970974.050266	5755155.072440
 10-14 	10542018.239342	5417609.871572	5124408.367770
 15-19 	9095557.559155	4683498.966062	4412058.593093
 20-24 	7067373.261937	3651198.098119	3416175.163818
 25-29 	5285307.345147	2771144.250632	2514163.094515
 30-34 	4518601.782754	2327779.724824	2190822.057930
 35-39 	4241931.753831	2173135.161407	2068796.592425
 40-44 	3780213.854536	1987120.725888	1793093.128647
 45-49 	3116258.947348	1662564.365356	1453694.581991
 50-54 	2585532.418850	1369990.270358	1215542.148492
 55-59 	2147027.755573	1141821.262551	1005206.493021
 60-64 	1715173.451968	923149.943302	792023.508666
 65-69 	1290295.459870	703918.528187	586376.931682
 70-74 	893913.150305	499481.231527	394431.918779
 75-79 	538271.765327	298360.923752	239910.841576
 80+ 	347851.127225	190156.666238	157694.460986
Total	83191987.584092	43043226.552269	40148761.031823
1981			
 0-4	14590268.865380	7421005.789542	7169263.075838
 5-9	12120951.330828	6172250.419433	5948700.911395
 10-14 	10693092.317901	5484131.054414	5208961.263488
 15-19 	9401781.997920	4845525.058234	4556256.939687
 20-24 	7473970.198432	3859843.522255	3614126.676176
 25-29 	5494968.731313	2893651.591209	2601317.140104
 30-34 	4589673.087508	2385220.976577	2204452.110931
 35-39 	4275113.778915	2189610.921632	2085502.857283
 40-44 	3862732.712694	2023113.659573	1839619.053121
 45-49 	3180340.048599	1700537.610723	1479802.437876
 50-54 	2627418.031835	1397822.401790	1229595.630046
 55-59 	2179554.642683	1159526.998356	1020027.644328
 60-64 	1747719.437189	940347.014382	807372.422808
 65-69 	1315429.287350	716779.061655	598650.225695
 70-74 	917081.128545	510772.897087	406308.231458
 75-79 	557082.846614	310502.968714	246579.877899
 80+ 	368672.699128	201977.031239	166695.667889
Total	85395851.142835	44212618.976814	41183232.166021
1982			
 0-4	14869089.375296	7564854.304826	7304235.070469
 5-9	12455020.433574	6341738.326511	6113282.107063
 10-14 	10893522.727933	5576442.059241	5317080.668692
 15-19 	9718860.184047	5011871.146069	4706989.037978
 20-24 	7869499.369745	4065108.275655	3804391.094090
 25-29 	5770614.742950	3047643.901165	2722970.841785
 30-34 	4686308.807510	2463537.554462	2222771.253048
 35-39 	4306557.591680	2211635.081209	2094922.510471
 40-44 	3942230.390952	2056316.080626	1885914.310326
 45-49 	3247683.756843	1738764.566047	1508919.190795
 50-54 	2670768.410126	1427081.993238	1243686.416888
 55-59 	2211138.351674	1177378.610010	1033759.741664
 60-64 	1779918.128366	957404.785123	822513.343243
 65-69 	1340099.176433	729813.381536	610285.794897
 70-74 	939791.471909	521332.300312	418459.171597
 75-79 	574953.718129	321887.004946	253066.713183
 80+ 	389856.754577	214161.023457	175695.731120
Total	87665913.391742	45426970.394433	42238942.997309
1983			
 0-4	15133081.293490	7700848.803796	7432232.489693
 5-9	12795084.628205	6515617.372534	6279467.255672
 10-14 	11127106.426690	5685995.749549	5441110.677141
 15-19 	9998499.134823	5156098.028550	4842401.106273
 20-24 	8242174.989292	4260683.172636	3981491.816656
 25-29 	6106233.683003	3227606.534786	2878627.148216
 30-34 	4806462.762505	2556530.726885	2249932.035620
 35-39 	4343148.302196	2242442.823759	2100705.478437
 40-44 	4014817.129947	2085932.871476	1928884.258471
 45-49 	3319438.213545	1777329.066159	1542109.147386
 50-54 	2717075.183985	1457997.403653	1259077.780332
 55-59 	2243307.274978	1196402.919594	1046904.355384
 60-64 	1811638.110606	974262.265806	837375.844800
 65-69 	1365283.495505	743255.882619	622027.612886
 70-74 	961983.627192	531534.665972	430448.961221
 75-79 	592404.162481	332535.112567	259869.049914
 80+ 	411051.814460	226559.038512	184492.775948
Total	89988790.232905	46671632.438855	43317157.794050
1984			
 0-4	15375195.703503	7825764.156388	7549431.547115
 5-9	13129700.009809	6687473.222213	6442226.787596
 10-14 	11483178.556761	5864070.706249	5619107.850512
 15-19 	10153480.305700	5228529.622009	4924950.683691
 20-24 	8600191.159513	4449605.534530	4150585.624983
 25-29 	6485890.991570	3423667.528760	3062223.462809
 30-34 	4953237.644041	2659814.521171	2293423.122869
 35-39 	4389919.523305	2283518.665583	2106400.857722
 40-44 	4079008.769521	2112398.606960	1966610.162561
 45-49 	3398736.663217	1816986.688249	1581749.974969
 50-54 	2770503.002217	1492009.981499	1278493.020718
 55-59 	2279168.864159	1218234.837211	1060934.026948
 60-64 	1844573.085047	991713.267235	852859.817812
 65-69 	1392777.778499	757826.488709	634951.289789
 70-74 	984425.411416	542046.334681	442379.076735
 75-79 	609975.573482	342580.852495	267394.720988
 80+ 	432010.731900	239033.257533	192977.474367
Total	92361973.773660	47935274.271476	44426699.502184
1985			
 0-4	15588773.246768	7936452.150466	7652321.096303
 5-9	13454785.905942	6854902.953176	6599882.952766
 10-14 	11688013.656129	5959447.822486	5728565.833643
 15-19 	10447331.779124	5375040.216586	5072291.562538
 20-24 	8960270.311131	4639981.243585	4320289.067546
 25-29 	6890642.302851	3626420.709625	3264221.593226
 30-34 	5139015.068269	2775347.474288	2363667.593981
 35-39 	4449186.860752	2335142.561221	2114044.299530
 40-44 	4134143.148809	2136485.317560	1997657.831248
 45-49 	3489414.079795	1858887.758373	1630526.321422
 50-54 	2836042.167858	1531074.525296	1304967.642561
 55-59 	2322139.058176	1244433.902196	1077705.155980
 60-64 	1881064.700672	1010839.029541	870225.671131
 65-69 	1424538.944708	774385.175825	650153.768883
 70-74 	1008260.350133	553518.251380	454742.098753
 75-79 	628166.638214	352275.359066	275891.279148
 80+ 	452677.334876	251510.810452	201166.524424
Total	94794465.554205	49216145.261123	45578320.293082
1986			
 0-4	15765222.137277	8027882.855278	7737339.281998
 5-9	13768892.742214	7016829.514978	6752063.227236
 10-14 	12082232.082660	6160080.414540	5922151.668120
 15-19 	10599607.314363	5441752.379165	5157854.935198
 20-24 	9273226.160423	4801235.009764	4471991.150659
 25-29 	7305969.884982	3829359.526125	3476610.358857
 30-34 	5370013.129353	2902453.184129	2467559.945224
 35-39 	4532157.045830	2401245.970515	2130911.075315
 40-44 	4182100.256970	2159916.689343	2022183.567628
 45-49 	3596406.722310	1904716.683676	1691690.038634
 50-54 	2918962.028575	1576150.126155	1342811.902420
 55-59 	2378154.025792	1277405.984060	1100748.041732
 60-64 	1924350.302368	1032669.050915	891681.251454
 65-69 	1463699.987092	793863.144558	669836.842534
 70-74 	1034870.482006	566795.033190	468075.448816
 75-79 	647969.071570	361885.740793	286083.330777
 80+ 	472997.852607	263939.567204	209058.285403
Total	97316831.226392	50518180.874387	46798650.352005
1987			
 0-4	15924136.093314	8111025.022311	7813111.071003
 5-9	14063943.066102	7169298.683370	6894644.382732
 10-14 	12415921.018645	6329023.002771	6086898.015874
 15-19 	10800714.940875	5534018.418187	5266696.522687
 20-24 	9596801.501537	4966685.081737	4630116.419800
 25-29 	7709900.150644	4026112.518120	3683787.632524
 30-34 	5652693.719735	3045840.256486	2606853.463249
 35-39 	4629307.132425	2475048.646695	2154258.485730
 40-44 	4223345.188796	2184933.711203	2038411.477592
 45-49 	3707867.508698	1950926.801049	1756940.707648
 50-54 	3012041.526259	1624667.331708	1387374.194551
 55-59 	2441766.173729	1314415.726506	1127350.447223
 60-64 	1970733.970876	1056505.409061	914228.561815
 65-69 	1506554.449004	814979.948645	691574.500359
 70-74 	1063201.226154	581175.080253	482026.145901
 75-79 	668696.784421	371590.846642	297105.937779
 80+ 	493248.425792	276223.031471	217025.394320
Total	99880872.877006	51832469.516215	48048403.360791
1988			
 0-4	16062866.217798	8184001.944719	7878864.273079
 5-9	14339563.746698	7311971.836782	7027591.909916
 10-14 	12754750.413802	6502018.086106	6252732.327696
 15-19 	11034463.703419	5643310.332669	5391153.370750
 20-24 	9881683.736704	5110027.561908	4771656.174796
 25-29 	8091748.643190	4213623.940937	3878124.702253
 30-34 	5988008.835158	3208265.997827	2779742.837330
 35-39 	4744914.797969	2556604.979444	2188309.818525
 40-44 	4263704.570948	2214901.753093	2048802.817855
 45-49 	3814441.913267	1994388.178473	1820053.734794
 50-54 	3112740.257029	1674999.515305	1437740.741724
 55-59 	2511725.576017	1354359.926233	1157365.649784
 60-64 	2019570.585823	1082176.041363	937394.544460
 65-69 	1551255.459244	836800.658040	714454.801204
 70-74 	1093231.310711	596369.245615	496862.065095
 75-79 	689938.575204	381448.049134	308490.526070
 80+ 	513683.205701	288335.480868	225347.724832
Total	102468291.548682	53153603.528517	49314688.020165
1989			
 0-4	16181782.708764	8246599.737201	7935182.971562
 5-9	14592855.349591	7443514.046543	7149341.303047
 10-14 	13086371.562315	6672065.953446	6414305.608869
 15-19 	11385759.037377	5818215.058166	5567543.979211
 20-24 	10037415.641048	5179729.724803	4857685.916245
 25-29 	8456968.003475	4395658.247707	4061309.755768
 30-34 	6365160.638003	3387401.953350	2977758.684653
 35-39 	4886823.522832	2647792.727702	2239030.795130
 40-44 	4309933.888773	2253065.581107	2056868.307666
 45-49 	3908052.158537	2033068.435503	1874983.723034
 50-54 	3218290.933288	1725349.862482	1492941.070807
 55-59 	2587137.253540	1396384.270747	1190752.982793
 60-64 	2070501.856111	1109540.875886	960960.980225
 65-69 	1596251.059813	858554.280814	737696.778999
 70-74 	1124902.048635	612167.593228	512734.455407
 75-79 	711375.372053	391465.329971	319910.042082
 80+ 	534462.113466	300263.922614	234198.190852
Total	105054043.147621	54470837.601270	50583205.546351
1990			
 0-4	16275944.566965	8296588.941099	7979355.625866
 5-9	14824769.288162	7564023.640265	7260745.647896
 10-14 	13405902.763499	6836315.346759	6569587.416740
 15-19 	11578692.888638	5905454.915607	5673237.973032
 20-24 	10321048.541308	5317390.747362	5003657.793945
 25-29 	8818601.435606	4579246.083120	4239355.352486
 30-34 	6765601.290325	3576696.839881	3188904.450445
 35-39 	5067188.997232	2752704.331213	2314484.666019
 40-44 	4367435.556701	2301376.756976	2066058.799725
 45-49 	3984074.135129	2066455.126717	1917619.008412
 50-54 	3327562.569988	1774904.112520	1552658.457468
 55-59 	2668494.228545	1440494.823285	1227999.405260
 60-64 	2124106.696971	1138806.507122	985300.189848
 65-69 	1640925.084410	879964.022778	760961.061632
 70-74 	1158338.684265	628582.054711	529756.629554
 75-79 	732918.252666	401624.600794	331293.651871
 80+ 	555691.990045	312079.832927	243612.157118
Total	107617296.970453	55772708.683136	51844588.287318
1991			
 0-4	16334257.282936	8328563.603343	8005693.679593
 5-9	15034210.025638	7672577.306029	7361632.719609
 10-14 	13706742.029067	6991138.871348	6715603.157718
 15-19 	11939956.853713	6084815.085749	5855141.767964
 20-24 	10441879.771621	5362521.006272	5079358.765349
 25-29 	9115729.565674	4728767.417491	4386962.148182
 30-34 	7166751.610881	3768824.459709	3397927.151172
 35-39 	5287418.257138	2870590.970653	2416827.286485
 40-44 	4445161.435416	2363629.576993	2081531.858422
 45-49 	4037482.030997	2094200.297872	1943281.733125
 50-54 	3436948.027340	1822237.296322	1614710.731018
 55-59 	2753756.672115	1484752.113081	1269004.559034
 60-64 	2180763.911853	1170011.102588	1010752.809264
 65-69 	1683843.916432	900148.669817	783695.246614
 70-74 	1193450.149321	645264.979800	548185.169522
 75-79 	754235.835396	411955.187799	342280.647597
 80+ 	577496.093582	323753.084175	253743.009407
Total	110090083.469118	57023751.029042	53066332.440076
1992			
 0-4	16374894.859035	8351089.963095	8023804.895940
 5-9	15219337.738652	7768845.024726	7450492.713925
 10-14 	13987754.712691	7135982.759789	6851771.952902
 15-19 	12232581.954813	6227549.761287	6005032.193526
 20-24 	10597879.937935	5424187.313319	5173692.624616
 25-29 	9415616.523258	4879471.474110	4536145.049148
 30-34 	7555090.974435	3957236.023886	3597854.950549
 35-39 	5558526.431539	3007429.134463	2551097.297076
 40-44 	4538749.224197	2435107.289498	2103641.934699
 45-49 	4079601.617470	2121769.782277	1957831.835193
 50-54 	3544808.670261	1867637.053228	1677171.617033
 55-59 	2843802.971763	1529805.541396	1313997.430367
 60-64 	2241110.096452	1203063.591602	1038046.504851
 65-69 	1726552.417608	920417.267182	806135.150426
 70-74 	1229912.155827	662311.120425	567601.035403
 75-79 	775896.507437	422494.367490	353402.139947
 80+ 	599773.116570	335412.197222	264360.919348
Total	112521889.909943	58249809.664994	54272080.244949
1993			
 0-4	16396711.667089	8364510.783618	8032200.883470
 5-9	15383072.749677	7853420.326993	7529652.422685
 10-14 	14251883.830999	7272206.445358	6979677.385641
 15-19 	12530425.269442	6375081.977352	6155343.292090
 20-24 	10780047.627818	5498489.427433	5281558.200385
 25-29 	9670887.190250	5004770.811992	4666116.378259
 30-34 	7920164.450117	4136684.594231	3783479.855886
 35-39 	5880528.960546	3164205.110108	2716323.850438
 40-44 	4651231.421729	2514959.649858	2136271.771871
 45-49 	4119346.723588	2153310.867229	1966035.856359
 50-54 	3645250.749963	1909520.161291	1735730.588672
 55-59 	2938665.423510	1575559.363972	1363106.059537
 60-64 	2305619.609532	1238010.702018	1067608.907514
 65-69 	1769924.872728	941547.392859	828377.479869
 70-74 	1266979.471401	679458.629550	587520.841851
 75-79 	798358.419320	433336.508875	365021.910445
 80+ 	622453.589454	347134.628918	275318.960537
Total	114931552.027163	59462207.381654	55469344.645509
1994			
 0-4	16403062.038621	8368795.824754	8034266.213867
 5-9	15527473.465098	7928825.401877	7598648.063221
 10-14 	14497810.519977	7399687.371504	7098123.148472
 15-19 	12831203.835490	6527137.359993	6304066.475498
 20-24 	11084201.442841	5641446.972977	5442754.469864
 25-29 	9796300.186519	5055363.230117	4740936.956402
 30-34 	8268806.842762	4310296.483611	3958510.359152
 35-39 	6242488.552889	3337159.193187	2905329.359702
 40-44 	4789152.015775	2604047.369672	2185104.646103
 45-49 	4165667.406529	2192484.355898	1973183.050630
 50-54 	3733143.775264	1946936.412322	1786207.362942
 55-59 	3037744.189025	1621545.504140	1416198.684885
 60-64 	2374904.810217	1274987.519337	1099917.290881
 65-69 	1814888.151671	964236.358963	850651.792708
 70-74 	1304060.955559	696524.189059	607536.766501
 75-79 	821972.867973	444595.997244	377376.870729
 80+ 	645534.814491	358971.126881	286563.687610
Total	117338415.870702	60673040.671535	56665375.199167
1995			
 0-4	16401659.062268	8369971.995070	8031687.067198
 5-9	15646045.410176	7990194.655117	7655850.755059
 10-14 	14725253.576541	7517652.615224	7207600.961317
 15-19 	13134822.939895	6683885.575568	6450937.364326
 20-24 	11246145.544503	5707538.448363	5538607.096139
 25-29 	10052730.890391	5175393.989989	4877336.900402
 30-34 	8615149.311997	4485445.911727	4129703.400271
 35-39 	6626360.747735	3519206.393907	3107154.353828
 40-44 	4963575.195703	2705825.523445	2257749.672259
 45-49 	4224079.756358	2241078.676397	1983001.079961
 50-54 	3804791.802710	1979373.657709	1825418.145001
 55-59 	3140303.805812	1667300.905277	1473002.900535
 60-64 	2449650.028770	1314226.441384	1135423.587386
 65-69 	1862201.812258	988894.805190	873307.007068
 70-74 	1340803.631444	713404.973373	627398.658071
 75-79 	846918.480560	456370.316335	390548.164225
 80+ 	669085.327156	370934.427576	298150.899580
Total	119749577.324277	61886699.311651	57862878.012626
1996			
 0-4	16393163.740199	8366672.409465	8026491.330733
 5-9	15742558.255698	8041035.626394	7701522.629304
 10-14 	14937687.468421	7628098.728309	7309588.740112
 15-19 	13445216.224949	6847852.835874	6597363.389075
 20-24 	11610858.856316	5889536.165346	5721322.690970
 25-29 	10170556.277941	5216667.704685	4953888.573256
 30-34 	8910556.705408	4632818.254721	4277738.450687
 35-39 	7016679.545551	3705428.826673	3311250.718878
 40-44 	5177692.718788	2819943.961919	2357748.756868
 45-49 	4305661.204070	2303329.665260	2002331.538809
 50-54 	3859186.210123	2007533.404830	1851652.805293
 55-59 	3245848.647249	1713083.693232	1532764.954017
 60-64 	2529872.875500	1355413.182776	1174459.692724
 65-69 	1913580.205922	1016735.429733	896844.776189
 70-74 	1376929.114580	730153.625999	646775.488581
 75-79 	873536.246581	468780.614897	404755.631684
 80+ 	693147.767995	383107.658369	310040.109626
Total	122202732.065291	63126191.788485	59076540.276807
1997			
 0-4	16377694.139488	8359772.046542	8017922.092946
 5-9	15820661.057674	8081944.061090	7738716.996585
 10-14 	15126315.614955	7726667.455467	7399648.159488
 15-19 	13744564.295320	7007215.844840	6737348.450480
 20-24 	11927216.376291	6048895.650462	5878320.725829
 25-29 	10334539.554315	5281078.717237	5053460.837078
 30-34 	9212232.837180	4782859.479621	4429373.357559
 35-39 	7396126.251899	3887901.486103	3508224.765796
 40-44 	5440663.319170	2951819.237460	2488844.081710
 45-49 	4402891.004648	2373978.274293	2028912.730355
 50-54 	3903773.958310	2035255.009360	1868518.948950
 55-59 	3350280.410854	1757482.651333	1592797.759522
 60-64 	2614694.019340	1397718.637933	1216975.381407
 65-69 	1968389.259989	1046592.121504	921797.138485
 70-74 	1413008.177721	747216.576142	665791.601578
 75-79 	901258.155635	481611.763176	419646.392459
 80+ 	717992.698075	395550.119262	322442.578813
Total	124652301.130866	64363559.131825	60288741.999041
1998			
 0-4	16354334.230559	8348814.240356	8005519.990204
 5-9	15879132.479846	8113064.688960	7766067.790886
 10-14 	15293180.434421	7813204.259846	7479976.174574
 15-19 	14027719.921122	7157939.224202	6869780.696921
 20-24 	12257836.997702	6219531.871513	6038305.126189
 25-29 	10531731.371840	5362280.835044	5169450.536796
 30-34 	9471730.886059	4908542.885886	4563188.000172
 35-39 	7754046.366557	4061709.612170	3692336.754387
 40-44 	5752755.055616	3102682.831692	2650072.223924
 45-49 	4517943.691468	2452250.174723	2065693.516745
 50-54 	3946684.243609	2066532.541537	1880151.702072
 55-59 	3447890.479698	1798717.616976	1649172.862722
 60-64 	2703971.840400	1440776.267507	1263195.572893
 65-69 	2026926.582334	1078256.878865	948669.703469
 70-74 	1449758.657195	765143.306202	684615.350994
 75-79 	929585.472872	494633.717124	434951.755748
 80+ 	743908.505604	408367.635709	335540.869894
Total	127089137.216902	65592448.588311	61496688.628591
1999			
 0-4	16319863.274922	8332153.583443	7987709.691479
 5-9	15922909.508666	8135390.791196	7787518.717470
 10-14 	15441074.464503	7890405.352195	7550669.112308
 15-19 	14286772.981736	7295610.654238	6991162.327498
 20-24 	12586878.422900	6391260.960412	6195617.462488
 25-29 	10851239.434915	5511493.107453	5339746.327461
 30-34 	9602202.266599	4959379.442145	4642822.824454
 35-39 	8095733.711990	4229334.052193	3866399.659797
 40-44 	6102820.852880	3268716.797519	2834104.055360
 45-49 	4654562.298480	2538182.541502	2116379.756978
 50-54 	3994858.183849	2104426.396101	1890431.787748
 55-59 	3532803.985510	1835247.712101	1697556.273409
 60-64 	2795592.626801	1483391.097298	1312201.529503
 65-69 	2088286.447948	1111194.373571	977092.074377
 70-74 	1487426.590628	784264.773831	703161.816797
 75-79 	958160.960892	507703.991221	450456.969671
 80+ 	771121.033131	421658.265880	349462.767251
Total	129492307.046349	66799813.892299	62692493.154050
2000			
 0-4	16274354.536838	8309823.752090	7964530.784748
 5-9	15957418.324569	8154151.824615	7803266.499954
 10-14 	15565182.673361	7954224.253910	7610958.419451
 15-19 	14520089.128782	7418648.196328	7101440.932454
 20-24 	12904493.319922	6556824.357203	6347668.962719
 25-29 	11027367.984806	5580560.227297	5446807.757509
 30-34 	9859527.382505	5076532.018945	4782995.363560
 35-39 	8433470.447568	4397161.722467	4036308.725101
 40-44 	6472688.672186	3442662.170675	3030026.501511
 45-49 	4820548.796307	2633945.296170	2186603.500137
 50-54 	4051269.736419	2149830.248938	1901439.487481
 55-59 	3600283.268102	1865920.808604	1734362.459498
 60-64 	2886808.729877	1524248.457992	1362560.271885
 65-69 	2151038.314984	1144831.454264	1006206.860720
 70-74 	1525678.099384	804563.301575	721114.797809
 75-79 	986793.402561	520777.923961	466015.478599
 80+ 	799724.898638	435478.894258	364246.004380
Total	131836737.716809	67970184.909294	63866552.807515
2001			
 0-4	16218001.271733	8281922.623275	7936078.648458
 5-9	15979213.693211	8165717.273933	7813496.419278
 10-14 	15667769.772159	8007352.175820	7660417.596339
 15-19 	14725444.623211	7525581.415453	7199863.207758
 20-24 	13199717.329604	6708321.137248	6491396.192356
 25-29 	11388327.556561	5750394.826388	5637932.730172
 30-34 	9967423.446416	5106570.888333	4860852.558083
 35-39 	8711440.953801	4531613.090902	4179827.862899
 40-44 	6843196.454244	3617460.926378	3225735.527866
 45-49 	5014974.848213	2737261.611922	2277713.236291
 50-54 	4122424.180196	2205031.357162	1917392.823034
 55-59 	3646627.664122	1889868.984685	1756758.679437
 60-64 	2974286.633885	1561883.443123	1412403.190762
 65-69 	2212709.209733	1177488.712097	1035220.497636
 70-74 	1564367.533650	826191.186497	738176.347153
 75-79 	1014975.061820	533666.150292	481308.911528
 80+ 	829852.932262	449892.473046	379960.459216
Total	134080753.164821	69076218.276554	65004534.888268
2002			
 0-4	16140502.971740	8243181.956691	7897321.015049
 5-9	15994742.886570	8174053.657984	7820689.228586
 10-14 	15753533.912034	8051113.271190	7702420.640845
 15-19 	14904810.715270	7618102.697873	7286708.017397
 20-24 	13466483.393574	6843049.320855	6623434.072719
 25-29 	11692501.044226	5888974.548762	5803526.495464
 30-34 	10116158.133736	5154570.621002	4961587.512734
 35-39 	8990094.101457	4664645.762620	4325448.338837
 40-44 	7200609.267165	3786735.616911	3413873.650255
 45-49 	5249604.827692	2854338.728078	2395266.099614
 50-54 	4201970.228600	2265159.726338	1936810.502262
 55-59 	3681076.539540	1911884.660133	1769191.879408
 60-64 	3055856.118408	1595941.715991	1459914.402417
 65-69 	2273646.761785	1209130.688004	1064516.073781
 70-74 	1602857.932508	848325.245556	754532.686952
 75-79 	1043089.219970	546821.952435	496267.267535
 80+ 	861313.679277	464818.332419	396495.346857
Total	136228851.733552	70120848.502842	66108003.230710
2003			
 0-4	16033453.441430	8189246.212390	7844207.229040
 5-9	16002493.466620	8178420.618010	7824072.848610
 10-14 	15819798.495791	8085498.939651	7734299.556140
 15-19 	15062823.516256	7697811.178561	7365012.337695
 20-24 	13704213.416629	6960783.589394	6743429.827234
 25-29 	12000932.894490	6030184.516909	5970748.377580
 30-34 	10293244.894423	5214330.727767	5078914.166656
 35-39 	9221355.423439	4769254.921975	4452100.501464
 40-44 	7535436.326019	3946003.054387	3589433.271632
 45-49 	5527133.195434	2987175.310163	2539957.885271
 50-54 	4292161.036639	2329299.564685	1962861.471954
 55-59 	3711984.432450	1935934.725804	1776049.706646
 60-64 	3127549.131829	1625085.064681	1502464.067149
 65-69 	2334808.583315	1239629.479742	1095179.103574
 70-74 	1641314.868458	870634.972756	770679.895701
 75-79 	1071296.552690	560512.788545	510783.764145
 80+ 	893910.574778	480144.518919	413766.055859
Total	138273910.250689	71099950.184338	67173960.066351
2004			
 0-4	15887201.290296	8115132.745677	7772068.544619
 5-9	15999748.253928	8177442.269024	7822305.984903
 10-14 	15869457.372323	8110419.358693	7759038.013630
 15-19 	15200932.236695	7766788.449093	7434143.787602
 20-24 	13909342.866511	7059483.241648	6849859.624863
 25-29 	12297878.109324	6164816.051898	6133062.057425
 30-34 	10586725.566417	5336941.031442	5249784.534975
 35-39 	9319054.944397	4794981.042938	4524073.901458
 40-44 	7852856.490419	4097488.459678	3755368.030741
 45-49 	5839366.405220	3132828.394369	2706538.010850
 50-54 	4398673.861649	2398059.257807	2000614.603842
 55-59 	3746378.263930	1964981.072221	1781397.191709
 60-64 	3185633.129693	1648271.532925	1537361.596768
 65-69 	2396103.787343	1268270.423034	1127833.364309
 70-74 	1680081.299346	892870.809916	787210.489431
 75-79 	1099659.117401	574885.740956	524773.376444
 80+ 	927521.279924	495819.294555	431701.985370
Total	140196614.274815	71999479.175875	68197135.098940
2005			
 0-4	15706271.639615	8023194.474932	7683077.164683
 5-9	15982741.193033	8169177.432958	7813563.760075
 10-14 	15908244.663204	8130946.690145	7777297.973059
 15-19 	15311192.324419	7819442.580816	7491749.743603
 20-24 	14082045.332299	7137419.029815	6944626.302484
 25-29 	12574420.503704	6286610.219312	6287810.284391
 30-34 	10731713.399708	5375023.307692	5356690.092016
 35-39 	9537969.803670	4882684.655662	4655285.148008
 40-44 	8164578.874473	4247290.456394	3917288.418079
 45-49 	6170252.955046	3284697.373829	2885555.581217
 50-54 	4531756.802074	2474485.911909	2057270.890165
 55-59 	3787323.331951	1999963.923753	1787359.408198
 60-64 	3226934.256729	1664739.534720	1562194.722009
 65-69 	2456615.530149	1294206.543869	1162408.986279
 70-74 	1719552.540526	914965.619361	804586.921164
 75-79 	1128167.182211	589957.329690	538209.852522
 80+ 	962032.503668	511809.901350	450222.602318
Total	141981812.836480	72806614.986208	69175197.850272
2006			
 0-4	15506378.912380	7921588.152148	7584790.760232
 5-9	15946346.541675	8150982.345600	7795364.196075
 10-14 	15931758.764946	8142745.677747	7789013.087199
 15-19 	15390523.443391	7854334.008188	7536189.435203
 20-24 	14217954.732166	7189146.935874	7028807.796292
 25-29 	12818798.725794	6385986.747675	6432811.978119
 30-34 	11052026.753705	5506858.115721	5545168.637985
 35-39 	9603257.601848	4878840.744087	4724416.857761
 40-44 	8413496.583973	4360472.121100	4053024.462873
 45-49 	6500533.617758	3434767.860157	3065765.757601
 50-54 	4692052.835941	2556434.413596	2135618.422345
 55-59 	3840505.506887	2042334.464915	1798171.041972
 60-64 	3247827.460846	1673138.210131	1574689.250715
 65-69 	2513707.528878	1315841.530183	1197865.998695
 70-74 	1758853.595108	935802.979749	823050.615359
 75-79 	1157014.298349	605880.277814	551134.020535
 80+ 	997256.280218	528063.853753	469192.426466
Total	143588293.183863	73483218.438439	70105074.745424
2007			
 0-4	15313994.666570	7824024.740216	7489969.926354
 5-9	15878840.342376	8116821.852768	7762018.489607
 10-14 	15947842.818730	8150858.954495	7796983.864235
 15-19 	15452148.233145	7879830.900411	7572317.332734
 20-24 	14328768.980317	7226299.603896	7102469.376421
 25-29 	13030730.953145	6465970.826740	6564760.126405
 30-34 	11314041.976888	5606631.714913	5707410.261975
 35-39 	9707823.696747	4891488.046049	4816335.650698
 40-44 	8662375.646024	4471274.047354	4191101.598670
 45-49 	6821145.321681	3580289.282023	3240856.039659
 50-54 	4893108.614198	2651677.898525	2241430.715673
 55-59 	3902123.593782	2089241.934321	1812881.659461
 60-64 	3259794.494197	1680064.865390	1579729.628807
 65-69 	2567608.131843	1334371.903343	1233236.228499
 70-74 	1798683.990658	955613.324876	843070.665783
 75-79 	1185747.853459	621991.046498	563756.806961
 80+ 	1033300.223313	544816.486360	488483.736954
Total	145098079.537073	74091267.428177	71006812.108897
2008			
 0-4	15154041.372250	7743515.885166	7410525.487084
 5-9	15774526.295495	8063790.042867	7710736.252629
 10-14 	15955881.759371	8154972.326956	7800909.432415
 15-19 	15499251.105126	7899727.284257	7599523.820870
 20-24 	14426343.640674	7257149.711200	7169193.929473
 25-29 	13214830.860053	6531038.239593	6683792.620461
 30-34 	11582912.802041	5711198.742726	5871714.059315
 35-39 	9843392.038370	4917736.800919	4925655.237450
 40-44 	8865526.260054	4554276.867906	4311249.392148
 45-49 	7124689.060028	3718577.795951	3406111.264077
 50-54 	5138686.154373	2763352.763568	2375333.390805
 55-59 	3975496.720479	2140737.807866	1834758.912613
 60-64 	3272070.694850	1690555.692026	1581515.002824
 65-69 	2615722.317450	1349621.579202	1266100.738247
 70-74 	1840112.790012	974671.845928	865440.944085
 75-79 	1214457.248259	638042.049242	576415.199017
 80+ 	1070164.151782	562196.397330	507967.754452
Total	146568105.270668	74671161.832703	71896943.437966
2009			
 0-4	15032297.936103	7683188.550841	7349109.385262
 5-9	15635406.869020	7992972.630162	7642434.238858
 10-14 	15953342.152506	8153861.421942	7799480.730564
 15-19 	15540895.227361	7918047.491644	7622847.735718
 20-24 	14523379.342760	7293494.098175	7229885.244585
 25-29 	13376687.731554	6588179.512861	6788508.218693
 30-34 	11850468.173299	5817613.017673	6032855.155627
 35-39 	10104447.974333	5013969.169430	5090478.804903
 40-44 	8942726.788903	4563215.103207	4379511.685697
 45-49 	7420679.689938	3855086.294007	3565593.395931
 50-54 	5424040.888410	2891194.307939	2532846.580471
 55-59 	4068507.172154	2199144.185714	1869362.986440
 60-64 	3294084.288901	1709468.112768	1584616.176133
 65-69 	2657251.779789	1362499.669563	1294752.110226
 70-74 	1884333.664348	993312.323438	891021.340910
 75-79 	1243490.021774	653942.786880	589547.234895
 80+ 	1107793.948853	580249.956424	527543.992429
Total	148059833.650006	75269438.632666	72790395.017339
2010			
 0-4	14951780.623884	7644507.323492	7307273.300392
 5-9	15467692.908912	7907634.619847	7560058.289065
 10-14 	15935548.878846	8145075.271664	7790473.607182
 15-19 	15584415.682025	7940833.389661	7643582.292365
 20-24 	14621755.761071	7337375.849702	7284379.911369
 25-29 	13525623.664590	6645013.461270	6880610.203320
 30-34 	12113702.035282	5925336.962717	6188365.072566
 35-39 	10235273.694455	5039409.344733	5195864.349722
 40-44 	9151427.958757	4641623.462561	4509804.496196
 45-49 	7724821.021076	3998581.888837	3726239.132240
 50-54 	5737915.214718	3031779.654229	2706135.560489
 55-59 	4193168.498292	2268819.234087	1924349.264205
 60-64 	3331357.587474	1739395.339392	1591962.248081
 65-69 	2692429.156409	1374186.386083	1318242.770326
 70-74 	1932615.855784	1012036.809390	920579.046393
 75-79 	1273352.967158	669759.766927	603593.200231
 80+ 	1146084.443854	598924.387731	547160.056123
Total	149618965.952587	75920293.152322	73698672.800265
2011			
 0-4	14902787.975479	7622200.055023	7280587.920456
 5-9	15288984.187583	7816925.824965	7472058.362618
 10-14 	15899206.846581	8127199.512190	7772007.334391
 15-19 	15631532.998837	7968609.189373	7662923.809464
 20-24 	14736349.763420	7401837.617732	7334512.145688
 25-29 	13677710.640270	6714975.025059	6962735.615211
 30-34 	12376492.416692	6039398.605475	6337093.811217
 35-39 	10571181.124882	5182811.974877	5388369.150005
 40-44 	9230113.528575	4646070.830031	4584042.698544
 45-49 	7990072.458845	4121250.927514	3868821.531331
 50-54 	6070837.181331	3183837.555823	2886999.625508
 55-59 	4355648.844104	2351733.133063	2003915.711041
 60-64 	3394367.881868	1785357.673506	1609010.208362
 65-69 	2723266.885373	1386974.727406	1336292.157967
 70-74 	1986285.780122	1031808.851508	954476.928614
 75-79 	1304471.896828	685350.058437	619121.838391
 80+ 	1185091.021538	618296.573733	566794.447805
Total	151324401.432327	76684638.135715	74639763.296612
2012			
 0-4	14869061.961460	7607474.718951	7261587.242509
 5-9	15120888.645232	7732091.560975	7388797.084257
 10-14 	15831179.665701	8093072.113276	7738107.552426
 15-19 	15673859.723398	7994606.467713	7679253.255684
 20-24 	14855802.682009	7473332.934799	7382469.747211
 25-29 	13826432.263073	6791643.565925	7034788.697148
 30-34 	12621191.877092	6148027.325023	6473164.552069
 35-39 	10866784.065569	5308260.999295	5558523.066274
 40-44 	9359260.281591	4675580.715095	4683679.566497
 45-49 	8266389.815029	4248716.048450	4017673.766579
 50-54 	6406472.239939	3339284.484894	3067187.755046
 55-59 	4562782.385808	2451006.752378	2111775.633430
 60-64 	3472409.587889	1840035.257872	1632374.330017
 65-69 	2753686.546901	1402832.162216	1350854.384685
 70-74 	2043053.094014	1052150.560783	990902.533231
 75-79 	1337406.813474	700887.917455	636518.896019
 80+ 	1224713.630546	638153.457185	586560.173360
Total	153091375.278726	77497157.042285	75594218.236441
2013			
 0-4	14839185.677012	7594128.042925	7245057.634086
 5-9	14977733.135751	7660501.727617	7317231.408134
 10-14 	15726400.949144	8040001.430112	7686399.519032
 15-19 	15704972.750756	8014520.833802	7690451.916954
 20-24 	14970663.673900	7545020.773656	7425642.900244
 25-29 	13975235.725425	6874152.678636	7101083.046790
 30-34 	12845016.444734	6249236.408383	6595780.036351
 35-39 	11179091.283123	5446356.569098	5732734.714024
 40-44 	9525039.850362	4723502.589110	4801537.261252
 45-49 	8502741.611930	4352122.195464	4150619.416466
 50-54 	6733575.984928	3492697.646151	3240878.338777
 55-59 	4815811.712662	2568062.158674	2247749.553987
 60-64 	3564828.671632	1901238.019211	1663590.652421
 65-69 	2788386.802191	1424304.541819	1364082.260372
 70-74 	2099104.014749	1072139.142841	1026964.871908
 75-79 	1373246.918308	716823.604043	656423.314265
 80+ 	1265224.733096	658593.967832	606630.765264
Total	154886259.939704	78333402.329376	76552857.610328
2014			
 0-4	14798364.468927	7574437.847753	7223926.621174
 5-9	14871110.715338	7608010.265957	7263100.449381
 10-14 	15587459.377366	7969288.429106	7618170.948259
 15-19 	15720004.074360	8025261.263122	7694742.811239
 20-24 	15076643.990187	7610707.830847	7465936.159340
 25-29 	14125786.545127	6962792.082640	7162994.462487
 30-34 	13045906.707405	6342471.181761	6703435.525644
 35-39 	11490646.690754	5586646.808154	5903999.882600
 40-44 	9814706.560077	4840698.156098	4974008.403979
 45-49 	8613717.698891	4381819.842998	4231897.855893
 50-54 	7055119.503534	3645240.294950	3409879.208583
 55-59 	5107599.036691	2700912.060213	2406686.976478
 60-64 	3675003.958759	1968711.296718	1706292.662041
 65-69 	2831821.793595	1453586.210345	1378235.583250
 70-74 	2151109.406160	1091266.579234	1059842.826926
 75-79 	1412770.320240	733480.116455	679290.203786
 80+ 	1307058.065061	679819.925138	627238.139923
Total	156684828.912472	79175150.191489	77509678.720983
2015			
 0-4	14744014.155839	7547090.325684	7196923.830156
 5-9	14802233.634763	7575072.709255	7227160.925509
 10-14 	15421055.234456	7884494.492425	7536560.742031
 15-19 	15716559.806756	8025734.485536	7690825.321220
 20-24 	15173559.598952	7671660.208859	7501899.390093
 25-29 	14271977.642392	7051665.434412	7220312.207980
 30-34 	13229580.322471	6430944.692621	6798635.629850
 35-39 	11792351.677779	5723636.336370	6068715.341410
 40-44 	9973248.019492	4885971.557879	5087276.461613
 45-49 	8849151.587577	4476559.322169	4372592.265408
 50-54 	7381343.389470	3802303.842893	3579039.546577
 55-59 	5425968.002821	2845353.530173	2580614.472648
 60-64 	3812138.187319	2045246.140494	1766892.046826
 65-69 	2886352.460202	1491605.634648	1394746.825554
 70-74 	2196896.931556	1109367.765926	1087529.165629
 75-79 	1456602.210964	751147.463280	705454.747684
 80+ 	1350734.076520	702050.146640	648683.929880
Total	158483766.939330	80019904.089263	78463862.850067
2016			
 0-4	14678371.451886	7513413.585600	7164957.866286
 5-9	14758247.167501	7554796.596173	7203450.571328
 10-14 	15244168.597366	7794408.556525	7449760.040841
 15-19 	15689704.652170	8013134.337899	7676570.314271
 20-24 	15251203.561344	7719731.391892	7531472.169453
 25-29 	14413048.532127	7139865.312225	7273183.219902
 30-34 	13401013.682482	6517352.661706	6883661.020776
 35-39 	12076629.559942	5852816.358377	6223813.201565
 40-44 	10322838.313355	5038617.631227	5284220.682128
 45-49 	8944566.689947	4490557.656749	4454009.033198
 50-54 	7658394.081126	3931577.533603	3726816.547523
 55-59 	5757473.569894	2997182.266978	2760291.302916
 60-64 	3978445.490145	2130157.660806	1848287.829339
 65-69 	2957455.225698	1540315.818516	1417139.407182
 70-74 	2234878.482768	1126413.438154	1108465.044614
 75-79 	1504728.398646	769932.877359	734795.521287
 80+ 	1396603.967098	725261.751088	671342.216010
Total	160267771.423494	80855535.434875	79412235.988619
2017			
 0-4	14603187.333354	7474535.265455	7128652.067899
 5-9	14728229.221498	7541271.498041	7186957.723457
 10-14 	15078410.440382	7710447.483179	7367962.957203
 15-19 	15630294.331771	7983403.665184	7646890.666587
 20-24 	15314143.848445	7758650.194787	7555493.653659
 25-29 	14550305.567705	7226114.142524	7324191.425181
 30-34 	13563193.357039	6604271.698081	6958921.658958
 35-39 	12335546.298688	5970515.164045	6365031.134643
 40-44 	10627817.163832	5169752.916029	5458064.247802
 45-49 	9084387.375672	4525870.911405	4558516.464266
 50-54 	7941031.390713	4062232.418793	3878798.971921
 55-59 	6089599.803859	3150961.743660	2938638.060199
 60-64 	4183968.963369	2228819.349882	1955149.613486
 65-69 	3039149.411227	1595468.292618	1443681.118609
 70-74 	2270830.730074	1145420.718799	1125410.011275
 75-79 	1555671.994097	789562.891374	766109.102723
 80+ 	1444946.529354	749328.576356	695617.952997
Total	162040713.761078	81686626.930213	80354086.830864
2018			
 0-4	14524173.023250	7433604.097639	7090568.925610
 5-9	14702133.117055	7529184.251826	7172948.865229
 10-14 	14937442.095528	7639704.907899	7297737.187628
 15-19 	15532715.357144	7933779.762816	7598935.594328
 20-24 	15359167.500315	7786642.125588	7572525.374727
 25-29 	14677115.483189	7306812.351734	7370303.131455
 30-34 	13721193.561661	6692965.169739	7028228.391921
 35-39 	12568754.185531	6077016.228567	6491737.956964
 40-44 	10946016.175738	5310970.369910	5635045.805828
 45-49 	9256914.650306	4577152.384373	4679762.265934
 50-54 	8181267.533449	4167376.729193	4013890.804256
 55-59 	6412242.750657	3301981.244832	3110261.505825
 60-64 	4430963.793289	2343126.399039	2087837.394250
 65-69 	3132139.900995	1655640.814712	1476499.086283
 70-74 	2309800.103856	1168862.737818	1140937.366038
 75-79 	1606446.990988	809104.071275	797342.919713
 80+ 	1496581.519828	774338.905801	722242.614027
Total	163795067.742780	82508262.552763	81286805.190016
2019			
 0-4	14441863.457552	7391053.365269	7050810.092283
 5-9	14666185.248046	7511410.144456	7154775.103590
 10-14 	14832489.437358	7587883.681364	7244605.755994
 15-19 	15399240.111801	7865606.379332	7533633.732469
 20-24 	15383837.790582	7802617.040263	7581220.750319
 25-29 	14791479.269563	7378383.263145	7413096.006418
 30-34 	13878118.867277	6785566.664834	7092552.202444
 35-39 	12776150.786325	6173644.370417	6602506.415908
 40-44 	11261432.816817	5453116.096026	5808316.720791
 45-49 	9549207.311920	4695312.369045	4853894.942876
 50-54 	8296988.313876	4199584.902386	4097403.411490
 55-59 	6729031.170139	3451850.964784	3277180.205355
 60-64 	4713608.325206	2471690.833600	2241917.491606
 65-69 	3240534.935089	1721030.017699	1519504.917391
 70-74 	2356235.937212	1198785.551164	1157450.386048
 75-79 	1654460.805359	827975.938670	826484.866689
 80+ 	1552251.024736	800385.660979	751865.363757
Total	165523115.608860	83315897.243432	82207218.365428
2020			
 0-4	14351197.761067	7344303.291277	7006894.469791
 5-9	14618545.883083	7487074.369903	7131471.513180
 10-14 	14764868.559136	7555492.655980	7209375.903156
 15-19 	15236751.415210	7782629.021593	7454122.393617
 20-24 	15386264.020420	7806002.093492	7580261.926928
 25-29 	14893405.623835	7442450.156990	7450955.466845
 30-34 	14028012.300752	6876404.696223	7151607.604529
 35-39 	12963554.196754	6263768.059223	6699786.137531
 40-44 	11565055.305922	5590803.768516	5974251.537406
 45-49 	9711093.509820	4742277.993775	4968815.516045
 50-54 	8533320.061116	4294753.120040	4238566.941075
 55-59 	7049986.128580	3605825.453474	3444160.675106
 60-64 	5020562.593645	2610606.539324	2409956.054320
 65-69 	3372854.264126	1794146.926414	1578707.337711
 70-74 	2411844.336514	1235789.429939	1176054.906574
 75-79 	1697946.649483	845930.545342	852016.104142
 80+ 	1612644.133996	827670.924879	784973.209117
Total	167217906.743460	84105929.046386	83111977.697074
2021			
 0-4	14251246.881591	7292814.320008	6958432.561583
 5-9	14559837.655555	7456684.530067	7103153.125487
 10-14 	14721708.258954	7535626.125963	7186082.132991
 15-19 	15062351.734403	7693775.423905	7368576.310497
 20-24 	15362977.100331	7795202.249834	7567774.850497
 25-29 	14974538.955473	7492699.749375	7481839.206098
 30-34 	14171464.673589	6965948.563693	7205516.109895
 35-39 	13137249.251322	6351296.465254	6785952.786068
 40-44 	11850124.699757	5720269.186058	6129855.513699
 45-49 	10059687.872715	4894119.154173	5165568.718543
 50-54 	8631633.988186	4310818.554000	4320815.434186
 55-59 	7322812.745386	3732794.967399	3590017.777987
 60-64 	5339529.790033	2756249.517410	2583280.272622
 65-69 	3531689.027691	1874740.717640	1656948.310051
 70-74 	2481347.091523	1281651.076198	1199696.015325
 75-79 	1735689.686397	863003.678507	872686.007890
 80+ 	1677899.534655	856237.919040	821661.615615
Total	168871788.947560	84873932.198525	83997856.749035
2022			
 0-4	14138685.758512	7234807.408055	6903878.350456
 5-9	14493128.686829	7421952.306789	7071176.380041
 10-14 	14692360.332834	7522484.300395	7169876.032438
 15-19 	14898289.725137	7610723.495891	7287566.229246
 20-24 	15305117.382837	7766162.347050	7538955.035787
 25-29 	15038807.599611	7532163.676502	7506643.923109
 30-34 	14309528.115374	7052422.887954	7257105.227420
 35-39 	13299993.828018	6438314.948400	6861678.879618
 40-44 	12108773.867653	5837680.656370	6271093.211283
 45-49 	10363470.619428	5024466.743597	5339003.875831
 50-54 	8772806.442758	4347456.355917	4425350.086841
 55-59 	7600923.978682	3860995.186343	3739928.792339
 60-64 	5658859.785859	2903520.313834	2755339.472024
 65-69 	3726184.630736	1967561.250911	1758623.379825
 70-74 	2559567.190944	1332714.611777	1226852.579168
 75-79 	1772141.441367	881600.407722	890541.033645
 80+ 	1746955.139096	885878.895608	861076.243488
Total	170485594.525674	85620905.793115	84864688.732559
2023			
 0-4	14014966.690538	7170924.778553	6844041.911985
 5-9	14418869.360099	7383188.200440	7035681.159660
 10-14 	14666902.412436	7510797.023997	7156105.388439
 15-19 	14758691.473412	7540759.291230	7217932.182182
 20-24 	15208474.783241	7716949.296385	7491525.486856
 25-29 	15084332.495737	7560117.522268	7524214.973469
 30-34 	14436555.480480	7132940.512569	7303614.967911
 35-39 	13457881.880515	6526706.007069	6931175.873445
 40-44 	12341409.814817	5943737.946566	6397671.868251
 45-49 	10679898.110755	5164540.312698	5515357.798057
 50-54 	8945602.270186	4399462.322750	4546139.947436
 55-59 	7837902.630463	3964533.331128	3873369.299335
 60-64 	5969481.695009	3048271.086405	2921210.608603
 65-69 	3958789.604902	2074553.550028	1884236.054874
 70-74 	2647414.220912	1387939.708139	1259474.512774
 75-79 	1811262.432939	903777.181485	907485.251454
 80+ 	1817830.824679	916017.211196	901813.613483
Total	172056266.181118	86345215.282906	85711050.898213
2024			
 0-4	13881815.103775	7102010.757148	6779804.346627
 5-9	14336528.387091	7340153.089514	6996375.297577
 10-14 	14631610.557928	7493443.812513	7138166.745416
 15-19 	14655020.870171	7489669.649035	7165351.221137
 20-24 	15076082.135838	7649323.376147	7426758.759691
 25-29 	15109504.382449	7576086.901075	7533417.481374
 30-34 	14551184.592206	7204379.115721	7346805.476485
 35-39 	13614663.338145	6618976.443685	6995686.894460
 40-44 	12548414.715344	6040016.401535	6508398.313809
 45-49 	10993594.318127	5305525.250596	5688069.067531
 50-54 	9234987.563598	4516243.951932	4718743.611666
 55-59 	7954281.142427	3997741.243221	3956539.899206
 60-64 	6275154.124880	3192188.104841	3082966.020038
 65-69 	4224402.023265	2194582.464958	2029819.558306
 70-74 	2748791.855696	1447649.685340	1301142.170356
 75-79 	1856474.276346	931165.099681	925309.176665
 80+ 	1888854.154518	946260.352956	942593.801562
Total	173581363.541803	87045415.699896	86535947.841906
2025			
 0-4	13737753.321569	7027386.842777	6710366.478792
 5-9	14247563.559309	7293519.462616	6954044.096692
 10-14 	14584618.215274	7469521.117403	7115097.097871
 15-19 	14588541.704374	7457923.336657	7130618.367717
 20-24 	14914823.636412	7566992.455370	7347831.181042
 25-29 	15112482.370899	7579532.446467	7532949.924431
 30-34 	14653391.088521	7268321.933714	7385069.154807
 35-39 	13764446.832048	6709481.098782	7054965.733266
 40-44 	12735564.179451	6129834.853102	6605729.326349
 45-49 	11295710.719643	5442144.050190	5853566.669454
 50-54 	9398045.249755	4564450.443751	4833594.806004
 55-59 	8188160.192234	4091933.201693	4096226.990541
 60-64 	6585487.352510	3340294.952137	3245192.400373
 65-69 	4512701.805040	2324155.781310	2188546.023729
 70-74 	2871423.367951	1514155.311849	1357268.056102
 75-79 	1908977.778463	964209.943004	944767.835459
 80+ 	1959244.595726	976599.100782	982645.494943
Total	175058935.969179	87720456.331605	87338479.637574
2026			
 0-4	13587228.155019	6949460.580163	6637767.574855
 5-9	14148889.262344	7241658.644082	6907230.618262
 10-14 	14526568.310711	7439533.367762	7087034.942948
 15-19 	14546573.427641	7438710.473477	7107862.954165
 20-24 	14742286.159452	7479157.505052	7263128.654400
 25-29 	15090503.753581	7569400.792801	7521102.960780
 30-34 	14735390.702769	7318928.276409	7416462.426360
 35-39 	13908361.517653	6799054.365314	7109307.152339
 40-44 	12909540.969833	6217340.357196	6692200.612637
 45-49 	11580105.176831	5571053.174534	6009052.002298
 50-54 	9743010.469471	4714304.936952	5028705.532519
 55-59 	8288318.455349	4109808.391024	4178510.064325
 60-64 	6850285.139960	3462914.961186	3387370.178775
 65-69 	4812632.801548	2460133.569134	2352499.232414
 70-74 	3018143.316624	1587524.421043	1430618.895581
 75-79 	1972564.665686	1004339.693214	968224.972472
 80+ 	2028487.842997	1007158.525163	1021329.317834
Total	176488890.127470	88370482.034506	88118408.092964
2027			
 0-4	13432093.937893	6869819.471495	6562274.466398
 5-9	14036694.107183	7182803.511804	6853890.595379
 10-14 	14460491.693895	7405162.357412	7055329.336483
 15-19 	14518315.409245	7426163.338173	7092152.071071
 20-24 	14579950.801183	7397035.700100	7182915.101083
 25-29 	15034051.523962	7541094.575293	7492956.948669
 30-34 	14800610.803409	7358809.402633	7441801.400776
 35-39 	14046919.929422	6885579.994197	7161339.935225
 40-44 	13072664.761540	6304348.083677	6768316.677863
 45-49 	11838376.493596	5688139.206177	6150237.287419
 50-54 	10044582.195083	4843521.992672	5201060.202411
 55-59 	8430597.919590	4147843.361560	4282754.558031
 60-64 	7120701.548193	3586983.963748	3533717.584444
 65-69 	5113432.537892	2597901.485126	2515531.052766
 70-74 	3196699.613676	1671777.970498	1524921.643178
 75-79 	2043239.480184	1048723.867938	994515.612246
 80+ 	2099614.559111	1039664.384183	1059950.174928
Total	177869037.315057	88995372.666688	88873664.648368
2028			
 0-4	13275379.198374	6789571.496001	6485807.702373
 5-9	13913145.338801	7118055.167262	6795090.171539
 10-14 	14386815.593407	7366702.405352	7020113.188054
 15-19 	14493875.731305	7415033.908571	7078841.822734
 20-24 	14441901.296378	7327893.078147	7114008.218230
 25-29 	14938908.789779	7492683.114262	7446225.675517
 30-34 	14847177.428307	7387253.016117	7459924.412190
 35-39 	14174515.413307	6966207.213565	7208308.199743
 40-44 	13230989.837427	6392739.105414	6838250.732013
 45-49 	12070903.510569	5794131.292154	6276772.218415
 50-54 	10358559.141253	4982282.427912	5376276.713341
 55-59 	8603665.142459	4200815.008547	4402850.133912
 60-64 	7352172.457989	3687830.644434	3664341.813555
 65-69 	5406929.656630	2733824.968628	2673104.688002
 70-74 	3409225.275005	1768659.201371	1640566.073635
 75-79 	2121948.317016	1096614.947216	1025333.369800
 80+ 	2174882.053619	1075457.250460	1099424.803159
Total	179200994.181626	89595754.245413	89605239.936213
2029			
 0-4	13118104.635093	6709016.825266	6409087.809827
 5-9	13780086.530468	7048499.457760	6731587.072708
 10-14 	14304999.467887	7323921.772015	6981077.695872
 15-19 	14459575.455867	7398234.084993	7061341.370874
 20-24 	14339590.753349	7277520.446661	7062070.306688
 25-29 	14808101.158471	7425927.854994	7382173.303477
 30-34 	14873494.244396	7403804.854248	7469689.390148
 35-39 	14289817.876570	7037864.248997	7251953.627573
 40-44 	13388256.001106	6485033.447569	6903222.553537
 45-49 	12278240.726288	5890611.426160	6387629.300128
 50-54 	10670000.011644	5122052.781906	5547947.229737
 55-59 	8889252.979043	4316047.009177	4573205.969866
 60-64 	7468593.686579	3721996.868593	3746596.817986
 65-69 	5696770.457438	2869581.393962	2827189.063476
 70-74 	3651197.487019	1877233.617646	1773963.869373
 75-79 	2212091.036832	1148375.188423	1063715.848409
 80+ 	2255799.049248	1115487.928903	1140311.120344
Total	180483971.557296	90171209.207274	90312762.350023
2030			
 0-4	12962343.154615	6629256.907825	6333086.246790
 5-9	13636344.308452	6973781.746497	6662562.561955
 10-14 	14216522.046913	7277522.911747	6938999.135166
 15-19 	14413559.018180	7374869.517348	7038689.500831
 20-24 	14274300.965874	7246403.135511	7027897.830363
 25-29 	14648504.176070	7344531.821888	7303972.354182
 30-34 	14877734.987617	7407936.013742	7469798.973874
 35-39 	14392818.993463	7102144.905555	7290674.087908
 40-44 	13538649.437567	6575663.900061	6962985.537505
 45-49 	12466109.347682	5980866.771181	6485242.576501
 50-54 	10970264.266439	5257711.887273	5712552.379166
 55-59 	9053929.277690	4366115.434593	4687813.843097
 60-64 	7698909.172127	3815100.201973	3883808.970154
 65-69 	5992008.951197	3009891.582313	2982117.368884
 70-74 	3913589.010662	1994526.422104	1919062.588558
 75-79 	2320208.276576	1205967.289796	1114240.986780
 80+ 	2342176.151838	1159805.089004	1182371.062834
Total	181717971.542960	90722095.538411	90995876.004550
2031			
 0-4	12810152.420947	6551460.784797	6258691.636150
 5-9	13486622.421938	6896486.563207	6590135.858731
 10-14 	14118326.558068	7225913.338704	6892413.219364
 15-19 	14356472.522453	7345447.910628	7011024.611825
 20-24 	14233412.104757	7227770.408600	7005641.696157
 25-29 	14477653.042008	7257664.191529	7219988.850479
 30-34 	14857139.230690	7398591.844853	7458547.385837
 35-39 	14475789.719501	7153254.454829	7322535.264672
 40-44 	13683306.377970	6665475.361603	7017831.016367
 45-49 	12641109.048420	6068986.846631	6572122.201788
 50-54 	11253339.030046	5386005.686485	5867333.343561
 55-59 	9393886.281891	4513699.198417	4880187.083474
 60-64 	7801513.326900	3835842.178772	3965671.148128
 65-69 	6245295.443461	3126961.255856	3118334.187606
 70-74 	4186650.446675	2117801.464912	2068848.981763
 75-79 	2448923.679545	1269568.580802	1179355.098743
 80+ 	2435733.287520	1209179.128691	1226554.158829
Total	182905324.942791	91250109.199318	91655215.743473
2032			
 0-4	12663214.416500	6476417.742842	6186796.673657
 5-9	13333198.437645	6817795.659508	6515402.778137
 10-14 	14006860.082834	7167351.943974	6839508.138860
 15-19 	14291338.328495	7311643.391025	6979694.937471
 20-24 	14206174.152175	7215789.026711	6990385.125464
 25-29 	14316958.664251	7176495.971918	7140462.692333
 30-34 	14802203.086462	7371173.737584	7431029.348878
 35-39 	14542120.886974	7193770.129428	7348350.757546
 40-44 	13822716.442224	6752358.208781	7070358.233443
 45-49 	12805461.797988	6156714.075133	6648747.722855
 50-54 	11511062.135758	5502887.470521	6008174.665237
 55-59 	9692424.711089	4641777.909695	5050646.801394
 60-64 	7945632.753463	3876524.544903	4069108.208560
 65-69 	6504764.285489	3245919.037866	3258845.247622
 70-74 	4461070.140156	2243092.284452	2217977.855704
 75-79 	2604609.404746	1342404.943841	1262204.460906
 80+ 	2535304.619000	1262535.627579	1272768.991422
Total	184045114.345249	91754651.705761	92290462.639488
2033			
 0-4	12523460.202750	6405034.318651	6118425.884098
 5-9	13177900.401907	6738566.243669	6439334.158239
 10-14 	13884005.178140	7102939.860948	6781065.317192
 15-19 	14218582.585772	7273745.345459	6944837.240314
 20-24 	14182724.586181	7205225.591009	6977498.995171
 25-29 	14180454.241101	7108259.974858	7072194.266243
 30-34 	14708698.263932	7323731.498639	7384966.765292
 35-39 	14589917.642415	7222956.128078	7366961.514337
 40-44 	13951289.715802	6833458.865379	7117830.850423
 45-49 	12965121.694892	6245876.942890	6719244.752002
 50-54 	11743800.270559	5609025.777182	6134774.493376
 55-59 	10003175.749602	4779159.266725	5224016.482877
 60-64 	8119308.462168	3931504.202622	4187804.259546
 65-69 	6728568.727443	3343721.886298	3384846.841145
 70-74 	4729884.024960	2367267.465537	2362616.559423
 75-79 	2789108.780882	1425911.719290	1363197.061592
 80+ 	2642778.944819	1319996.240287	1322782.704532
Total	185138779.473324	92236381.327521	92902398.145803
2034			
 0-4	12390845.472563	6337212.208828	6053633.263735
 5-9	13023234.342414	6659898.401439	6363335.940975
 10-14 	13751741.151784	7033874.372977	6717866.778807
 15-19 	14137668.454637	7231518.332676	6906150.121961
 20-24 	14149415.438138	7189002.219689	6960413.218449
 25-29 	14079537.524528	7058714.099261	7020823.425267
 30-34 	14579618.740177	7258003.036159	7321615.704018
 35-39 	14617561.050174	7240328.462394	7377232.587779
 40-44 	14067672.304041	6905695.572117	7161976.731925
 45-49 	13123737.127035	6338931.698537	6784805.428497
 50-54 	11951868.007783	5705924.175120	6245943.832663
 55-59 	10311625.843360	4917596.408537	5394029.434823
 60-64 	8399075.763004	4044760.653117	4354315.109886
 65-69 	6845648.305621	3380067.109869	3465581.195752
 70-74 	4996691.641152	2491920.664177	2504770.976976
 75-79 	2998746.100781	1519355.927114	1479390.173668
 80+ 	2761900.752099	1382526.160585	1379374.591514
Total	186186588.019290	92695329.502596	93491258.516695
2035			
 0-4	12265648.767710	6273071.626070	5992577.141640
 5-9	12871056.656154	6582532.325723	6288524.330431
 10-14 	13608861.474913	6959740.300820	6649121.174093
 15-19 	14050081.334122	7185664.842470	6864416.491652
 20-24 	14104381.166114	7166215.691123	6938165.474990
 25-29 	14015474.774635	7028330.437878	6987144.336756
 30-34 	14421801.935313	7177668.156126	7244133.779187
 35-39 	14623204.821487	7245336.606657	7377868.214829
 40-44 	14171812.022803	6970606.452334	7201205.570469
 45-49 	13275521.198125	6430345.513243	6845175.684882
 50-54 	12140846.241054	5796772.704195	6344073.536859
 55-59 	10609363.252573	5052126.650602	5557236.601971
 60-64 	8566366.532298	4097899.984576	4468466.547722
 65-69 	7070383.895667	3471686.553017	3598697.342650
 70-74 	5269933.077004	2621398.645910	2648534.431094
 75-79 	3226130.138625	1620347.716046	1605782.422579
 80+ 	2898102.355866	1451958.808282	1446143.547585
Total	187188969.644462	93131703.015073	94057266.629389
2036			
 0-4	12147802.578701	6212612.867128	5935189.711573
 5-9	12722728.609222	6507012.168847	6215716.440376
 10-14 	13459982.345526	6883007.071947	6576975.273579
 15-19 	13952774.836364	7134594.304814	6818180.531550
 20-24 	14048265.194514	7137368.805933	6910896.388581
 25-29 	13975682.741478	7010357.961321	6965324.780157
 30-34 	14252719.333398	7091859.606499	7160859.726899
 35-39 	14604085.629926	7236916.018938	7367169.610988
 40-44 	14256027.406390	7022432.234040	7233595.172350
 45-49 	13421606.724723	6520964.351185	6900642.373538
 50-54 	12317209.980022	5885585.885756	6431624.094266
 55-59 	10890516.167430	5179601.433435	5710914.733996
 60-64 	8898454.333833	4242063.803211	4656390.530622
 65-69 	7175675.114635	3496065.776149	3679609.338486
 70-74 	5505745.777587	2730185.593046	2775560.184541
 75-79 	3463195.564988	1726663.917802	1736531.647186
 80+ 	3055184.616761	1529344.987865	1525839.628896
Total	188147656.955499	93546636.787917	94601020.167583
2037			
 0-4	12036333.096812	6155408.717410	5880924.379402
 5-9	12580509.341575	6434403.428803	6146105.912771
 10-14 	13307388.741948	6804840.202774	6502548.539174
 15-19 	13842214.206097	7076575.080876	6765639.125221
 20-24 	13984083.198826	7104128.255776	6879954.943050
 25-29 	13949445.646087	6998981.071349	6950464.574738
 30-34 	14093707.693040	7011708.266540	7081999.426500
 35-39 	14550736.121816	7210484.296944	7340251.824872
 40-44 	14323671.875079	7063718.135396	7259953.739684
 45-49 	13562455.509454	6608688.210598	6953767.298856
 50-54 	12483078.482612	5974046.883782	6509031.598831
 55-59 	11147089.557485	5296101.124556	5850988.432929
 60-64 	9192087.678158	4368348.968774	4823738.709384
 65-69 	7320798.987457	3539460.509207	3781338.478249
 70-74 	5748467.631936	2841298.529434	2907169.102502
 75-79 	3702366.468264	1835135.474876	1867230.993388
 80+ 	3236606.044184	1616240.920137	1620365.124048
Total	189061040.280830	93939568.077232	95121472.203597
2038			
 0-4	11930664.208914	6101239.834048	5829424.374866
 5-9	12444979.408104	6364997.931231	6079981.476873
 10-14 	13152936.396340	6726101.617150	6426834.779190
 15-19 	13720277.082787	7012706.068870	6707571.013917
 20-24 	13912268.609333	7066784.345542	6845484.263791
 25-29 	13926943.890157	6988991.605357	6937952.284800
 30-34 	13958758.727781	6944421.059097	7014337.668684
 35-39 	14458946.026115	7164102.562597	7294843.463517
 40-44 	14372873.244831	7093743.989407	7279129.255424
 45-49 	13692549.388678	6690705.106376	7001844.282302
 50-54 	12644311.477233	6063954.827213	6580356.650020
 55-59 	11379410.805206	5402284.140354	5977126.664852
 60-64 	9497474.660705	4503539.011472	4993935.649233
 65-69 	7493680.137188	3596172.037473	3897508.099715
 70-74 	5959575.139991	2933716.837805	3025858.302186
 75-79 	3938064.413601	1943277.501128	1994786.912473
 80+ 	3444306.370866	1713625.579242	1730680.791624
Total	189928019.987830	94310364.054363	95617655.933467
2039			
 0-4	11828736.968178	6049090.984047	5779645.984131
 5-9	12316643.216160	6299121.398112	6017521.818048
 10-14 	12999131.216966	6647903.395412	6351227.821555
 15-19 	13588935.879258	6944182.285602	6644753.593656
 20-24 	13832299.856543	7025110.668497	6807189.188046
 25-29 	13894590.295973	6973342.903952	6921247.392021
 30-34 	13859239.331387	6895733.108125	6963506.223262
 35-39 	14331705.418120	7099505.751080	7232199.667040
 40-44 	14402032.833683	7112039.405710	7289993.427973
 45-49 	13810561.853162	6763978.510282	7046583.342880
 50-54 	12804471.107270	6157717.302453	6646753.804817
 55-59 	11587733.273244	5499602.707000	6088130.566244
 60-64 	9800797.839992	4639843.036386	5160954.803606
 65-69 	7764800.171756	3706443.234812	4058356.936944
 70-74 	6074022.530867	2970825.605610	3103196.925257
 75-79 	4173648.842109	2052563.511162	2121085.330947
 80+ 	3677215.264951	1821328.916098	1855886.348853
Total	190746565.899619	94658332.724341	96088233.175278
2040			
 0-4	11729734.814597	5998540.710092	5731194.104505
 5-9	12195593.158999	6236908.868311	5958684.290687
 10-14 	12847798.758391	6570987.668557	6276811.089834
 15-19 	13446980.506266	6870587.335316	6576393.170951
 20-24 	13745669.192766	6979815.341731	6765853.851036
 25-29 	13850537.051728	6951138.272322	6899398.779406
 30-34 	13796418.618211	6866111.377913	6930307.240299
 35-39 	14175824.413080	7020356.600257	7155467.812823
 40-44 	14409303.555553	7118050.118760	7291253.436793
 45-49 	13916420.624259	6830013.768294	7086406.855965
 50-54 	12957855.636636	6249889.848681	6707965.787955
 55-59 	11777472.615361	5591140.248413	6186332.366948
 60-64 	10093997.482922	4772549.271303	5321448.211619
 65-69 	7933409.109869	3762380.535611	4171028.574257
 70-74 	6288830.657200	3059132.190771	3229698.466429
 75-79 	4416580.402795	2166820.577929	2249759.824866
 80+ 	3932811.321723	1938516.512426	1994294.809297
Total	191515237.920356	94982939.246686	96532298.673669
2041			
 0-4	11633106.067298	5949286.098460	5683819.968839
 5-9	12081674.499538	6178366.205770	5903308.293768
 10-14 	12700273.724494	6495899.569726	6204374.154768
 15-19 	13299017.652538	6794387.066569	6504630.585969
 20-24 	13649335.838274	6929310.186758	6720025.651516
 25-29 	13795428.227372	6922881.674009	6872546.553364
 30-34 	13757765.099554	6848832.741436	6908932.358117
 35-39 	14008706.803979	6935748.081532	7072958.722447
 40-44 	14391923.216228	7110708.198676	7281215.017552
 45-49 	14002525.599546	6883114.052080	7119411.547466
 50-54 	13105603.552742	6341318.881953	6764284.670788
 55-59 	11954953.162137	5680801.208429	6274151.953707
 60-64 	10371459.807109	4898678.442638	5472781.364472
 65-69 	8254073.303319	3901740.622806	4352332.680512
 70-74 	6395512.049176	3087021.255435	3308490.793741
 75-79 	4627954.975475	2263717.775554	2364237.199921
 80+ 	4207242.431063	2064015.553498	2143226.877565
Total	192236556.009841	95285827.615328	96950728.394513
2042			
 0-4	11539363.564192	5901558.485369	5637805.078822
 5-9	11973071.820839	6122636.365145	5850435.455694
 10-14 	12558797.776262	6423706.013045	6135091.763216
 15-19 	13147325.538944	6716744.448172	6430581.090772
 20-24 	13539768.252555	6871865.213023	6667903.039532
 25-29 	13732272.391894	6890238.423430	6842033.968463
 30-34 	13732606.668727	6838105.633494	6894501.035233
 35-39 	13851593.896100	6856756.163905	6994837.732195
 40-44 	14340462.240424	7085449.197296	7255013.043127
 45-49 	14071953.284871	6925554.028001	7146399.256870
 50-54 	13248098.574150	6429861.462673	6818237.111477
 55-59 	12122174.446836	5770177.226405	6351997.220431
 60-64 	10625485.806722	5014478.831431	5611006.975291
 65-69 	8539872.230312	4025142.526159	4514729.704153
 70-74 	6540450.216385	3133180.797214	3407269.419171
 75-79 	4846840.990325	2363401.516372	2483439.473953
 80+ 	4497510.878398	2196637.772385	2300873.106013
Total	192907648.577936	95565494.103520	97342154.474415
2043			
 0-4	11448059.698029	5855102.158458	5592957.539571
 5-9	11869543.729759	6069629.324469	5799914.405289
 10-14 	12423958.941470	6354698.381151	6069260.560319
 15-19 	12993753.204748	6638518.170747	6355235.034001
 20-24 	13418833.635247	6808576.610302	6610257.024945
 25-29 	13661494.098418	6853495.547763	6807998.550655
 30-34 	13711153.219177	6828742.813149	6882410.406028
 35-39 	13718417.961556	6790554.367037	6927863.594519
 40-44 	14250718.770623	7040333.651841	7210385.118782
 45-49 	14122966.077862	6956733.538328	7166232.539534
 50-54 	13379952.431827	6512786.755682	6867165.676146
 55-59 	12284875.253519	5861015.868427	6423859.385092
 60-64 	10856380.134497	5120576.093014	5735804.041483
 65-69 	8836910.581706	4157006.435147	4679904.146559
 70-74 	6710872.481452	3191524.706628	3519347.774823
 75-79 	5039459.804085	2447666.387255	2591793.416830
 80+ 	4801630.770800	2335510.576037	2466120.194764
Total	193528980.794776	95822471.385434	97706509.409341
2044			
 0-4	11357910.629332	5809244.315174	5548666.314158
 5-9	11770007.178308	6018791.082326	5751216.095982
 10-14 	12296276.715717	6289203.440857	6007073.274860
 15-19 	12840803.077394	6560818.605034	6279984.472360
 20-24 	13288493.450642	6740632.859398	6547860.591244
 25-29 	13582561.282488	6812424.889589	6770136.392898
 30-34 	13679862.967612	6813730.805201	6866132.162411
 35-39 	13620495.026325	6742848.146177	6877646.880148
 40-44 	14125670.577011	6977088.630654	7148581.946358
 45-49 	14154095.163911	6976298.361337	7177796.802573
 50-54 	13499910.581303	6587148.975961	6912761.605343
 55-59 	12446514.320032	5955655.334065	6490858.985966
 60-64 	11064332.302940	5218335.239254	5845997.063686
 65-69 	9132298.101728	4290117.470609	4842180.631119
 70-74 	6968079.998123	3296787.976104	3671292.022020
 75-79 	5149555.550061	2485169.072486	2664386.477575
 80+ 	5122792.098776	2482188.665952	2640603.432824
Total	194099659.021703	96056483.870177	98043175.151526
2045			
 0-4	11268610.043170	5763822.755183	5504787.287987
 5-9	11673562.048067	5969645.933703	5703916.114364
 10-14 	12175861.376079	6227366.002764	5948495.373314
 15-19 	12690291.244537	6484388.414580	6205902.829957
 20-24 	13147519.431110	6667603.241483	6479916.189627
 25-29 	13496962.208371	6767728.189229	6729234.019143
 30-34 	13636892.543549	6792182.265377	6844710.278172
 35-39 	13559073.438472	6714096.041975	6844977.396497
 40-44 	13972101.596852	6899361.784529	7072739.812323
 45-49 	14163487.656352	6983686.237957	7179801.418395
 50-54 	13607858.096101	6654391.950657	6953466.145444
 55-59 	12601533.356564	6048783.341024	6552750.015540
 60-64 	11254542.212098	5310697.084603	5943845.127495
 65-69 	9418453.957075	4420079.297656	4998374.659419
 70-74 	7137584.920226	3356144.665810	3781440.254416
 75-79 	5348425.800036	2567655.109202	2780770.690834
 80+ 	5466381.362445	2639699.351695	2826682.010751
Total	194619141.291103	96267331.667427	98351809.623676
2046			
 0-4	11179786.348774	5718643.189752	5461143.159022
 5-9	11579712.894457	5921912.635240	5657800.259216
 10-14 	12062485.767683	6169150.827861	5893334.939822
 15-19 	12543300.046185	6409610.831946	6133689.214239
 20-24 	13000183.452257	6591690.376750	6408493.075507
 25-29 	13401405.482048	6717600.257382	6683805.224666
 30-34 	13582637.315956	6764418.066955	6818219.249001
 35-39 	13521468.741608	6697468.542309	6824000.199299
 40-44 	13807173.063900	6816103.271347	6991069.792553
 45-49 	14148225.886045	6977735.366017	7170490.520028
 50-54 	13696217.829461	6708864.492086	6987353.337376
 55-59 	12750978.493083	6141184.848692	6609793.644391
 60-64 	11433036.754828	5401370.399901	6031666.354928
 65-69 	9690017.464666	4544071.303062	5145946.161604
 70-74 	7440359.743644	3488073.259315	3952286.484328
 75-79 	5453697.988283	2598395.646367	2855302.341916
 80+ 	5797099.817647	2788857.561688	3008242.255959
Total	195087787.090524	96455150.876670	98632636.213853
2047			
 0-4	11091996.767855	5673982.716011	5418014.051844
 5-9	11488066.645907	5875356.936387	5612709.709520
 10-14 	11954417.293712	6113744.036348	5840673.257363
 15-19 	12402378.028343	6337745.715949	6064632.312394
 20-24 	12849089.514516	6514336.991972	6334752.522544
 25-29 	13292591.314550	6660512.068435	6632079.246114
 30-34 	13520346.692822	6732273.041085	6788073.651738
 35-39 	13497240.056302	6687323.221888	6809916.834414
 40-44 	13652165.784274	6738409.672955	6913756.111319
 45-49 	14099105.779195	6953999.847336	7145105.931858
 50-54 	13768320.256839	6753060.079119	7015260.177720
 55-59 	12895346.272917	6230855.631058	6664490.641860
 60-64 	11601727.255746	5491873.252544	6109854.003202
 65-69 	9939787.151113	4658608.965979	5281178.185134
 70-74 	7713595.129441	3606836.826638	4106758.302803
 75-79 	5593815.070123	2645773.526897	2948041.543226
 80+ 	6146131.208687	2945859.795062	3200271.413625
Total	195506120.222341	96620552.325662	98885567.896679
2048			
 0-4	11005427.624629	5629929.356530	5375498.268099
 5-9	11398099.338010	5829686.920838	5568412.417172
 10-14 	11851395.636745	6061042.279405	5790353.357340
 15-19 	12268114.769884	6269076.645598	5999038.124286
 20-24 	12696119.256450	6436422.373665	6259696.882785
 25-29 	13172369.297906	6597558.694719	6574810.603187
 30-34 	13450435.101279	6696021.836227	6754413.265052
 35-39 	13476649.652262	6678500.906692	6798148.745570
 40-44 	13520923.517302	6673401.871830	6847521.645473
 45-49 	14011948.402473	6910543.223854	7101405.178619
 50-54 	13822330.362793	6786266.027687	7036064.335106
 55-59 	13029347.754161	6315101.852001	6714245.902160
 60-64 	11766171.409806	5583884.612226	6182286.797580
 65-69 	10168078.703587	4764296.184815	5403782.518772
 70-74 	7997346.399606	3733447.316453	4263899.083154
 75-79 	5756416.264386	2703848.408346	3052567.856040
 80+ 	6484310.515002	3095418.054433	3388892.460569
Total	195875484.006283	96764446.565318	99111037.440965
2049			
 0-4	10919641.857322	5586256.656263	5333385.201059
 5-9	11309462.152991	5784702.410372	5524759.742619
 10-14 	11752380.999490	6010510.950142	5741870.049348
 15-19 	12141315.557157	6204096.955129	5937218.602028
 20-24 	12544193.070418	6359383.067132	6184810.003285
 25-29 	13042959.708342	6530180.005302	6512779.703040
 30-34 	13372620.372881	6655610.947216	6717009.425664
 35-39 	13446464.425788	6664183.525982	6782280.899805
 40-44 	13424848.172822	6626835.314476	6798012.858346
 45-49 	13889902.082774	6849177.130818	7040724.951956
 50-54 	13856804.124975	6808084.733342	7048719.391633
 55-59 	13151823.581464	6391073.692153	6760749.889311
 60-64 	11929781.791770	5679710.123707	6250071.668063
 65-69 	10375143.102361	4862459.671516	5512683.430846
 70-74 	8280132.498932	3861521.622506	4418610.876426
 75-79 	5992906.822867	2801417.515190	3191489.307677
 80+ 	6767242.955166	3213085.531188	3554157.423978
Total	196197623.277521	96888289.852436	99309333.425085
2050			
 0-4	10832619.918448	5541922.078610	5290697.839838
 5-9	11222338.436306	5740492.024613	5481846.411694
 10-14 	11656596.341976	5961742.202108	5694854.139868
 15-19 	12022437.545858	6143175.270546	5879262.275312
 20-24 	12395675.718307	6284365.868822	6111309.849485
 25-29 	12903630.236980	6458370.251674	6445259.985306
 30-34 	13288767.567249	6612039.779267	6676727.787982
 35-39 	13405222.447216	6643735.009135	6761487.438081
 40-44 	13365459.900919	6599333.649794	6766126.251125
 45-49 	13739957.211663	6773660.741321	6966296.470342
 50-54 	13869493.685635	6817639.324338	7051854.361297
 55-59 	13261691.428573	6459526.134430	6802165.294143
 60-64 	12085571.782667	5773188.900351	6312382.882316
 65-69 	10563639.461753	4954506.961469	5609132.500285
 70-74 	8551826.524107	3985254.467718	4566572.056389
 75-79 	6154568.687271	2860362.489426	3294206.197845
 80+ 	7135298.743176	3373215.363762	3762083.379414
Total	196454795.638102	96982530.517382	99472265.120720
